0.1606
0.4798
0.40091
0.044068
0.05348
0.16059
0.036341
0.13113
0.067931
0.16347
0.09084
0.14835
0.009374
0.073747
0.086994
0.11902
0.1189
0.08067
0.043192
0.021759
0.0385
0.12202
0.053182
0.04483
0.13304
0.012473
0.23226
0.029045
0.024213
0.02607
0.060378
0.063939
0.12904
0.12887
-0.27343
-0.30385
-0.29746
-0.28345
-0.30203
-0.25033
-0.26967
-0.23833
-0.21762
-0.40461
-0.67392
-0.57943
-0.48637
-0.39446
-0.29956
-0.28156
0.0091605
0.48661
0.067507
0.15775
0.084345
0.0085314
0.059285
0.060434
0.029104
0.02744
0.02616
0.090694
0.23934
0.067427
0.36201
0.00044796
0.19078
