OR: 4.54567 0.0772792 3.04836 7.51968e-38 16
4.39567 -0.0727208
4.39567 0.0272792
4.39567 0.127279
4.39567 0.227279
4.49567 -0.0727208
4.49567 0.0272792
4.49567 0.127279
4.49567 0.227279
4.59567 -0.0727208
4.59567 0.0272792
4.59567 0.127279
4.59567 0.227279
4.69567 -0.0727208
4.69567 0.0272792
4.69567 0.127279
4.69567 0.227279
CR: 3.35791 4.05603 0.00363794 0.5 16
3.20791 3.90603
3.20791 4.00603
3.20791 4.10603
3.20791 4.20603
3.30791 3.90603
3.30791 4.00603
3.30791 4.10603
3.30791 4.20603
3.40791 3.90603
3.40791 4.00603
3.40791 4.10603
3.40791 4.20603
3.50791 3.90603
3.50791 4.00603
3.50791 4.10603
3.50791 4.20603
livingroom: 4.03017 4.89579 1.5708 1 285
1.6 1.4
1.6 1.5
1.6 1.6
1.6 1.7
1.6 1.8
1.6 1.9
1.6 2
1.6 2.1
1.6 2.2
1.6 2.3
1.6 2.4
1.6 2.5
1.6 2.6
1.6 2.7
1.6 2.8
1.6 2.9
1.6 3
1.6 3.1
1.6 3.2
1.6 3.3
1.6 3.4
1.6 3.5
1.6 3.6
1.6 3.7
1.6 3.8
1.6 3.9
1.6 4
1.6 6.8
1.6 6.9
1.6 7
1.6 7.1
1.6 7.2
1.6 7.3
1.6 7.4
1.6 7.5
1.6 7.6
1.7 1.4
1.7 1.5
1.7 1.6
1.7 1.7
1.7 1.8
1.7 1.9
1.7 2
1.7 2.1
1.7 2.2
1.7 2.3
1.7 2.4
1.7 2.5
1.7 2.6
1.7 2.7
1.7 2.8
1.7 2.9
1.7 3
1.7 3.1
1.7 3.2
1.7 3.3
1.7 3.4
1.7 3.5
1.7 3.6
1.7 3.7
1.7 3.8
1.7 3.9
1.7 4
1.7 4.1
1.7 4.2
1.7 4.3
1.7 4.4
1.7 4.5
1.7 4.6
1.7 4.7
1.7 4.8
1.7 4.9
1.7 5
1.7 5.1
1.7 5.2
1.7 5.3
1.7 5.4
1.7 5.5
1.7 5.6
1.7 5.7
1.7 5.8
1.7 5.9
1.7 6
1.7 6.1
1.7 6.2
1.7 6.3
1.7 6.4
1.7 6.5
1.7 6.6
1.7 6.7
1.7 6.8
1.7 6.9
1.7 7
1.7 7.1
1.7 7.2
1.7 7.3
1.7 7.4
1.7 7.5
1.7 7.6
1.7 7.7
1.8 1.4
1.8 7.6
1.8 7.7
1.9 1.4
1.9 7.6
1.9 7.7
2 1.4
2 7.6
2 7.7
2.1 7.6
2.1 7.7
2.2 7.6
2.2 7.7
2.3 7.6
2.3 7.7
2.4 7.6
2.4 7.7
2.5 7.6
2.5 7.7
2.6 7.6
2.6 7.7
2.7 7.6
2.7 7.7
2.8 7.6
2.8 7.7
2.9 7.6
2.9 7.7
3 7.6
3 7.7
3.1 7.6
3.1 7.7
3.2 7.6
3.2 7.7
3.3 1.4
3.3 7.6
3.3 7.7
3.4 1.4
3.4 7.6
3.5 1.4
3.5 7.6
3.6 1.4
3.6 7.6
3.7 1.4
3.7 7.6
3.8 1.4
3.8 7.6
3.9 1.4
3.9 7.6
4 1.4
4 7.6
4.1 1.4
4.1 7.6
4.2 1.4
4.2 7.6
4.3 1.4
4.3 7.6
4.4 1.4
4.4 7.6
4.5 1.4
4.5 7.6
4.6 1.4
4.6 7.6
4.7 1.4
4.7 7.6
4.8 1.4
4.8 7.6
4.9 1.4
4.9 7.6
5 1.4
5 7.6
5 7.7
5.1 1.4
5.1 7.6
5.1 7.7
5.2 1.4
5.2 7.6
5.2 7.7
5.3 1.4
5.3 7.6
5.3 7.7
5.4 1.4
5.4 7.6
5.4 7.7
5.5 1.4
5.5 7.6
5.5 7.7
5.6 1.4
5.6 7.6
5.6 7.7
5.7 1.4
5.7 7.6
5.7 7.7
5.8 1.4
5.8 7.6
5.8 7.7
5.9 1.4
5.9 7.6
5.9 7.7
6 1.4
6 7.6
6 7.7
6.1 1.4
6.1 7.6
6.1 7.7
6.2 1.4
6.2 7.6
6.2 7.7
6.3 1.4
6.3 7.7
6.4 1.4
6.4 7.7
6.5 1.4
6.5 7.7
6.6 1.4
6.6 7.7
6.7 1.4
6.7 7.7
6.8 1.4
6.8 7.7
6.9 1.4
6.9 7.7
7 1.4
7 1.5
7 1.6
7 1.7
7 1.8
7 1.9
7 2
7 2.1
7 2.2
7 2.3
7 2.4
7 2.5
7 2.6
7 2.7
7 2.8
7 2.9
7 3
7 3.1
7 3.2
7 3.3
7 3.4
7 3.5
7 3.6
7 3.7
7 3.8
7 3.9
7 4
7 4.1
7 4.2
7 4.3
7 4.4
7 4.5
7 4.6
7 4.7
7 4.8
7 4.9
7 5
7 5.1
7 5.2
7 5.3
7 5.4
7 5.5
7 5.6
7 5.7
7 5.8
7 5.9
7 6
7 6.1
7 6.2
7 6.3
7 6.4
7 6.5
7 6.6
7 6.7
7 6.8
7 6.9
7 7
7 7.1
7 7.2
7 7.3
7 7.4
7 7.5
7 7.6
7 7.7
bedroom: 2.61099 -4.24704 4.7124 1 355
-2 -7.9
-2 -7.8
-2 -7.7
-2 -7.6
-2 -7.5
-2 -7.4
-2 -7.3
-2 -7.2
-2 -7.1
-2 -7
-2 -6.9
-2 -6.8
-2 -6.7
-2 -6.6
-2 -6.5
-2 -6.4
-2 -6.3
-2 -6.2
-2 -6.1
-2 -6
-2 -5.9
-2 -5.8
-2 -5.7
-2 -5.6
-2 -5.5
-2 -5.4
-2 -3.7
-2 -3.6
-2 -3.5
-2 -3.4
-2 -3.3
-1.9 -7.9
-1.9 -7.2
-1.9 -7.1
-1.9 -7
-1.9 -6.9
-1.9 -6.8
-1.9 -6.7
-1.9 -6.6
-1.9 -6.5
-1.9 -6.4
-1.9 -6.3
-1.9 -6.2
-1.9 -6.1
-1.9 -6
-1.9 -5.9
-1.9 -5.8
-1.9 -5.7
-1.9 -5.6
-1.9 -5.5
-1.9 -5.4
-1.9 -5.3
-1.9 -5.2
-1.9 -5.1
-1.9 -5
-1.9 -4.9
-1.9 -4.8
-1.9 -4.7
-1.9 -4.6
-1.9 -4.5
-1.9 -4.4
-1.9 -4.3
-1.9 -4.2
-1.9 -4.1
-1.9 -4
-1.9 -3.9
-1.9 -3.8
-1.9 -3.7
-1.9 -3.6
-1.9 -3.5
-1.9 -3.4
-1.9 -3.3
-1.9 -3.2
-1.9 -3.1
-1.9 -3
-1.9 -2.9
-1.9 -2.8
-1.9 -2.7
-1.9 -2.6
-1.9 -2.5
-1.9 -2.4
-1.9 -2.3
-1.9 -2.2
-1.9 -2.1
-1.9 -2
-1.9 -1.9
-1.9 -1.8
-1.9 -1.7
-1.9 -1.6
-1.9 -1.5
-1.8 -7.9
-1.8 -1.6
-1.8 -1.5
-1.7 -7.9
-1.7 -1.6
-1.7 -1.5
-1.6 -7.9
-1.6 -1.6
-1.6 -1.5
-1.5 -7.9
-1.5 -1.6
-1.5 -1.5
-1.4 -7.9
-1.4 -1.6
-1.4 -1.5
-1.3 -7.9
-1.3 -1.6
-1.3 -1.5
-1.2 -7.9
-1.2 -1.6
-1.2 -1.5
-1.1 -7.9
-1.1 -1.6
-1.1 -1.5
-1 -7.9
-1 -1.6
-0.9 -7.9
-0.9 -1.6
-0.8 -7.9
-0.8 -1.6
-0.7 -7.9
-0.7 -1.6
-0.6 -7.9
-0.6 -1.6
-0.5 -7.9
-0.5 -1.6
-0.4 -7.9
-0.4 -1.6
-0.3 -7.9
-0.3 -1.6
-0.2 -7.9
-0.2 -1.6
-0.1 -7.9
-0.1 -1.6
0 -7.9
0 -1.6
0.1 -7.9
0.1 -1.6
0.2 -7.9
0.2 -1.6
0.3 -7.9
0.3 -1.6
0.4 -7.9
0.4 -1.6
0.5 -7.9
0.5 -1.6
0.6 -7.9
0.6 -1.6
0.7 -7.9
0.7 -1.6
0.8 -7.9
0.8 -1.6
0.9 -7.9
0.9 -1.6
1 -7.9
1 -1.6
1.1 -1.6
1.2 -1.6
1.3 -1.6
1.4 -1.6
1.5 -1.6
1.6 -1.6
1.7 -1.6
1.8 -1.6
1.9 -1.6
2 -1.6
2.1 -1.6
2.1 -1.5
2.8 -7.9
2.9 -7.9
3 -7.9
3.1 -7.9
3.2 -7.9
3.2 -1.6
3.3 -7.9
3.3 -1.6
3.4 -7.9
3.4 -1.6
3.5 -7.9
3.5 -1.6
3.6 -7.9
3.6 -1.6
3.7 -7.9
3.7 -1.6
3.8 -7.9
3.8 -1.6
3.9 -7.9
3.9 -1.6
4 -7.9
4 -1.6
4.1 -7.9
4.1 -1.6
4.2 -7.9
4.2 -1.6
4.3 -7.9
4.3 -1.6
4.4 -7.9
4.4 -1.6
4.5 -7.9
4.5 -1.6
4.6 -7.9
4.6 -1.6
4.7 -7.9
4.7 -1.6
4.8 -7.9
4.8 -1.6
4.9 -7.9
4.9 -1.6
5 -7.9
5 -1.6
5 -1.4
5.1 -7.9
5.1 -1.6
5.1 -1.4
5.1 -1.3
5.2 -7.9
5.2 -1.6
5.2 -1.3
5.3 -7.9
5.3 -1.6
5.3 -1.3
5.4 -7.9
5.4 -1.6
5.4 -1.3
5.5 -7.9
5.5 -1.6
5.5 -1.3
5.6 -7.9
5.6 -1.6
5.6 -1.3
5.7 -7.9
5.7 -1.6
5.7 -1.3
5.8 -7.9
5.8 -1.6
5.8 -1.3
5.9 -7.9
5.9 -1.6
5.9 -1.3
6 -7.9
6 -1.6
6 -1.3
6 -1.2
6.1 -7.9
6.1 -1.6
6.1 -1.2
6.2 -7.9
6.2 -1.6
6.2 -1.2
6.3 -7.9
6.3 -1.6
6.3 -1.2
6.4 -7.9
6.4 -1.6
6.4 -1.2
6.5 -7.9
6.5 -1.6
6.5 -1.2
6.6 -7.9
6.6 -1.6
6.6 -1.3
6.6 -1.2
6.7 -7.9
6.7 -2.3
6.7 -2.2
6.7 -2.1
6.7 -2
6.7 -1.9
6.7 -1.8
6.7 -1.7
6.7 -1.6
6.7 -1.5
6.7 -1.4
6.7 -1.3
6.8 -7.9
6.8 -3.2
6.8 -3.1
6.8 -3
6.8 -2.9
6.8 -2.8
6.8 -2.7
6.8 -2.6
6.8 -2.5
6.8 -2.4
6.8 -2.3
6.8 -1.6
6.9 -7.9
6.9 -4.2
6.9 -4.1
6.9 -4
6.9 -3.9
6.9 -3.8
6.9 -3.7
6.9 -3.6
6.9 -3.5
6.9 -3.4
6.9 -3.3
6.9 -3.2
6.9 -1.6
7 -7.9
7 -7.8
7 -7.7
7 -7.6
7 -7.5
7 -7.4
7 -7.3
7 -7.2
7 -7.1
7 -7
7 -6.9
7 -6.8
7 -6.7
7 -6.6
7 -6.5
7 -6.4
7 -6.3
7 -6.2
7 -6
7 -5.9
7 -5.8
7 -5.7
7 -5.6
7 -5.5
7 -5.4
7 -4.6
7 -4.5
7 -4.4
7 -4.3
7 -4.2
7 -2.8
7 -2.7
7 -2.6
7 -2.5
7 -2.4
7 -2.3
7 -2.2
7 -2.1
7 -2
7 -1.9
7 -1.8
7 -1.7
7 -1.6
7.1 -2.8
7.1 -2.7
7.1 -2.6
7.1 -2.5
7.1 -2.4
7.1 -2.3
7.1 -2.2
7.1 -2.1
7.1 -2
7.1 -1.9
7.1 -1.8
7.1 -1.7
7.1 -1.6
hallway: 1.39023 -0.0949217 0 1 256
-5.2 -1.5
-5.2 -1.4
-5.2 1.2
-5.2 1.3
-5.1 -1.4
-5.1 1.2
-5 -1.4
-5 1.2
-4.9 -1.4
-4.9 1.2
-4.8 -1.4
-4.8 1.2
-4.7 -1.4
-4.7 1.2
-4.6 -1.4
-4.6 1.2
-4.5 -1.4
-4.5 1.2
-4.4 -1.4
-4.4 1.2
-4.3 -1.4
-4.3 1.2
-4.2 -1.4
-4.2 1.2
-4.1 -1.4
-4.1 1.2
-4 -1.4
-4 1.2
-3.9 -1.4
-3.9 1.2
-3.8 -1.4
-3.8 1.2
-3.7 -1.4
-3.7 1.2
-3.6 -1.4
-3.6 1.2
-3.5 -1.4
-3.5 1.2
-3.4 -1.4
-3.4 1.2
-3.3 -1.4
-3.3 1.2
-3.2 -1.4
-3.2 1.2
-3.1 -1.4
-3.1 1.2
-3 -1.4
-3 1.2
-2.9 -1.4
-2.9 1.2
-2.8 -1.4
-2.8 1.2
-2.7 -1.4
-2.7 1.2
-2.6 -1.4
-2.6 1.2
-2.5 -1.4
-2.5 1.2
-2.4 -1.4
-2.4 1.2
-2.3 -1.4
-2.3 1.2
-2.2 -1.4
-2.2 1.2
-2.1 -1.4
-2.1 1.2
-2 -1.4
-2 1.2
-1.9 -1.4
-1.9 1.2
-1.8 -1.4
-1.8 1.2
-1.7 -1.4
-1.7 1.2
-1.6 -1.4
-1.6 1.2
-1.5 -1.4
-1.5 1.2
-1.4 -1.4
-1.4 1.2
-1.3 -1.4
-1.3 1.2
-1.2 -1.4
-1.2 1.2
-1.1 -1.4
-1.1 1.2
-1 -1.4
-1 1.2
-0.9 -1.4
-0.9 1.2
-0.8 -1.4
-0.8 1.2
-0.7 -1.4
-0.7 1.2
-0.6 -1.4
-0.6 1.2
-0.5 -1.4
-0.5 1.2
-0.4 -1.4
-0.4 1.2
-0.3 -1.4
-0.3 1.2
-0.2 -1.4
-0.2 1.2
-0.1 -1.4
-0.1 1.2
0 -1.4
0 1.2
0.1 -1.4
0.1 1.2
0.2 -1.4
0.2 1.2
0.3 -1.4
0.3 1.2
0.4 -1.4
0.4 1.2
0.5 -1.4
0.5 1.2
0.6 -1.4
0.6 1.2
0.7 -1.4
0.7 1.2
0.8 -1.4
0.8 1.2
0.9 -1.4
0.9 1.2
1 -1.4
1 1.2
1.1 -1.4
1.1 1.2
1.2 -1.4
1.2 1.2
1.3 -1.4
1.3 1.2
1.4 -1.4
1.4 1.2
1.5 -1.4
1.5 1.2
1.6 -1.4
1.6 1.2
1.7 -1.4
1.7 1.2
1.8 -1.4
1.8 1.2
1.9 -1.4
1.9 1.2
2 1.2
3.1 -1.5
3.1 -1.4
3.1 1.2
3.1 1.3
3.2 -1.4
3.2 1.2
3.3 -1.4
3.3 1.2
3.4 -1.4
3.4 1.2
3.5 -1.4
3.5 1.2
3.6 -1.4
3.6 1.2
3.7 -1.4
3.7 1.2
3.8 -1.4
3.8 1.2
3.9 -1.4
3.9 1.2
4 -1.4
4 1.2
4.1 -1.4
4.1 1.2
4.2 -1.4
4.2 1.2
4.3 -1.4
4.3 1.2
4.4 -1.4
4.4 1.2
4.5 -1.4
4.5 1.2
4.6 -1.4
4.6 1.2
4.7 -1.4
4.7 1.2
4.8 -1.4
4.8 1.2
4.9 -1.4
4.9 1.2
5 -1.4
5 1.2
5.1 -1.4
5.1 1.2
5.2 -1.4
5.2 1.2
5.3 -1.4
5.3 1.2
5.4 -1.4
5.4 1.2
5.5 -1.4
5.5 1.2
5.6 -1.4
5.6 1.2
5.7 -1.4
5.7 1.2
5.8 -1.4
5.8 1.2
5.9 -1.4
5.9 1.2
6 -1.4
6 1.2
6.1 -1.4
6.1 1.2
6.2 -1.4
6.2 1.2
6.3 -1.4
6.3 1.2
6.4 -1.4
6.4 1.2
6.5 -1.4
6.5 1.2
6.6 -1.4
6.6 1.2
6.7 -1.4
6.7 1.2
6.8 -1.4
6.8 1.2
6.9 -1.4
6.9 1.2
7 -1.4
7 1.2
7.1 -1.4
7.1 -1.3
7.1 -1.2
7.1 -1.1
7.1 -1
7.1 -0.9
7.1 -0.8
7.1 -0.7
7.1 -0.6
7.1 -0.5
7.1 -0.4
7.1 -0.3
7.1 -0.2
7.1 -0.1
7.1 0
7.1 0.1
7.1 0.2
7.1 0.3
7.1 0.4
7.1 0.5
7.1 0.6
7.1 0.7
7.1 0.8
7.1 0.9
7.1 1
7.1 1.1
7.1 1.2
bed: 5 -3 4.7124 1 273
4.4 -4
4.4 -3.9
4.4 -3.8
4.4 -3.7
4.4 -3.6
4.4 -3.5
4.4 -3.4
4.4 -3.3
4.4 -3.2
4.4 -3.1
4.4 -3
4.4 -2.9
4.4 -2.8
4.4 -2.7
4.4 -2.6
4.4 -2.5
4.4 -2.4
4.4 -2.3
4.4 -2.2
4.4 -2.1
4.4 -2
4.5 -4
4.5 -3.9
4.5 -3.8
4.5 -3.7
4.5 -3.6
4.5 -3.5
4.5 -3.4
4.5 -3.3
4.5 -3.2
4.5 -3.1
4.5 -3
4.5 -2.9
4.5 -2.8
4.5 -2.7
4.5 -2.6
4.5 -2.5
4.5 -2.4
4.5 -2.3
4.5 -2.2
4.5 -2.1
4.5 -2
4.6 -4
4.6 -3.9
4.6 -3.8
4.6 -3.7
4.6 -3.6
4.6 -3.5
4.6 -3.4
4.6 -3.3
4.6 -3.2
4.6 -3.1
4.6 -3
4.6 -2.9
4.6 -2.8
4.6 -2.7
4.6 -2.6
4.6 -2.5
4.6 -2.4
4.6 -2.3
4.6 -2.2
4.6 -2.1
4.6 -2
4.7 -4
4.7 -3.9
4.7 -3.8
4.7 -3.7
4.7 -3.6
4.7 -3.5
4.7 -3.4
4.7 -3.3
4.7 -3.2
4.7 -3.1
4.7 -3
4.7 -2.9
4.7 -2.8
4.7 -2.7
4.7 -2.6
4.7 -2.5
4.7 -2.4
4.7 -2.3
4.7 -2.2
4.7 -2.1
4.7 -2
4.8 -4
4.8 -3.9
4.8 -3.8
4.8 -3.7
4.8 -3.6
4.8 -3.5
4.8 -3.4
4.8 -3.3
4.8 -3.2
4.8 -3.1
4.8 -3
4.8 -2.9
4.8 -2.8
4.8 -2.7
4.8 -2.6
4.8 -2.5
4.8 -2.4
4.8 -2.3
4.8 -2.2
4.8 -2.1
4.8 -2
4.9 -4
4.9 -3.9
4.9 -3.8
4.9 -3.7
4.9 -3.6
4.9 -3.5
4.9 -3.4
4.9 -3.3
4.9 -3.2
4.9 -3.1
4.9 -3
4.9 -2.9
4.9 -2.8
4.9 -2.7
4.9 -2.6
4.9 -2.5
4.9 -2.4
4.9 -2.3
4.9 -2.2
4.9 -2.1
4.9 -2
5 -4
5 -3.9
5 -3.8
5 -3.7
5 -3.6
5 -3.5
5 -3.4
5 -3.3
5 -3.2
5 -3.1
5 -3
5 -2.9
5 -2.8
5 -2.7
5 -2.6
5 -2.5
5 -2.4
5 -2.3
5 -2.2
5 -2.1
5 -2
5.1 -4
5.1 -3.9
5.1 -3.8
5.1 -3.7
5.1 -3.6
5.1 -3.5
5.1 -3.4
5.1 -3.3
5.1 -3.2
5.1 -3.1
5.1 -3
5.1 -2.9
5.1 -2.8
5.1 -2.7
5.1 -2.6
5.1 -2.5
5.1 -2.4
5.1 -2.3
5.1 -2.2
5.1 -2.1
5.1 -2
5.2 -4
5.2 -3.9
5.2 -3.8
5.2 -3.7
5.2 -3.6
5.2 -3.5
5.2 -3.4
5.2 -3.3
5.2 -3.2
5.2 -3.1
5.2 -3
5.2 -2.9
5.2 -2.8
5.2 -2.7
5.2 -2.6
5.2 -2.5
5.2 -2.4
5.2 -2.3
5.2 -2.2
5.2 -2.1
5.2 -2
5.3 -4
5.3 -3.9
5.3 -3.8
5.3 -3.7
5.3 -3.6
5.3 -3.5
5.3 -3.4
5.3 -3.3
5.3 -3.2
5.3 -3.1
5.3 -3
5.3 -2.9
5.3 -2.8
5.3 -2.7
5.3 -2.6
5.3 -2.5
5.3 -2.4
5.3 -2.3
5.3 -2.2
5.3 -2.1
5.3 -2
5.4 -4
5.4 -3.9
5.4 -3.8
5.4 -3.7
5.4 -3.6
5.4 -3.5
5.4 -3.4
5.4 -3.3
5.4 -3.2
5.4 -3.1
5.4 -3
5.4 -2.9
5.4 -2.8
5.4 -2.7
5.4 -2.6
5.4 -2.5
5.4 -2.4
5.4 -2.3
5.4 -2.2
5.4 -2.1
5.4 -2
5.5 -4
5.5 -3.9
5.5 -3.8
5.5 -3.7
5.5 -3.6
5.5 -3.5
5.5 -3.4
5.5 -3.3
5.5 -3.2
5.5 -3.1
5.5 -3
5.5 -2.9
5.5 -2.8
5.5 -2.7
5.5 -2.6
5.5 -2.5
5.5 -2.4
5.5 -2.3
5.5 -2.2
5.5 -2.1
5.5 -2
5.6 -4
5.6 -3.9
5.6 -3.8
5.6 -3.7
5.6 -3.6
5.6 -3.5
5.6 -3.4
5.6 -3.3
5.6 -3.2
5.6 -3.1
5.6 -3
5.6 -2.9
5.6 -2.8
5.6 -2.7
5.6 -2.6
5.6 -2.5
5.6 -2.4
5.6 -2.3
5.6 -2.2
5.6 -2.1
5.6 -2
room: 4.03017 4.89579 1.5708 1 285
1.6 1.4
1.6 1.5
1.6 1.6
1.6 1.7
1.6 1.8
1.6 1.9
1.6 2
1.6 2.1
1.6 2.2
1.6 2.3
1.6 2.4
1.6 2.5
1.6 2.6
1.6 2.7
1.6 2.8
1.6 2.9
1.6 3
1.6 3.1
1.6 3.2
1.6 3.3
1.6 3.4
1.6 3.5
1.6 3.6
1.6 3.7
1.6 3.8
1.6 3.9
1.6 4
1.6 6.8
1.6 6.9
1.6 7
1.6 7.1
1.6 7.2
1.6 7.3
1.6 7.4
1.6 7.5
1.6 7.6
1.7 1.4
1.7 1.5
1.7 1.6
1.7 1.7
1.7 1.8
1.7 1.9
1.7 2
1.7 2.1
1.7 2.2
1.7 2.3
1.7 2.4
1.7 2.5
1.7 2.6
1.7 2.7
1.7 2.8
1.7 2.9
1.7 3
1.7 3.1
1.7 3.2
1.7 3.3
1.7 3.4
1.7 3.5
1.7 3.6
1.7 3.7
1.7 3.8
1.7 3.9
1.7 4
1.7 4.1
1.7 4.2
1.7 4.3
1.7 4.4
1.7 4.5
1.7 4.6
1.7 4.7
1.7 4.8
1.7 4.9
1.7 5
1.7 5.1
1.7 5.2
1.7 5.3
1.7 5.4
1.7 5.5
1.7 5.6
1.7 5.7
1.7 5.8
1.7 5.9
1.7 6
1.7 6.1
1.7 6.2
1.7 6.3
1.7 6.4
1.7 6.5
1.7 6.6
1.7 6.7
1.7 6.8
1.7 6.9
1.7 7
1.7 7.1
1.7 7.2
1.7 7.3
1.7 7.4
1.7 7.5
1.7 7.6
1.7 7.7
1.8 1.4
1.8 7.6
1.8 7.7
1.9 1.4
1.9 7.6
1.9 7.7
2 1.4
2 7.6
2 7.7
2.1 7.6
2.1 7.7
2.2 7.6
2.2 7.7
2.3 7.6
2.3 7.7
2.4 7.6
2.4 7.7
2.5 7.6
2.5 7.7
2.6 7.6
2.6 7.7
2.7 7.6
2.7 7.7
2.8 7.6
2.8 7.7
2.9 7.6
2.9 7.7
3 7.6
3 7.7
3.1 7.6
3.1 7.7
3.2 7.6
3.2 7.7
3.3 1.4
3.3 7.6
3.3 7.7
3.4 1.4
3.4 7.6
3.5 1.4
3.5 7.6
3.6 1.4
3.6 7.6
3.7 1.4
3.7 7.6
3.8 1.4
3.8 7.6
3.9 1.4
3.9 7.6
4 1.4
4 7.6
4.1 1.4
4.1 7.6
4.2 1.4
4.2 7.6
4.3 1.4
4.3 7.6
4.4 1.4
4.4 7.6
4.5 1.4
4.5 7.6
4.6 1.4
4.6 7.6
4.7 1.4
4.7 7.6
4.8 1.4
4.8 7.6
4.9 1.4
4.9 7.6
5 1.4
5 7.6
5 7.7
5.1 1.4
5.1 7.6
5.1 7.7
5.2 1.4
5.2 7.6
5.2 7.7
5.3 1.4
5.3 7.6
5.3 7.7
5.4 1.4
5.4 7.6
5.4 7.7
5.5 1.4
5.5 7.6
5.5 7.7
5.6 1.4
5.6 7.6
5.6 7.7
5.7 1.4
5.7 7.6
5.7 7.7
5.8 1.4
5.8 7.6
5.8 7.7
5.9 1.4
5.9 7.6
5.9 7.7
6 1.4
6 7.6
6 7.7
6.1 1.4
6.1 7.6
6.1 7.7
6.2 1.4
6.2 7.6
6.2 7.7
6.3 1.4
6.3 7.7
6.4 1.4
6.4 7.7
6.5 1.4
6.5 7.7
6.6 1.4
6.6 7.7
6.7 1.4
6.7 7.7
6.8 1.4
6.8 7.7
6.9 1.4
6.9 7.7
7 1.4
7 1.5
7 1.6
7 1.7
7 1.8
7 1.9
7 2
7 2.1
7 2.2
7 2.3
7 2.4
7 2.5
7 2.6
7 2.7
7 2.8
7 2.9
7 3
7 3.1
7 3.2
7 3.3
7 3.4
7 3.5
7 3.6
7 3.7
7 3.8
7 3.9
7 4
7 4.1
7 4.2
7 4.3
7 4.4
7 4.5
7 4.6
7 4.7
7 4.8
7 4.9
7 5
7 5.1
7 5.2
7 5.3
7 5.4
7 5.5
7 5.6
7 5.7
7 5.8
7 5.9
7 6
7 6.1
7 6.2
7 6.3
7 6.4
7 6.5
7 6.6
7 6.7
7 6.8
7 6.9
7 7
7 7.1
7 7.2
7 7.3
7 7.4
7 7.5
7 7.6
7 7.7
couch: 4.37567 3.11638 1.55362 0.744954 550
4.44257 2.7842
4.39564 2.80145
4.3784 2.75451
4.36116 2.70758
4.48951 2.76696
4.34871 2.81869
4.33147 2.77176
4.31422 2.72482
4.55368 2.79665
4.50675 2.81389
4.28453 2.789
4.26729 2.74207
4.2376 2.80624
4.22036 2.75931
4.60062 2.7794
4.20311 2.71238
4.66479 2.80909
4.19067 2.82349
4.17343 2.77656
4.15618 2.72962
4.71172 2.79185
4.12649 2.7938
4.10925 2.74687
4.64755 2.76216
4.75866 2.7746
4.07956 2.81104
4.09201 2.69993
5.25002 2.80714
5.18585 2.77745
5.1686 2.73052
4.7759 2.82154
4.06232 2.76411
4.82283 2.80429
4.04507 2.71718
5.13892 2.7947
5.12167 2.74776
4.86977 2.78705
4.01538 2.78135
5.26727 2.85407
5.09198 2.81194
5.10443 2.70083
3.99814 2.73442
5.28451 2.90101
5.22034 2.87132
5.20309 2.82439
5.07474 2.76501
5.0575 2.71808
4.9167 2.76981
5.23758 2.91825
5.02781 2.78225
5.01056 2.73532
4.93394 2.81674
5.25482 2.96518
4.98087 2.7995
5.27207 3.01212
5.1734 2.88856
5.22513 3.02936
5.20789 2.98243
5.19065 2.93549
5.15616 2.84163
5.24238 3.07629
3.96845 2.7986
5.25962 3.12322
3.95121 2.75167
5.27686 3.17016
5.1782 3.0466
5.16096 2.99967
5.21269 3.14047
5.19544 3.09354
5.22993 3.1874
5.29411 3.21709
5.14371 2.95274
3.93396 2.70473
5.34104 3.19985
5.183 3.20464
5.16576 3.15771
3.92152 2.81584
5.14851 3.11078
3.90428 2.76891
3.88703 2.72198
5.3238 3.15291
3.85734 2.78615
3.8401 2.73922
5.24718 3.23433
5.31135 3.26402
3.81041 2.8034
3.79317 2.75646
5.26442 3.28127
3.77592 2.70953
5.3286 3.31095
5.28166 3.3282
3.76348 2.82064
3.74623 2.77371
5.31615 3.42206
5.29891 3.37513
3.72899 2.72677
5.33339 3.46899
5.26922 3.43931
5.25197 3.39237
5.23473 3.34544
3.6993 2.79095
3.68206 2.74402
3.61788 2.71433
3.65237 2.80819
3.63513 2.76126
3.54126 2.79575
3.58819 2.77851
5.12647 2.90581
5.10923 2.85887
5.21749 3.29851
5.20024 3.25158
5.13127 3.06385
5.11402 3.01691
5.09678 2.96998
5.07954 2.92305
5.06229 2.87612
5.04505 2.82918
5.22229 3.45655
5.20504 3.40962
5.1878 3.36268
5.17055 3.31575
5.15331 3.26882
5.13607 3.22189
5.11882 3.17495
5.10158 3.12802
5.08434 3.08109
5.06709 3.03416
5.04985 2.98723
5.03261 2.94029
5.01536 2.89336
4.99812 2.84643
5.15811 3.42686
5.14087 3.37993
5.12362 3.333
5.10638 3.28606
5.08913 3.23913
5.07189 3.1922
5.05465 3.14527
5.0374 3.09833
5.02016 3.0514
5.00292 3.00447
4.98567 2.95754
4.96843 2.9106
4.95119 2.86367
5.11118 3.4441
5.09393 3.39717
5.07669 3.35024
5.05945 3.30331
5.0422 3.25637
5.02496 3.20944
5.00772 3.16251
4.99047 3.11558
4.97323 3.06864
4.95598 3.02171
4.93874 2.97478
4.9215 2.92785
4.90425 2.88091
4.88701 2.83398
5.06424 3.46135
5.047 3.41442
5.02976 3.36748
5.01251 3.32055
4.99527 3.27362
4.97803 3.22669
4.96078 3.17975
4.94354 3.13282
4.92629 3.08589
4.90905 3.03896
4.89181 2.99202
4.87456 2.94509
4.85732 2.89816
4.84008 2.85123
5.00007 3.43166
4.98282 3.38473
4.96558 3.33779
4.94834 3.29086
4.93109 3.24393
4.91385 3.197
4.89661 3.15006
4.87936 3.10313
4.86212 3.0562
4.84488 3.00927
4.82763 2.96233
4.81039 2.9154
4.79314 2.86847
4.95314 3.4489
4.93589 3.40197
4.91865 3.35504
4.9014 3.30811
4.88416 3.26117
4.86692 3.21424
4.84967 3.16731
4.83243 3.12038
4.81519 3.07344
4.79794 3.02651
4.7807 2.97958
4.76346 2.93265
4.74621 2.88571
4.72897 2.83878
3.38802 2.95859
4.9062 3.46615
4.88896 3.41921
4.87172 3.37228
4.85447 3.32535
4.83723 3.27842
4.81999 3.23148
4.80274 3.18455
4.7855 3.13762
4.76825 3.09069
4.75101 3.04375
4.73377 2.99682
4.71652 2.94989
4.69928 2.90296
4.68204 2.85602
3.40526 3.00552
4.84203 3.43646
4.82478 3.38953
4.80754 3.34259
4.7903 3.29566
4.77305 3.24873
4.75581 3.2018
4.73857 3.15486
4.72132 3.10793
4.70408 3.061
4.68683 3.01407
4.66959 2.96713
4.65235 2.9202
4.6351 2.87327
4.61786 2.82634
3.35833 3.02277
3.34109 2.97583
5.17535 3.47379
4.79509 3.4537
4.77785 3.40677
4.76061 3.35984
4.74336 3.3129
4.72612 3.26597
4.70888 3.21904
4.69163 3.17211
4.67439 3.12517
4.65715 3.07824
4.6399 3.03131
4.62266 2.98438
4.60541 2.93744
4.58817 2.89051
4.57093 2.84358
3.42251 3.05245
3.37557 3.0697
4.74816 3.47095
4.73092 3.42401
4.71367 3.37708
4.69643 3.33015
4.67919 3.28322
4.66194 3.23628
4.6447 3.18935
4.62746 3.14242
4.61021 3.09549
4.59297 3.04855
4.57573 3.00162
4.55848 2.95469
4.54124 2.90776
4.52399 2.86082
4.68399 3.44126
4.66674 3.39432
4.6495 3.34739
4.63226 3.30046
4.61501 3.25353
4.59777 3.20659
4.58052 3.15966
4.56328 3.11273
4.54604 3.0658
4.52879 3.01886
4.51155 2.97193
4.49431 2.925
4.47706 2.87807
4.45982 2.83113
3.39282 3.11663
3.3114 3.04001
4.61981 3.41157
4.60257 3.36463
4.58532 3.3177
4.56808 3.27077
4.55084 3.22384
4.53359 3.17691
4.51635 3.12997
4.4991 3.08304
4.48186 3.03611
4.46462 2.98918
4.44737 2.94224
4.43013 2.89531
4.41289 2.84838
3.32864 3.08694
4.63705 3.4585
3.34588 3.13387
3.41006 3.16356
4.57288 3.42881
4.55563 3.38188
4.53839 3.33495
4.52115 3.28801
4.5039 3.24108
4.48666 3.19415
4.46942 3.14722
4.45217 3.10028
4.43493 3.05335
4.41768 3.00642
4.40044 2.95949
4.3832 2.91255
4.36595 2.86562
3.36313 3.18081
4.52594 3.44605
4.5087 3.39912
4.49146 3.35219
4.47421 3.30526
4.45697 3.25833
4.43973 3.21139
4.42248 3.16446
4.40524 3.11753
4.388 3.0706
4.37075 3.02366
4.35351 2.97673
4.33626 2.9298
4.31902 2.88287
4.30178 2.83593
3.4273 3.21049
4.47901 3.4633
4.46177 3.41637
4.44453 3.36943
4.42728 3.3225
4.41004 3.27557
4.39279 3.22864
4.37555 3.1817
4.35831 3.13477
4.34106 3.08784
4.32382 3.04091
4.30658 2.99397
4.28933 2.94704
4.27209 2.90011
4.25484 2.85318
3.29895 3.15112
3.28171 3.10418
4.41484 3.43361
4.39759 3.38668
4.38035 3.33974
4.36311 3.29281
4.34586 3.24588
4.32862 3.19895
4.31137 3.15201
4.29413 3.10508
4.27689 3.05815
4.25964 3.01122
4.2424 2.96429
4.22516 2.91735
4.20791 2.87042
3.3162 3.19805
3.26446 3.05725
4.3679 3.45085
4.35066 3.40392
4.33342 3.35699
4.31617 3.31006
4.29893 3.26312
4.28169 3.21619
4.26444 3.16926
4.2472 3.12233
4.22995 3.07539
4.21271 3.02846
4.19547 2.98153
4.17822 2.9346
4.16098 2.88766
4.14374 2.84073
4.32097 3.4681
4.30373 3.42116
4.28648 3.37423
4.26924 3.3273
4.252 3.28037
4.23475 3.23343
4.21751 3.1865
4.20027 3.13957
4.18302 3.09264
4.16578 3.0457
4.14853 2.99877
4.13129 2.95184
4.11405 2.90491
4.0968 2.85798
4.59012 3.47574
4.25679 3.43841
4.23955 3.39148
4.22231 3.34454
4.20506 3.29761
4.18782 3.25068
4.17058 3.20375
4.15333 3.15681
4.13609 3.10988
4.11885 3.06295
4.1016 3.01602
4.08436 2.96908
4.06711 2.92215
4.04987 2.87522
4.03263 2.82829
4.20986 3.45565
4.19262 3.40872
4.17538 3.36179
4.15813 3.31485
4.14089 3.26792
4.12364 3.22099
4.1064 3.17406
4.08916 3.12712
4.07191 3.08019
4.05467 3.03326
4.03743 2.98633
4.02018 2.93939
4.00294 2.89246
3.9857 2.84553
3.47424 3.19325
4.16293 3.4729
4.14569 3.42596
4.12844 3.37903
4.1112 3.3321
4.09396 3.28517
4.07671 3.23823
4.05947 3.1913
4.04222 3.14437
4.02498 3.09744
4.00774 3.0505
3.99049 3.00357
3.97325 2.95664
3.95601 2.90971
3.93876 2.86277
3.26926 3.21529
3.25202 3.16836
4.09875 3.44321
4.08151 3.39627
4.06427 3.34934
4.04702 3.30241
4.02978 3.25548
4.01254 3.20854
3.99529 3.16161
3.9608 3.06775
3.94356 3.02081
3.92632 2.97388
3.90907 2.92695
3.89183 2.88002
3.87459 2.83308
3.97805 3.11468
4.05182 3.46045
4.03458 3.41352
4.01733 3.36659
4.00009 3.31965
3.9656 3.22579
3.94836 3.17886
3.93112 3.13192
3.91387 3.08499
3.89663 3.03806
3.87939 2.99113
3.86214 2.94419
3.8449 2.89726
3.82765 2.85033
3.98285 3.27272
3.38037 3.22774
3.29415 2.99308
3.88418 3.14917
3.86694 3.10223
3.8497 3.0553
3.83245 3.00837
3.98765 3.43076
3.9704 3.38383
3.95316 3.3369
3.93591 3.28996
3.91867 3.24303
3.90143 3.1961
3.81521 2.96144
3.79797 2.9145
3.78072 2.86757
3.37077 2.91166
3.44455 3.25743
3.94071 3.44801
3.92347 3.40107
3.90623 3.35414
3.88898 3.30721
3.87174 3.26028
3.85449 3.21334
3.83725 3.16641
3.82001 3.11948
3.80276 3.07255
3.78552 3.02561
3.76828 2.97868
3.75103 2.93175
3.39762 3.27467
3.89378 3.46525
3.87654 3.41832
3.85929 3.37138
3.84205 3.32445
3.82481 3.27752
3.80756 3.23059
3.79032 3.18365
3.77308 3.13672
3.75583 3.08979
3.73859 3.04286
3.72134 2.99592
3.8296 3.43556
3.81236 3.38863
3.79512 3.3417
3.77787 3.29476
3.76063 3.24783
3.74339 3.2009
3.72614 3.15397
3.7089 3.10703
3.69166 3.0601
3.46179 3.30436
3.33344 3.24498
3.78267 3.4528
3.76543 3.40587
3.74818 3.35894
3.73094 3.31201
3.7137 3.26507
3.69645 3.21814
3.67921 3.17121
3.66197 3.12428
3.41486 3.3216
3.35068 3.29191
4.00489 3.47769
3.4321 3.36854
3.73574 3.47005
3.7185 3.42312
3.70125 3.37618
3.68401 3.32925
3.66677 3.28232
3.64952 3.23539
3.63228 3.18845
3.44935 3.41547
3.46659 3.4624
3.40241 3.43271
3.38517 3.38578
3.36793 3.33885
3.67156 3.44036
3.65432 3.39343
3.63708 3.34649
3.61983 3.29956
3.41966 3.47964
3.62463 3.4576
3.60739 3.41067
3.59014 3.36374
3.5729 3.3168
3.35548 3.44996
3.33824 3.40302
3.56046 3.42791
3.54321 3.38098
3.5777 3.47485
3.51352 3.44516
3.49628 3.39822
3.35353 2.86472
table: 4.30808 4.00949 -1 1 225
4.65681 4.36076
4.65699 4.31076
4.65717 4.26076
4.65735 4.21076
4.65753 4.16076
4.65772 4.11076
4.6579 4.06076
4.65808 4.01076
4.65826 3.96076
4.65844 3.91076
4.65863 3.86076
4.65881 3.81076
4.65899 3.76076
4.65917 3.71076
4.65935 3.66076
4.60681 4.36057
4.60699 4.31058
4.60717 4.26058
4.60735 4.21058
4.60753 4.16058
4.60772 4.11058
4.6079 4.06058
4.60808 4.01058
4.60826 3.96058
4.60844 3.91058
4.60863 3.86058
4.60881 3.81058
4.60899 3.76058
4.60917 3.71058
4.60935 3.66058
4.55681 4.36039
4.55699 4.31039
4.55717 4.26039
4.55735 4.21039
4.55753 4.16039
4.55772 4.11039
4.5579 4.06039
4.55808 4.0104
4.55826 3.9604
4.55844 3.9104
4.55863 3.8604
4.55881 3.8104
4.55899 3.7604
4.55917 3.7104
4.55935 3.6604
4.50681 4.36021
4.50699 4.31021
4.50717 4.26021
4.50735 4.21021
4.50753 4.16021
4.50772 4.11021
4.5079 4.06021
4.50808 4.01021
4.50826 3.96021
4.50844 3.91021
4.50863 3.86021
4.50881 3.81021
4.50899 3.76022
4.50917 3.71022
4.50935 3.66022
4.45681 4.36003
4.45699 4.31003
4.45717 4.26003
4.45735 4.21003
4.45754 4.16003
4.45772 4.11003
4.4579 4.06003
4.45808 4.01003
4.45826 3.96003
4.45844 3.91003
4.45863 3.86003
4.45881 3.81003
4.45899 3.76003
4.45917 3.71003
4.45935 3.66003
4.35808 4.00967
4.35826 3.95967
4.40681 4.35985
4.40699 4.30985
4.40717 4.25985
4.40735 4.20985
4.40754 4.15985
4.40772 4.10985
4.4079 4.05985
4.40808 4.00985
4.40826 3.95985
4.40845 3.90985
4.40863 3.85985
4.40881 3.80985
4.40899 3.75985
4.40917 3.70985
4.40935 3.65985
4.30808 4.00949
4.30826 3.95949
4.35681 4.35967
4.35699 4.30967
4.35717 4.25967
4.35735 4.20967
4.35754 4.15967
4.35772 4.10967
4.3579 4.05967
4.35845 3.90967
4.35863 3.85967
4.35881 3.80967
4.35899 3.75967
4.35917 3.70967
4.35935 3.65967
4.3079 4.05949
4.25808 4.0093
4.25826 3.9593
4.30681 4.35948
4.30699 4.30948
4.30717 4.25948
4.30735 4.20948
4.30754 4.15948
4.30772 4.10949
4.2579 4.0593
4.30845 3.90949
4.30863 3.85949
4.30881 3.80949
4.30899 3.75949
4.30917 3.70949
4.30936 3.65949
4.20808 4.00912
4.25681 4.3593
4.25699 4.3093
4.25717 4.2593
4.25735 4.2093
4.25754 4.1593
4.25772 4.1093
4.25845 3.9093
4.25863 3.8593
4.25881 3.80931
4.25899 3.75931
4.25917 3.70931
4.25936 3.65931
4.20681 4.35912
4.20699 4.30912
4.20717 4.25912
4.20736 4.20912
4.20754 4.15912
4.20772 4.10912
4.2079 4.05912
4.20826 3.95912
4.20845 3.90912
4.20863 3.85912
4.20881 3.80912
4.20899 3.75912
4.20917 3.70912
4.20936 3.65912
4.15681 4.35894
4.15699 4.30894
4.15717 4.25894
4.15736 4.20894
4.15754 4.15894
4.15772 4.10894
4.1579 4.05894
4.15808 4.00894
4.15827 3.95894
4.15845 3.90894
4.15863 3.85894
4.15881 3.80894
4.15899 3.75894
4.15917 3.70894
4.15936 3.65894
4.10681 4.35876
4.10699 4.30876
4.10717 4.25876
4.10736 4.20876
4.10754 4.15876
4.10772 4.10876
4.1079 4.05876
4.10808 4.00876
4.10827 3.95876
4.10845 3.90876
4.10863 3.85876
4.10881 3.80876
4.10899 3.75876
4.10917 3.70876
4.10936 3.65876
4.05681 4.35857
4.05699 4.30857
4.05717 4.25857
4.05736 4.20857
4.05754 4.15858
4.05772 4.10858
4.0579 4.05858
4.05808 4.00858
4.05827 3.95858
4.05845 3.90858
4.05863 3.85858
4.05881 3.80858
4.05899 3.75858
4.05918 3.70858
4.05936 3.65858
4.00681 4.35839
4.00699 4.30839
4.00717 4.25839
4.00736 4.20839
4.00754 4.15839
4.00772 4.10839
4.0079 4.05839
4.00808 4.00839
4.00827 3.95839
4.00845 3.9084
4.00863 3.8584
4.00881 3.8084
4.00899 3.7584
4.00918 3.7084
4.00936 3.6584
3.95681 4.35821
3.95699 4.30821
3.95717 4.25821
3.95736 4.20821
3.95754 4.15821
3.95772 4.10821
3.9579 4.05821
3.95808 4.00821
3.95827 3.95821
3.95845 3.90821
3.95863 3.85821
3.95881 3.80821
3.95899 3.75821
3.95918 3.70821
3.95936 3.65821
