OR: 5.06491 -0.0130294 3.15638 1.28132e-38 16
4.91491 -0.163029
4.91491 -0.0630294
4.91491 0.0369706
4.91491 0.136971
5.01491 -0.163029
5.01491 -0.0630294
5.01491 0.0369706
5.01491 0.136971
5.11491 -0.163029
5.11491 -0.0630294
5.11491 0.0369706
5.11491 0.136971
5.21491 -0.163029
5.21491 -0.0630294
5.21491 0.0369706
5.21491 0.136971
CR: 3.11739 -2.44736 0.410973 0.5 16
2.96739 -2.59736
2.96739 -2.49736
2.96739 -2.39736
2.96739 -2.29736
3.06739 -2.59736
3.06739 -2.49736
3.06739 -2.39736
3.06739 -2.29736
3.16739 -2.59736
3.16739 -2.49736
3.16739 -2.39736
3.16739 -2.29736
3.26739 -2.59736
3.26739 -2.49736
3.26739 -2.39736
3.26739 -2.29736
livingroom: 4.03017 4.89579 1.5708 1 285
1.6 1.4
1.6 1.5
1.6 1.6
1.6 1.7
1.6 1.8
1.6 1.9
1.6 2
1.6 2.1
1.6 2.2
1.6 2.3
1.6 2.4
1.6 2.5
1.6 2.6
1.6 2.7
1.6 2.8
1.6 2.9
1.6 3
1.6 3.1
1.6 3.2
1.6 3.3
1.6 3.4
1.6 3.5
1.6 3.6
1.6 3.7
1.6 3.8
1.6 3.9
1.6 4
1.6 6.8
1.6 6.9
1.6 7
1.6 7.1
1.6 7.2
1.6 7.3
1.6 7.4
1.6 7.5
1.6 7.6
1.7 1.4
1.7 1.5
1.7 1.6
1.7 1.7
1.7 1.8
1.7 1.9
1.7 2
1.7 2.1
1.7 2.2
1.7 2.3
1.7 2.4
1.7 2.5
1.7 2.6
1.7 2.7
1.7 2.8
1.7 2.9
1.7 3
1.7 3.1
1.7 3.2
1.7 3.3
1.7 3.4
1.7 3.5
1.7 3.6
1.7 3.7
1.7 3.8
1.7 3.9
1.7 4
1.7 4.1
1.7 4.2
1.7 4.3
1.7 4.4
1.7 4.5
1.7 4.6
1.7 4.7
1.7 4.8
1.7 4.9
1.7 5
1.7 5.1
1.7 5.2
1.7 5.3
1.7 5.4
1.7 5.5
1.7 5.6
1.7 5.7
1.7 5.8
1.7 5.9
1.7 6
1.7 6.1
1.7 6.2
1.7 6.3
1.7 6.4
1.7 6.5
1.7 6.6
1.7 6.7
1.7 6.8
1.7 6.9
1.7 7
1.7 7.1
1.7 7.2
1.7 7.3
1.7 7.4
1.7 7.5
1.7 7.6
1.7 7.7
1.8 1.4
1.8 7.6
1.8 7.7
1.9 1.4
1.9 7.6
1.9 7.7
2 1.4
2 7.6
2 7.7
2.1 7.6
2.1 7.7
2.2 7.6
2.2 7.7
2.3 7.6
2.3 7.7
2.4 7.6
2.4 7.7
2.5 7.6
2.5 7.7
2.6 7.6
2.6 7.7
2.7 7.6
2.7 7.7
2.8 7.6
2.8 7.7
2.9 7.6
2.9 7.7
3 7.6
3 7.7
3.1 7.6
3.1 7.7
3.2 7.6
3.2 7.7
3.3 1.4
3.3 7.6
3.3 7.7
3.4 1.4
3.4 7.6
3.5 1.4
3.5 7.6
3.6 1.4
3.6 7.6
3.7 1.4
3.7 7.6
3.8 1.4
3.8 7.6
3.9 1.4
3.9 7.6
4 1.4
4 7.6
4.1 1.4
4.1 7.6
4.2 1.4
4.2 7.6
4.3 1.4
4.3 7.6
4.4 1.4
4.4 7.6
4.5 1.4
4.5 7.6
4.6 1.4
4.6 7.6
4.7 1.4
4.7 7.6
4.8 1.4
4.8 7.6
4.9 1.4
4.9 7.6
5 1.4
5 7.6
5 7.7
5.1 1.4
5.1 7.6
5.1 7.7
5.2 1.4
5.2 7.6
5.2 7.7
5.3 1.4
5.3 7.6
5.3 7.7
5.4 1.4
5.4 7.6
5.4 7.7
5.5 1.4
5.5 7.6
5.5 7.7
5.6 1.4
5.6 7.6
5.6 7.7
5.7 1.4
5.7 7.6
5.7 7.7
5.8 1.4
5.8 7.6
5.8 7.7
5.9 1.4
5.9 7.6
5.9 7.7
6 1.4
6 7.6
6 7.7
6.1 1.4
6.1 7.6
6.1 7.7
6.2 1.4
6.2 7.6
6.2 7.7
6.3 1.4
6.3 7.7
6.4 1.4
6.4 7.7
6.5 1.4
6.5 7.7
6.6 1.4
6.6 7.7
6.7 1.4
6.7 7.7
6.8 1.4
6.8 7.7
6.9 1.4
6.9 7.7
7 1.4
7 1.5
7 1.6
7 1.7
7 1.8
7 1.9
7 2
7 2.1
7 2.2
7 2.3
7 2.4
7 2.5
7 2.6
7 2.7
7 2.8
7 2.9
7 3
7 3.1
7 3.2
7 3.3
7 3.4
7 3.5
7 3.6
7 3.7
7 3.8
7 3.9
7 4
7 4.1
7 4.2
7 4.3
7 4.4
7 4.5
7 4.6
7 4.7
7 4.8
7 4.9
7 5
7 5.1
7 5.2
7 5.3
7 5.4
7 5.5
7 5.6
7 5.7
7 5.8
7 5.9
7 6
7 6.1
7 6.2
7 6.3
7 6.4
7 6.5
7 6.6
7 6.7
7 6.8
7 6.9
7 7
7 7.1
7 7.2
7 7.3
7 7.4
7 7.5
7 7.6
7 7.7
bedroom: 2.61099 -4.24704 4.7124 1 355
-2 -7.9
-2 -7.8
-2 -7.7
-2 -7.6
-2 -7.5
-2 -7.4
-2 -7.3
-2 -7.2
-2 -7.1
-2 -7
-2 -6.9
-2 -6.8
-2 -6.7
-2 -6.6
-2 -6.5
-2 -6.4
-2 -6.3
-2 -6.2
-2 -6.1
-2 -6
-2 -5.9
-2 -5.8
-2 -5.7
-2 -5.6
-2 -5.5
-2 -5.4
-2 -3.7
-2 -3.6
-2 -3.5
-2 -3.4
-2 -3.3
-1.9 -7.9
-1.9 -7.2
-1.9 -7.1
-1.9 -7
-1.9 -6.9
-1.9 -6.8
-1.9 -6.7
-1.9 -6.6
-1.9 -6.5
-1.9 -6.4
-1.9 -6.3
-1.9 -6.2
-1.9 -6.1
-1.9 -6
-1.9 -5.9
-1.9 -5.8
-1.9 -5.7
-1.9 -5.6
-1.9 -5.5
-1.9 -5.4
-1.9 -5.3
-1.9 -5.2
-1.9 -5.1
-1.9 -5
-1.9 -4.9
-1.9 -4.8
-1.9 -4.7
-1.9 -4.6
-1.9 -4.5
-1.9 -4.4
-1.9 -4.3
-1.9 -4.2
-1.9 -4.1
-1.9 -4
-1.9 -3.9
-1.9 -3.8
-1.9 -3.7
-1.9 -3.6
-1.9 -3.5
-1.9 -3.4
-1.9 -3.3
-1.9 -3.2
-1.9 -3.1
-1.9 -3
-1.9 -2.9
-1.9 -2.8
-1.9 -2.7
-1.9 -2.6
-1.9 -2.5
-1.9 -2.4
-1.9 -2.3
-1.9 -2.2
-1.9 -2.1
-1.9 -2
-1.9 -1.9
-1.9 -1.8
-1.9 -1.7
-1.9 -1.6
-1.9 -1.5
-1.8 -7.9
-1.8 -1.6
-1.8 -1.5
-1.7 -7.9
-1.7 -1.6
-1.7 -1.5
-1.6 -7.9
-1.6 -1.6
-1.6 -1.5
-1.5 -7.9
-1.5 -1.6
-1.5 -1.5
-1.4 -7.9
-1.4 -1.6
-1.4 -1.5
-1.3 -7.9
-1.3 -1.6
-1.3 -1.5
-1.2 -7.9
-1.2 -1.6
-1.2 -1.5
-1.1 -7.9
-1.1 -1.6
-1.1 -1.5
-1 -7.9
-1 -1.6
-0.9 -7.9
-0.9 -1.6
-0.8 -7.9
-0.8 -1.6
-0.7 -7.9
-0.7 -1.6
-0.6 -7.9
-0.6 -1.6
-0.5 -7.9
-0.5 -1.6
-0.4 -7.9
-0.4 -1.6
-0.3 -7.9
-0.3 -1.6
-0.2 -7.9
-0.2 -1.6
-0.1 -7.9
-0.1 -1.6
0 -7.9
0 -1.6
0.1 -7.9
0.1 -1.6
0.2 -7.9
0.2 -1.6
0.3 -7.9
0.3 -1.6
0.4 -7.9
0.4 -1.6
0.5 -7.9
0.5 -1.6
0.6 -7.9
0.6 -1.6
0.7 -7.9
0.7 -1.6
0.8 -7.9
0.8 -1.6
0.9 -7.9
0.9 -1.6
1 -7.9
1 -1.6
1.1 -1.6
1.2 -1.6
1.3 -1.6
1.4 -1.6
1.5 -1.6
1.6 -1.6
1.7 -1.6
1.8 -1.6
1.9 -1.6
2 -1.6
2.1 -1.6
2.1 -1.5
2.8 -7.9
2.9 -7.9
3 -7.9
3.1 -7.9
3.2 -7.9
3.2 -1.6
3.3 -7.9
3.3 -1.6
3.4 -7.9
3.4 -1.6
3.5 -7.9
3.5 -1.6
3.6 -7.9
3.6 -1.6
3.7 -7.9
3.7 -1.6
3.8 -7.9
3.8 -1.6
3.9 -7.9
3.9 -1.6
4 -7.9
4 -1.6
4.1 -7.9
4.1 -1.6
4.2 -7.9
4.2 -1.6
4.3 -7.9
4.3 -1.6
4.4 -7.9
4.4 -1.6
4.5 -7.9
4.5 -1.6
4.6 -7.9
4.6 -1.6
4.7 -7.9
4.7 -1.6
4.8 -7.9
4.8 -1.6
4.9 -7.9
4.9 -1.6
5 -7.9
5 -1.6
5 -1.4
5.1 -7.9
5.1 -1.6
5.1 -1.4
5.1 -1.3
5.2 -7.9
5.2 -1.6
5.2 -1.3
5.3 -7.9
5.3 -1.6
5.3 -1.3
5.4 -7.9
5.4 -1.6
5.4 -1.3
5.5 -7.9
5.5 -1.6
5.5 -1.3
5.6 -7.9
5.6 -1.6
5.6 -1.3
5.7 -7.9
5.7 -1.6
5.7 -1.3
5.8 -7.9
5.8 -1.6
5.8 -1.3
5.9 -7.9
5.9 -1.6
5.9 -1.3
6 -7.9
6 -1.6
6 -1.3
6 -1.2
6.1 -7.9
6.1 -1.6
6.1 -1.2
6.2 -7.9
6.2 -1.6
6.2 -1.2
6.3 -7.9
6.3 -1.6
6.3 -1.2
6.4 -7.9
6.4 -1.6
6.4 -1.2
6.5 -7.9
6.5 -1.6
6.5 -1.2
6.6 -7.9
6.6 -1.6
6.6 -1.3
6.6 -1.2
6.7 -7.9
6.7 -2.3
6.7 -2.2
6.7 -2.1
6.7 -2
6.7 -1.9
6.7 -1.8
6.7 -1.7
6.7 -1.6
6.7 -1.5
6.7 -1.4
6.7 -1.3
6.8 -7.9
6.8 -3.2
6.8 -3.1
6.8 -3
6.8 -2.9
6.8 -2.8
6.8 -2.7
6.8 -2.6
6.8 -2.5
6.8 -2.4
6.8 -2.3
6.8 -1.6
6.9 -7.9
6.9 -4.2
6.9 -4.1
6.9 -4
6.9 -3.9
6.9 -3.8
6.9 -3.7
6.9 -3.6
6.9 -3.5
6.9 -3.4
6.9 -3.3
6.9 -3.2
6.9 -1.6
7 -7.9
7 -7.8
7 -7.7
7 -7.6
7 -7.5
7 -7.4
7 -7.3
7 -7.2
7 -7.1
7 -7
7 -6.9
7 -6.8
7 -6.7
7 -6.6
7 -6.5
7 -6.4
7 -6.3
7 -6.2
7 -6
7 -5.9
7 -5.8
7 -5.7
7 -5.6
7 -5.5
7 -5.4
7 -4.6
7 -4.5
7 -4.4
7 -4.3
7 -4.2
7 -2.8
7 -2.7
7 -2.6
7 -2.5
7 -2.4
7 -2.3
7 -2.2
7 -2.1
7 -2
7 -1.9
7 -1.8
7 -1.7
7 -1.6
7.1 -2.8
7.1 -2.7
7.1 -2.6
7.1 -2.5
7.1 -2.4
7.1 -2.3
7.1 -2.2
7.1 -2.1
7.1 -2
7.1 -1.9
7.1 -1.8
7.1 -1.7
7.1 -1.6
hallway: 1.39023 -0.0949217 0 1 256
-5.2 -1.5
-5.2 -1.4
-5.2 1.2
-5.2 1.3
-5.1 -1.4
-5.1 1.2
-5 -1.4
-5 1.2
-4.9 -1.4
-4.9 1.2
-4.8 -1.4
-4.8 1.2
-4.7 -1.4
-4.7 1.2
-4.6 -1.4
-4.6 1.2
-4.5 -1.4
-4.5 1.2
-4.4 -1.4
-4.4 1.2
-4.3 -1.4
-4.3 1.2
-4.2 -1.4
-4.2 1.2
-4.1 -1.4
-4.1 1.2
-4 -1.4
-4 1.2
-3.9 -1.4
-3.9 1.2
-3.8 -1.4
-3.8 1.2
-3.7 -1.4
-3.7 1.2
-3.6 -1.4
-3.6 1.2
-3.5 -1.4
-3.5 1.2
-3.4 -1.4
-3.4 1.2
-3.3 -1.4
-3.3 1.2
-3.2 -1.4
-3.2 1.2
-3.1 -1.4
-3.1 1.2
-3 -1.4
-3 1.2
-2.9 -1.4
-2.9 1.2
-2.8 -1.4
-2.8 1.2
-2.7 -1.4
-2.7 1.2
-2.6 -1.4
-2.6 1.2
-2.5 -1.4
-2.5 1.2
-2.4 -1.4
-2.4 1.2
-2.3 -1.4
-2.3 1.2
-2.2 -1.4
-2.2 1.2
-2.1 -1.4
-2.1 1.2
-2 -1.4
-2 1.2
-1.9 -1.4
-1.9 1.2
-1.8 -1.4
-1.8 1.2
-1.7 -1.4
-1.7 1.2
-1.6 -1.4
-1.6 1.2
-1.5 -1.4
-1.5 1.2
-1.4 -1.4
-1.4 1.2
-1.3 -1.4
-1.3 1.2
-1.2 -1.4
-1.2 1.2
-1.1 -1.4
-1.1 1.2
-1 -1.4
-1 1.2
-0.9 -1.4
-0.9 1.2
-0.8 -1.4
-0.8 1.2
-0.7 -1.4
-0.7 1.2
-0.6 -1.4
-0.6 1.2
-0.5 -1.4
-0.5 1.2
-0.4 -1.4
-0.4 1.2
-0.3 -1.4
-0.3 1.2
-0.2 -1.4
-0.2 1.2
-0.1 -1.4
-0.1 1.2
0 -1.4
0 1.2
0.1 -1.4
0.1 1.2
0.2 -1.4
0.2 1.2
0.3 -1.4
0.3 1.2
0.4 -1.4
0.4 1.2
0.5 -1.4
0.5 1.2
0.6 -1.4
0.6 1.2
0.7 -1.4
0.7 1.2
0.8 -1.4
0.8 1.2
0.9 -1.4
0.9 1.2
1 -1.4
1 1.2
1.1 -1.4
1.1 1.2
1.2 -1.4
1.2 1.2
1.3 -1.4
1.3 1.2
1.4 -1.4
1.4 1.2
1.5 -1.4
1.5 1.2
1.6 -1.4
1.6 1.2
1.7 -1.4
1.7 1.2
1.8 -1.4
1.8 1.2
1.9 -1.4
1.9 1.2
2 1.2
3.1 -1.5
3.1 -1.4
3.1 1.2
3.1 1.3
3.2 -1.4
3.2 1.2
3.3 -1.4
3.3 1.2
3.4 -1.4
3.4 1.2
3.5 -1.4
3.5 1.2
3.6 -1.4
3.6 1.2
3.7 -1.4
3.7 1.2
3.8 -1.4
3.8 1.2
3.9 -1.4
3.9 1.2
4 -1.4
4 1.2
4.1 -1.4
4.1 1.2
4.2 -1.4
4.2 1.2
4.3 -1.4
4.3 1.2
4.4 -1.4
4.4 1.2
4.5 -1.4
4.5 1.2
4.6 -1.4
4.6 1.2
4.7 -1.4
4.7 1.2
4.8 -1.4
4.8 1.2
4.9 -1.4
4.9 1.2
5 -1.4
5 1.2
5.1 -1.4
5.1 1.2
5.2 -1.4
5.2 1.2
5.3 -1.4
5.3 1.2
5.4 -1.4
5.4 1.2
5.5 -1.4
5.5 1.2
5.6 -1.4
5.6 1.2
5.7 -1.4
5.7 1.2
5.8 -1.4
5.8 1.2
5.9 -1.4
5.9 1.2
6 -1.4
6 1.2
6.1 -1.4
6.1 1.2
6.2 -1.4
6.2 1.2
6.3 -1.4
6.3 1.2
6.4 -1.4
6.4 1.2
6.5 -1.4
6.5 1.2
6.6 -1.4
6.6 1.2
6.7 -1.4
6.7 1.2
6.8 -1.4
6.8 1.2
6.9 -1.4
6.9 1.2
7 -1.4
7 1.2
7.1 -1.4
7.1 -1.3
7.1 -1.2
7.1 -1.1
7.1 -1
7.1 -0.9
7.1 -0.8
7.1 -0.7
7.1 -0.6
7.1 -0.5
7.1 -0.4
7.1 -0.3
7.1 -0.2
7.1 -0.1
7.1 0
7.1 0.1
7.1 0.2
7.1 0.3
7.1 0.4
7.1 0.5
7.1 0.6
7.1 0.7
7.1 0.8
7.1 0.9
7.1 1
7.1 1.1
7.1 1.2
bed: 5 -3 4.7124 1 273
4.4 -4
4.4 -3.9
4.4 -3.8
4.4 -3.7
4.4 -3.6
4.4 -3.5
4.4 -3.4
4.4 -3.3
4.4 -3.2
4.4 -3.1
4.4 -3
4.4 -2.9
4.4 -2.8
4.4 -2.7
4.4 -2.6
4.4 -2.5
4.4 -2.4
4.4 -2.3
4.4 -2.2
4.4 -2.1
4.4 -2
4.5 -4
4.5 -3.9
4.5 -3.8
4.5 -3.7
4.5 -3.6
4.5 -3.5
4.5 -3.4
4.5 -3.3
4.5 -3.2
4.5 -3.1
4.5 -3
4.5 -2.9
4.5 -2.8
4.5 -2.7
4.5 -2.6
4.5 -2.5
4.5 -2.4
4.5 -2.3
4.5 -2.2
4.5 -2.1
4.5 -2
4.6 -4
4.6 -3.9
4.6 -3.8
4.6 -3.7
4.6 -3.6
4.6 -3.5
4.6 -3.4
4.6 -3.3
4.6 -3.2
4.6 -3.1
4.6 -3
4.6 -2.9
4.6 -2.8
4.6 -2.7
4.6 -2.6
4.6 -2.5
4.6 -2.4
4.6 -2.3
4.6 -2.2
4.6 -2.1
4.6 -2
4.7 -4
4.7 -3.9
4.7 -3.8
4.7 -3.7
4.7 -3.6
4.7 -3.5
4.7 -3.4
4.7 -3.3
4.7 -3.2
4.7 -3.1
4.7 -3
4.7 -2.9
4.7 -2.8
4.7 -2.7
4.7 -2.6
4.7 -2.5
4.7 -2.4
4.7 -2.3
4.7 -2.2
4.7 -2.1
4.7 -2
4.8 -4
4.8 -3.9
4.8 -3.8
4.8 -3.7
4.8 -3.6
4.8 -3.5
4.8 -3.4
4.8 -3.3
4.8 -3.2
4.8 -3.1
4.8 -3
4.8 -2.9
4.8 -2.8
4.8 -2.7
4.8 -2.6
4.8 -2.5
4.8 -2.4
4.8 -2.3
4.8 -2.2
4.8 -2.1
4.8 -2
4.9 -4
4.9 -3.9
4.9 -3.8
4.9 -3.7
4.9 -3.6
4.9 -3.5
4.9 -3.4
4.9 -3.3
4.9 -3.2
4.9 -3.1
4.9 -3
4.9 -2.9
4.9 -2.8
4.9 -2.7
4.9 -2.6
4.9 -2.5
4.9 -2.4
4.9 -2.3
4.9 -2.2
4.9 -2.1
4.9 -2
5 -4
5 -3.9
5 -3.8
5 -3.7
5 -3.6
5 -3.5
5 -3.4
5 -3.3
5 -3.2
5 -3.1
5 -3
5 -2.9
5 -2.8
5 -2.7
5 -2.6
5 -2.5
5 -2.4
5 -2.3
5 -2.2
5 -2.1
5 -2
5.1 -4
5.1 -3.9
5.1 -3.8
5.1 -3.7
5.1 -3.6
5.1 -3.5
5.1 -3.4
5.1 -3.3
5.1 -3.2
5.1 -3.1
5.1 -3
5.1 -2.9
5.1 -2.8
5.1 -2.7
5.1 -2.6
5.1 -2.5
5.1 -2.4
5.1 -2.3
5.1 -2.2
5.1 -2.1
5.1 -2
5.2 -4
5.2 -3.9
5.2 -3.8
5.2 -3.7
5.2 -3.6
5.2 -3.5
5.2 -3.4
5.2 -3.3
5.2 -3.2
5.2 -3.1
5.2 -3
5.2 -2.9
5.2 -2.8
5.2 -2.7
5.2 -2.6
5.2 -2.5
5.2 -2.4
5.2 -2.3
5.2 -2.2
5.2 -2.1
5.2 -2
5.3 -4
5.3 -3.9
5.3 -3.8
5.3 -3.7
5.3 -3.6
5.3 -3.5
5.3 -3.4
5.3 -3.3
5.3 -3.2
5.3 -3.1
5.3 -3
5.3 -2.9
5.3 -2.8
5.3 -2.7
5.3 -2.6
5.3 -2.5
5.3 -2.4
5.3 -2.3
5.3 -2.2
5.3 -2.1
5.3 -2
5.4 -4
5.4 -3.9
5.4 -3.8
5.4 -3.7
5.4 -3.6
5.4 -3.5
5.4 -3.4
5.4 -3.3
5.4 -3.2
5.4 -3.1
5.4 -3
5.4 -2.9
5.4 -2.8
5.4 -2.7
5.4 -2.6
5.4 -2.5
5.4 -2.4
5.4 -2.3
5.4 -2.2
5.4 -2.1
5.4 -2
5.5 -4
5.5 -3.9
5.5 -3.8
5.5 -3.7
5.5 -3.6
5.5 -3.5
5.5 -3.4
5.5 -3.3
5.5 -3.2
5.5 -3.1
5.5 -3
5.5 -2.9
5.5 -2.8
5.5 -2.7
5.5 -2.6
5.5 -2.5
5.5 -2.4
5.5 -2.3
5.5 -2.2
5.5 -2.1
5.5 -2
5.6 -4
5.6 -3.9
5.6 -3.8
5.6 -3.7
5.6 -3.6
5.6 -3.5
5.6 -3.4
5.6 -3.3
5.6 -3.2
5.6 -3.1
5.6 -3
5.6 -2.9
5.6 -2.8
5.6 -2.7
5.6 -2.6
5.6 -2.5
5.6 -2.4
5.6 -2.3
5.6 -2.2
5.6 -2.1
5.6 -2
room: 2.61099 -4.24704 4.7124 1 355
-2 -7.9
-2 -7.8
-2 -7.7
-2 -7.6
-2 -7.5
-2 -7.4
-2 -7.3
-2 -7.2
-2 -7.1
-2 -7
-2 -6.9
-2 -6.8
-2 -6.7
-2 -6.6
-2 -6.5
-2 -6.4
-2 -6.3
-2 -6.2
-2 -6.1
-2 -6
-2 -5.9
-2 -5.8
-2 -5.7
-2 -5.6
-2 -5.5
-2 -5.4
-2 -3.7
-2 -3.6
-2 -3.5
-2 -3.4
-2 -3.3
-1.9 -7.9
-1.9 -7.2
-1.9 -7.1
-1.9 -7
-1.9 -6.9
-1.9 -6.8
-1.9 -6.7
-1.9 -6.6
-1.9 -6.5
-1.9 -6.4
-1.9 -6.3
-1.9 -6.2
-1.9 -6.1
-1.9 -6
-1.9 -5.9
-1.9 -5.8
-1.9 -5.7
-1.9 -5.6
-1.9 -5.5
-1.9 -5.4
-1.9 -5.3
-1.9 -5.2
-1.9 -5.1
-1.9 -5
-1.9 -4.9
-1.9 -4.8
-1.9 -4.7
-1.9 -4.6
-1.9 -4.5
-1.9 -4.4
-1.9 -4.3
-1.9 -4.2
-1.9 -4.1
-1.9 -4
-1.9 -3.9
-1.9 -3.8
-1.9 -3.7
-1.9 -3.6
-1.9 -3.5
-1.9 -3.4
-1.9 -3.3
-1.9 -3.2
-1.9 -3.1
-1.9 -3
-1.9 -2.9
-1.9 -2.8
-1.9 -2.7
-1.9 -2.6
-1.9 -2.5
-1.9 -2.4
-1.9 -2.3
-1.9 -2.2
-1.9 -2.1
-1.9 -2
-1.9 -1.9
-1.9 -1.8
-1.9 -1.7
-1.9 -1.6
-1.9 -1.5
-1.8 -7.9
-1.8 -1.6
-1.8 -1.5
-1.7 -7.9
-1.7 -1.6
-1.7 -1.5
-1.6 -7.9
-1.6 -1.6
-1.6 -1.5
-1.5 -7.9
-1.5 -1.6
-1.5 -1.5
-1.4 -7.9
-1.4 -1.6
-1.4 -1.5
-1.3 -7.9
-1.3 -1.6
-1.3 -1.5
-1.2 -7.9
-1.2 -1.6
-1.2 -1.5
-1.1 -7.9
-1.1 -1.6
-1.1 -1.5
-1 -7.9
-1 -1.6
-0.9 -7.9
-0.9 -1.6
-0.8 -7.9
-0.8 -1.6
-0.7 -7.9
-0.7 -1.6
-0.6 -7.9
-0.6 -1.6
-0.5 -7.9
-0.5 -1.6
-0.4 -7.9
-0.4 -1.6
-0.3 -7.9
-0.3 -1.6
-0.2 -7.9
-0.2 -1.6
-0.1 -7.9
-0.1 -1.6
0 -7.9
0 -1.6
0.1 -7.9
0.1 -1.6
0.2 -7.9
0.2 -1.6
0.3 -7.9
0.3 -1.6
0.4 -7.9
0.4 -1.6
0.5 -7.9
0.5 -1.6
0.6 -7.9
0.6 -1.6
0.7 -7.9
0.7 -1.6
0.8 -7.9
0.8 -1.6
0.9 -7.9
0.9 -1.6
1 -7.9
1 -1.6
1.1 -1.6
1.2 -1.6
1.3 -1.6
1.4 -1.6
1.5 -1.6
1.6 -1.6
1.7 -1.6
1.8 -1.6
1.9 -1.6
2 -1.6
2.1 -1.6
2.1 -1.5
2.8 -7.9
2.9 -7.9
3 -7.9
3.1 -7.9
3.2 -7.9
3.2 -1.6
3.3 -7.9
3.3 -1.6
3.4 -7.9
3.4 -1.6
3.5 -7.9
3.5 -1.6
3.6 -7.9
3.6 -1.6
3.7 -7.9
3.7 -1.6
3.8 -7.9
3.8 -1.6
3.9 -7.9
3.9 -1.6
4 -7.9
4 -1.6
4.1 -7.9
4.1 -1.6
4.2 -7.9
4.2 -1.6
4.3 -7.9
4.3 -1.6
4.4 -7.9
4.4 -1.6
4.5 -7.9
4.5 -1.6
4.6 -7.9
4.6 -1.6
4.7 -7.9
4.7 -1.6
4.8 -7.9
4.8 -1.6
4.9 -7.9
4.9 -1.6
5 -7.9
5 -1.6
5 -1.4
5.1 -7.9
5.1 -1.6
5.1 -1.4
5.1 -1.3
5.2 -7.9
5.2 -1.6
5.2 -1.3
5.3 -7.9
5.3 -1.6
5.3 -1.3
5.4 -7.9
5.4 -1.6
5.4 -1.3
5.5 -7.9
5.5 -1.6
5.5 -1.3
5.6 -7.9
5.6 -1.6
5.6 -1.3
5.7 -7.9
5.7 -1.6
5.7 -1.3
5.8 -7.9
5.8 -1.6
5.8 -1.3
5.9 -7.9
5.9 -1.6
5.9 -1.3
6 -7.9
6 -1.6
6 -1.3
6 -1.2
6.1 -7.9
6.1 -1.6
6.1 -1.2
6.2 -7.9
6.2 -1.6
6.2 -1.2
6.3 -7.9
6.3 -1.6
6.3 -1.2
6.4 -7.9
6.4 -1.6
6.4 -1.2
6.5 -7.9
6.5 -1.6
6.5 -1.2
6.6 -7.9
6.6 -1.6
6.6 -1.3
6.6 -1.2
6.7 -7.9
6.7 -2.3
6.7 -2.2
6.7 -2.1
6.7 -2
6.7 -1.9
6.7 -1.8
6.7 -1.7
6.7 -1.6
6.7 -1.5
6.7 -1.4
6.7 -1.3
6.8 -7.9
6.8 -3.2
6.8 -3.1
6.8 -3
6.8 -2.9
6.8 -2.8
6.8 -2.7
6.8 -2.6
6.8 -2.5
6.8 -2.4
6.8 -2.3
6.8 -1.6
6.9 -7.9
6.9 -4.2
6.9 -4.1
6.9 -4
6.9 -3.9
6.9 -3.8
6.9 -3.7
6.9 -3.6
6.9 -3.5
6.9 -3.4
6.9 -3.3
6.9 -3.2
6.9 -1.6
7 -7.9
7 -7.8
7 -7.7
7 -7.6
7 -7.5
7 -7.4
7 -7.3
7 -7.2
7 -7.1
7 -7
7 -6.9
7 -6.8
7 -6.7
7 -6.6
7 -6.5
7 -6.4
7 -6.3
7 -6.2
7 -6
7 -5.9
7 -5.8
7 -5.7
7 -5.6
7 -5.5
7 -5.4
7 -4.6
7 -4.5
7 -4.4
7 -4.3
7 -4.2
7 -2.8
7 -2.7
7 -2.6
7 -2.5
7 -2.4
7 -2.3
7 -2.2
7 -2.1
7 -2
7 -1.9
7 -1.8
7 -1.7
7 -1.6
7.1 -2.8
7.1 -2.7
7.1 -2.6
7.1 -2.5
7.1 -2.4
7.1 -2.3
7.1 -2.2
7.1 -2.1
7.1 -2
7.1 -1.9
7.1 -1.8
7.1 -1.7
7.1 -1.6
table: 3.80897 -2.06084 -1 1 82
3.74501 -2.01023
3.76498 -2.05606
3.69917 -2.0302
3.99417 -1.95619
4.01414 -2.00202
3.97419 -1.91035
4.03412 -2.04786
4.05409 -2.0937
3.95422 -1.86451
3.92836 -1.93033
3.94833 -1.97616
3.96831 -2.022
3.98828 -2.06784
3.88841 -1.83865
3.90838 -1.88449
3.81082 -2.03609
4.00826 -2.11367
4.02823 -2.15951
3.84257 -1.85863
3.86254 -1.90446
3.88252 -1.9503
3.90249 -1.99614
3.92247 -2.04197
3.94244 -2.08781
3.96242 -2.13365
3.98239 -2.17948
3.71915 -2.07604
3.82259 -1.81279
4.00237 -2.22532
3.77676 -1.83277
3.79673 -1.8786
3.81671 -1.92444
3.83668 -1.97028
3.85666 -2.01611
3.87663 -2.06195
3.89661 -2.10779
3.91658 -2.15362
3.93656 -2.19946
3.95653 -2.2453
3.73092 -1.85274
3.7509 -1.89858
3.77087 -1.94441
3.79085 -1.99025
3.8308 -2.08192
3.85077 -2.12776
3.87075 -2.1736
3.89072 -2.21943
3.9107 -2.26527
3.68508 -1.87272
3.70506 -1.91855
3.72503 -1.96439
3.78496 -2.1019
3.80493 -2.14774
3.82491 -2.19357
3.84488 -2.23941
3.86486 -2.28525
3.63925 -1.89269
3.65922 -1.93853
3.6792 -1.98436
3.73912 -2.12187
3.7591 -2.16771
3.77907 -2.21355
3.79905 -2.25938
3.81902 -2.30522
3.61339 -1.9585
3.63336 -2.00434
3.65334 -2.05018
3.67331 -2.09601
3.69329 -2.14185
3.71326 -2.18769
3.73324 -2.23352
3.75321 -2.27936
3.56755 -1.97848
3.58752 -2.02431
3.6075 -2.07015
3.62747 -2.11599
3.64745 -2.16182
3.66742 -2.20766
3.6874 -2.2535
3.56166 -2.09013
3.58164 -2.13596
3.60161 -2.1818
