OR: -2.62212 0.930824 3.24536 9.0431e-38 16
-2.77212 0.780824
-2.77212 0.880824
-2.77212 0.980824
-2.77212 1.08082
-2.67212 0.780824
-2.67212 0.880824
-2.67212 0.980824
-2.67212 1.08082
-2.57212 0.780824
-2.57212 0.880824
-2.57212 0.980824
-2.57212 1.08082
-2.47212 0.780824
-2.47212 0.880824
-2.47212 0.980824
-2.47212 1.08082
CR: -3.89279 4.86448 2.03888 1 16
-4.04279 4.71448
-4.04279 4.81448
-4.04279 4.91448
-4.04279 5.01448
-3.94279 4.71448
-3.94279 4.81448
-3.94279 4.91448
-3.94279 5.01448
-3.84279 4.71448
-3.84279 4.81448
-3.84279 4.91448
-3.84279 5.01448
-3.74279 4.71448
-3.74279 4.81448
-3.74279 4.91448
-3.74279 5.01448
meetingroom: -4.45 -3.37963 3.1416 1 108
-5.2 -4.9
-5.2 -4.8
-5.2 -4.7
-5.2 -4.6
-5.2 -2.5
-5.2 -2.4
-5.2 -2.3
-5.2 -2.2
-5.2 -2.1
-5.2 -2
-5.2 -1.9
-5.2 -1.8
-5.2 -1.7
-5.2 -1.6
-5.2 -1.5
-5.2 -1.4
-5.2 -1.3
-5.2 -1.2
-5.1 -5
-5.1 -4.9
-5.1 -4.8
-5.1 -4.7
-5.1 -4.6
-5.1 -4.5
-5.1 -4.4
-5.1 -4.3
-5.1 -4.2
-5.1 -4.1
-5.1 -4
-5.1 -3.9
-5.1 -3.8
-5.1 -3.7
-5.1 -3.6
-5.1 -3.5
-5.1 -3.4
-5.1 -3.3
-5.1 -3.2
-5.1 -3.1
-5.1 -3
-5.1 -2.9
-5.1 -2.8
-5.1 -2.7
-5.1 -2.6
-5.1 -2.5
-5.1 -1.2
-5 -5
-5 -4.9
-5 -1.2
-4.9 -5
-4.9 -4.9
-4.9 -1.2
-4.8 -5
-4.8 -4.9
-4.8 -1.2
-4.7 -5
-4.7 -4.9
-4.7 -1.2
-4.6 -5
-4.6 -4.9
-4.6 -1.2
-4.5 -5
-4.5 -4.9
-4.5 -1.2
-4.4 -5
-4.4 -4.9
-4.4 -1.2
-4.3 -5
-4.3 -4.9
-4.3 -1.2
-4.2 -5
-4.2 -4.9
-4.2 -1.2
-4.1 -5
-4.1 -4.9
-4.1 -1.2
-4 -5
-4 -4.9
-4 -1.2
-3.9 -5
-3.9 -4.9
-3.9 -1.2
-3.8 -5
-3.8 -4.9
-3.8 -1.2
-3.7 -5
-3.7 -4.9
-3.7 -1.2
-3.6 -5
-3.6 -4.9
-3.6 -1.2
-3.5 -4.9
-3.5 -1.2
-3.4 -4.9
-3.4 -1.2
-3.3 -4.9
-3.3 -1.2
-3.2 -4.9
-3.2 -1.2
-3.1 -4.9
-3.1 -1.2
-3 -4.9
-3 -1.2
-2.9 -4.9
-2.9 -1.2
-2.8 -4.9
-2.8 -1.2
-2.7 -4.9
-2.7 -1.2
studioroom: -0.978142 3.95603 1.5708 1 398
-5.2 0.1
-5.2 0.2
-5.2 0.3
-5.2 0.4
-5.2 0.5
-5.2 0.6
-5.2 0.7
-5.2 0.8
-5.2 0.9
-5.2 1
-5.2 1.1
-5.2 1.2
-5.2 1.3
-5.2 1.4
-5.2 1.5
-5.2 1.6
-5.2 1.7
-5.2 1.8
-5.2 1.9
-5.2 2
-5.2 2.1
-5.2 2.2
-5.2 2.3
-5.2 2.4
-5.2 2.5
-5.2 2.6
-5.2 4.8
-5.2 4.9
-5.2 5
-5.2 5.1
-5.2 5.2
-5.2 5.3
-5.2 5.4
-5.2 5.5
-5.2 5.6
-5.2 5.7
-5.2 5.8
-5.2 5.9
-5.1 0
-5.1 0.1
-5.1 0.2
-5.1 0.3
-5.1 0.4
-5.1 0.5
-5.1 0.6
-5.1 0.7
-5.1 0.8
-5.1 0.9
-5.1 1
-5.1 1.1
-5.1 1.2
-5.1 1.3
-5.1 1.4
-5.1 1.5
-5.1 1.6
-5.1 1.7
-5.1 1.8
-5.1 1.9
-5.1 2
-5.1 2.1
-5.1 2.2
-5.1 2.3
-5.1 2.4
-5.1 2.5
-5.1 2.6
-5.1 2.7
-5.1 2.8
-5.1 2.9
-5.1 3
-5.1 3.1
-5.1 3.2
-5.1 3.3
-5.1 3.4
-5.1 3.5
-5.1 3.6
-5.1 3.7
-5.1 3.8
-5.1 3.9
-5.1 4
-5.1 4.1
-5.1 4.2
-5.1 4.3
-5.1 4.4
-5.1 4.5
-5.1 4.6
-5.1 4.7
-5.1 4.8
-5.1 4.9
-5.1 5
-5.1 5.1
-5.1 5.2
-5.1 5.3
-5.1 5.4
-5.1 5.5
-5.1 5.6
-5.1 5.7
-5.1 5.8
-5.1 5.9
-5.1 6
-5.1 6.1
-5.1 6.2
-5.1 6.3
-5.1 6.4
-5.1 6.5
-5.1 6.6
-5.1 6.7
-5.1 6.8
-5.1 6.9
-5 0
-5 0.1
-5 1.3
-5 1.4
-5 1.5
-5 1.6
-5 1.7
-5 6.8
-5 6.9
-4.9 0
-4.9 0.1
-4.9 6.8
-4.9 6.9
-4.8 0
-4.8 0.1
-4.8 6.8
-4.8 6.9
-4.7 0
-4.7 0.1
-4.7 6.8
-4.7 6.9
-4.6 0
-4.6 0.1
-4.6 6.8
-4.6 6.9
-4.5 0.1
-4.5 6.8
-4.5 6.9
-4.4 0.1
-4.4 6.8
-4.4 6.9
-4.3 0.1
-4.3 6.8
-4.3 6.9
-4.2 0.1
-4.2 6.8
-4.2 6.9
-4.1 0.1
-4.1 6.8
-4.1 6.9
-4 0.1
-4 6.8
-3.9 0.1
-3.9 6.8
-3.8 0.1
-3.8 6.8
-3.7 0.1
-3.7 6.8
-3.6 0.1
-3.6 6.8
-3.5 0.1
-3.5 6.8
-3.4 0.1
-3.4 6.8
-3.3 0.1
-3.3 6.8
-3.2 0.1
-3.2 6.8
-3.1 0.1
-3.1 6.8
-3 0.1
-3 6.8
-2.9 0.1
-2.9 6.8
-2.8 0.1
-2.8 6.8
-2.7 -0.2
-2.7 -0.1
-2.7 0
-2.7 0.1
-2.7 6.8
-2.6 6.6
-2.6 6.8
-2.5 6.6
-2.4 6.6
-2.3 6.6
-2.2 6.6
-2.1 6.6
-2 6.6
-1.9 6.6
-1.8 6.6
-1.8 6.7
-1.7 6.7
-1.6 0.1
-1.6 6.7
-1.6 6.8
-1.5 0.1
-1.5 6.7
-1.5 6.8
-1.4 0.1
-1.4 6.7
-1.4 6.8
-1.3 0.1
-1.3 6.7
-1.3 6.8
-1.2 0.1
-1.2 6.7
-1.2 6.8
-1.1 0.1
-1.1 6.7
-1.1 6.8
-1 0.1
-1 6.7
-1 6.8
-0.9 0.1
-0.9 6.7
-0.9 6.8
-0.8 0.1
-0.8 6.7
-0.8 6.8
-0.7 0.1
-0.7 6.7
-0.7 6.8
-0.6 0.1
-0.6 6.7
-0.6 6.8
-0.5 0.1
-0.5 6.7
-0.5 6.8
-0.4 0.1
-0.4 6.7
-0.4 6.8
-0.3 0.1
-0.3 6.7
-0.3 6.8
-0.2 0.1
-0.2 6.7
-0.2 6.8
-0.1 0.1
-0.1 6.7
-0.1 6.8
0 0.1
0 6.7
0 6.8
0.1 0.1
0.1 6.7
0.1 6.8
0.2 0.1
0.2 6.7
0.2 6.8
0.3 0.1
0.3 6.7
0.3 6.8
0.4 0.1
0.4 6.7
0.4 6.8
0.5 0.1
0.5 6.7
0.5 6.8
0.6 0.1
0.6 6.7
0.6 6.8
0.7 0.1
0.7 6.7
0.7 6.8
0.8 0.1
0.8 6.7
0.8 6.8
0.9 0.1
0.9 6.7
0.9 6.8
1 0.1
1 6.8
1.1 0.1
1.1 6.8
1.2 0.1
1.2 6.8
1.3 0.1
1.3 6.8
1.4 0.1
1.4 6.8
1.5 0.1
1.5 6.8
1.6 0.1
1.6 6.8
1.7 0.1
1.7 6.8
1.8 0.1
1.8 6.8
1.9 0.1
1.9 6.8
2 0.1
2 6.8
2.1 0.1
2.1 6.8
2.2 0.1
2.2 6.8
2.3 0.1
2.3 6.8
2.4 0.1
2.4 6.8
2.5 0.1
2.5 6.8
2.6 0.1
2.6 6.8
2.7 0.1
2.7 6.8
2.8 0.1
2.8 6.8
2.9 0.1
2.9 6.8
3 0.1
3 6.8
3.1 6.8
3.2 6.8
3.3 6.8
3.3 6.9
3.4 6.8
3.4 6.9
3.5 6.8
3.5 6.9
3.6 6.8
3.6 6.9
3.7 6.8
3.7 6.9
3.8 6.8
3.8 6.9
3.9 6.8
3.9 6.9
4 6.8
4 6.9
4.1 6.9
4.2 6.9
4.3 6.9
4.4 6.9
4.5 6.9
4.6 6.9
4.7 6.9
4.8 6.9
4.9 6.9
5 6.9
5.1 6.9
5.2 6.2
5.2 6.3
5.2 6.4
5.2 6.5
5.2 6.6
5.2 6.7
5.2 6.8
5.2 6.9
5.3 0.7
5.3 0.8
5.3 0.9
5.3 1
5.3 1.1
5.3 1.2
5.3 1.3
5.3 1.4
5.3 1.5
5.3 1.6
5.3 1.7
5.3 1.8
5.3 1.9
5.3 2
5.3 2.1
5.3 2.2
5.3 2.3
5.3 2.4
5.3 2.5
5.3 2.6
5.3 2.7
5.3 2.8
5.3 2.9
5.3 3
5.3 3.1
5.3 3.2
5.3 3.3
5.3 3.4
5.3 3.5
5.3 3.6
5.3 3.7
5.3 3.8
5.3 3.9
5.3 4
5.3 4.1
5.3 4.2
5.3 4.3
5.3 4.4
5.3 4.5
5.3 4.6
5.3 4.7
5.3 4.8
5.3 5.5
5.3 5.6
5.3 5.7
5.3 5.8
5.3 5.9
5.3 6
5.3 6.1
5.3 6.2
officeroom: 1.95993 -2.91324 0 1 272
-1.4 -1.2
-1.3 -1.2
-1.2 -1.2
-1.1 -1.2
-1 -1.2
-0.8 -2
-0.8 -2.1
-0.8 -2.4
-0.8 -2.5
-0.8 -2.6
-0.8 -2.7
-0.8 -2.8
-0.8 -2.9
-0.8 -3
-0.8 -3.1
-0.8 -3.2
-0.8 -3.3
-0.8 -3.4
-0.8 -3.5
-0.8 -3.6
-0.8 -3.7
-0.8 -3.8
-0.8 -3.9
-0.9 -1.2
-0.8 -5
-0.8 -4.9
-0.8 -4.8
-0.8 -4.7
-0.8 -4.6
-0.8 -4.5
-0.8 -4.4
-0.8 -4.3
-0.8 -4.2
-0.8 -4.1
-0.8 -2.3
-0.8 -2.2
-0.8 -1.2
-1.5 -2
-1.5 -2.1
-1.5 -2.4
-1.5 -2.5
-1.5 -2.6
-1.5 -2.7
-1.5 -2.8
-1.5 -2.9
-1.5 -3
-1.5 -3.1
-1.5 -3.2
-1.5 -3.3
-1.5 -3.4
-1.5 -3.5
-1.5 -3.6
-1.5 -3.7
-1.5 -3.8
-1.5 -3.9
-1.5 -1.2
-1.5 -5
-1.5 -4.9
-1.5 -4.8
-1.5 -4.7
-1.5 -4.6
-1.5 -4.5
-1.5 -4.4
-1.5 -4.3
-1.5 -4.2
-1.5 -4.1
-1.5 -2.3
-1.5 -2.2
-1.5 -1.2
-0.7 -5
-0.7 -1.2
-0.6 -5
-0.6 -1.2
-0.5 -5
-0.5 -1.2
-0.4 -5
-0.4 -1.2
-0.3 -5
-0.3 -1.2
-0.2 -5
-0.2 -1.3
-0.2 -1.2
-0.1 -5
-0.1 -4.9
-0.1 -1.3
-0.1 -1.2
0 -4.9
0 -1.3
0 -1.2
0.1 -4.9
0.1 -1.3
0.1 -1.2
0.2 -4.9
0.2 -1.3
0.2 -1.2
0.3 -4.9
0.3 -1.3
0.3 -1.2
0.4 -4.9
0.4 -1.3
0.4 -1.2
0.5 -4.9
0.5 -1.2
0.6 -4.9
0.6 -1.2
0.7 -4.9
0.7 -1.2
0.8 -4.9
0.8 -1.2
0.9 -4.9
0.9 -1.2
1 -4.9
1 -1.2
1.1 -4.9
1.1 -1.2
1.2 -4.9
1.2 -1.2
1.3 -4.9
1.3 -1.2
1.4 -4.9
1.4 -1.2
1.5 -4.9
1.5 -1.2
1.6 -4.9
1.6 -1.2
1.7 -4.9
1.7 -1.2
1.8 -4.9
1.8 -1.2
1.9 -4.9
1.9 -1.2
2 -4.9
2 -1.2
2.1 -4.9
2.1 -1.2
2.2 -4.9
2.2 -1.2
2.2 -1.1
2.3 -4.9
2.3 -1.2
2.3 -1.1
2.4 -4.9
2.4 -4.8
2.4 -1.2
2.4 -1.1
2.5 -4.8
2.5 -1.2
2.5 -1.1
2.6 -4.8
2.6 -1.2
2.6 -1.1
2.7 -4.8
2.7 -1.2
2.7 -1.1
2.8 -4.8
2.8 -1.2
2.8 -1.1
2.9 -4.9
2.9 -4.8
2.9 -1.2
2.9 -1.1
3 -4.9
3 -4.8
3 -1.2
3 -1.1
3.1 -4.9
3.1 -4.8
3.1 -1.2
3.1 -1.1
3.2 -4.9
3.2 -4.8
3.2 -1.1
3.3 -4.9
3.3 -1.1
3.4 -4.9
3.4 -1.1
3.5 -4.9
3.5 -1.1
3.6 -4.9
3.6 -1.1
3.7 -4.9
3.7 -1.1
3.7 -1
3.8 -4.9
3.8 -1.1
3.8 -1
3.9 -4.9
3.9 -1.1
3.9 -1
4 -5
4 -4.9
4 -1.1
4 -1
4.1 -5
4.1 -4.9
4.1 -1.1
4.1 -1
4.2 -5
4.2 -4.9
4.2 -1.1
4.2 -1
4.3 -5
4.3 -4.9
4.3 -1.1
4.3 -1
4.4 -5
4.4 -4.9
4.4 -1.1
4.4 -1
4.5 -4.9
4.5 -1.1
4.5 -1
4.6 -4.9
4.6 -1
4.7 -4.9
4.7 -1
4.8 -4.9
4.8 -1
4.9 -4.9
4.9 -1
5 -4.9
5 -1
5.1 -4.9
5.1 -1
5.2 -4.9
5.2 -1.6
5.2 -1.5
5.2 -1.4
5.2 -1.3
5.2 -1.2
5.2 -1.1
5.2 -1
5.3 -4.9
5.3 -4.8
5.3 -4.7
5.3 -4.6
5.3 -4.5
5.3 -4.4
5.3 -4.3
5.3 -4.2
5.3 -4.1
5.3 -4
5.3 -3.9
5.3 -3.8
5.3 -3.7
5.3 -3.6
5.3 -3.5
5.3 -3.4
5.3 -3.3
5.3 -3.2
5.3 -3.1
5.3 -3
5.3 -2.9
5.3 -2.8
5.3 -2.7
5.3 -2.6
5.3 -2.5
5.3 -2.4
5.3 -2.3
5.3 -2.2
5.3 -2.1
5.3 -2
5.3 -1.9
5.3 -1.8
5.3 -1.7
5.3 -1.6
5.3 -1.5
5.3 -1.4
5.3 -1.3
5.3 -1.2
5.3 -1.1
5.3 -1
room: -0.978142 3.95603 1.5708 1 398
-5.2 0.1
-5.2 0.2
-5.2 0.3
-5.2 0.4
-5.2 0.5
-5.2 0.6
-5.2 0.7
-5.2 0.8
-5.2 0.9
-5.2 1
-5.2 1.1
-5.2 1.2
-5.2 1.3
-5.2 1.4
-5.2 1.5
-5.2 1.6
-5.2 1.7
-5.2 1.8
-5.2 1.9
-5.2 2
-5.2 2.1
-5.2 2.2
-5.2 2.3
-5.2 2.4
-5.2 2.5
-5.2 2.6
-5.2 4.8
-5.2 4.9
-5.2 5
-5.2 5.1
-5.2 5.2
-5.2 5.3
-5.2 5.4
-5.2 5.5
-5.2 5.6
-5.2 5.7
-5.2 5.8
-5.2 5.9
-5.1 0
-5.1 0.1
-5.1 0.2
-5.1 0.3
-5.1 0.4
-5.1 0.5
-5.1 0.6
-5.1 0.7
-5.1 0.8
-5.1 0.9
-5.1 1
-5.1 1.1
-5.1 1.2
-5.1 1.3
-5.1 1.4
-5.1 1.5
-5.1 1.6
-5.1 1.7
-5.1 1.8
-5.1 1.9
-5.1 2
-5.1 2.1
-5.1 2.2
-5.1 2.3
-5.1 2.4
-5.1 2.5
-5.1 2.6
-5.1 2.7
-5.1 2.8
-5.1 2.9
-5.1 3
-5.1 3.1
-5.1 3.2
-5.1 3.3
-5.1 3.4
-5.1 3.5
-5.1 3.6
-5.1 3.7
-5.1 3.8
-5.1 3.9
-5.1 4
-5.1 4.1
-5.1 4.2
-5.1 4.3
-5.1 4.4
-5.1 4.5
-5.1 4.6
-5.1 4.7
-5.1 4.8
-5.1 4.9
-5.1 5
-5.1 5.1
-5.1 5.2
-5.1 5.3
-5.1 5.4
-5.1 5.5
-5.1 5.6
-5.1 5.7
-5.1 5.8
-5.1 5.9
-5.1 6
-5.1 6.1
-5.1 6.2
-5.1 6.3
-5.1 6.4
-5.1 6.5
-5.1 6.6
-5.1 6.7
-5.1 6.8
-5.1 6.9
-5 0
-5 0.1
-5 1.3
-5 1.4
-5 1.5
-5 1.6
-5 1.7
-5 6.8
-5 6.9
-4.9 0
-4.9 0.1
-4.9 6.8
-4.9 6.9
-4.8 0
-4.8 0.1
-4.8 6.8
-4.8 6.9
-4.7 0
-4.7 0.1
-4.7 6.8
-4.7 6.9
-4.6 0
-4.6 0.1
-4.6 6.8
-4.6 6.9
-4.5 0.1
-4.5 6.8
-4.5 6.9
-4.4 0.1
-4.4 6.8
-4.4 6.9
-4.3 0.1
-4.3 6.8
-4.3 6.9
-4.2 0.1
-4.2 6.8
-4.2 6.9
-4.1 0.1
-4.1 6.8
-4.1 6.9
-4 0.1
-4 6.8
-3.9 0.1
-3.9 6.8
-3.8 0.1
-3.8 6.8
-3.7 0.1
-3.7 6.8
-3.6 0.1
-3.6 6.8
-3.5 0.1
-3.5 6.8
-3.4 0.1
-3.4 6.8
-3.3 0.1
-3.3 6.8
-3.2 0.1
-3.2 6.8
-3.1 0.1
-3.1 6.8
-3 0.1
-3 6.8
-2.9 0.1
-2.9 6.8
-2.8 0.1
-2.8 6.8
-2.7 -0.2
-2.7 -0.1
-2.7 0
-2.7 0.1
-2.7 6.8
-2.6 6.6
-2.6 6.8
-2.5 6.6
-2.4 6.6
-2.3 6.6
-2.2 6.6
-2.1 6.6
-2 6.6
-1.9 6.6
-1.8 6.6
-1.8 6.7
-1.7 6.7
-1.6 0.1
-1.6 6.7
-1.6 6.8
-1.5 0.1
-1.5 6.7
-1.5 6.8
-1.4 0.1
-1.4 6.7
-1.4 6.8
-1.3 0.1
-1.3 6.7
-1.3 6.8
-1.2 0.1
-1.2 6.7
-1.2 6.8
-1.1 0.1
-1.1 6.7
-1.1 6.8
-1 0.1
-1 6.7
-1 6.8
-0.9 0.1
-0.9 6.7
-0.9 6.8
-0.8 0.1
-0.8 6.7
-0.8 6.8
-0.7 0.1
-0.7 6.7
-0.7 6.8
-0.6 0.1
-0.6 6.7
-0.6 6.8
-0.5 0.1
-0.5 6.7
-0.5 6.8
-0.4 0.1
-0.4 6.7
-0.4 6.8
-0.3 0.1
-0.3 6.7
-0.3 6.8
-0.2 0.1
-0.2 6.7
-0.2 6.8
-0.1 0.1
-0.1 6.7
-0.1 6.8
0 0.1
0 6.7
0 6.8
0.1 0.1
0.1 6.7
0.1 6.8
0.2 0.1
0.2 6.7
0.2 6.8
0.3 0.1
0.3 6.7
0.3 6.8
0.4 0.1
0.4 6.7
0.4 6.8
0.5 0.1
0.5 6.7
0.5 6.8
0.6 0.1
0.6 6.7
0.6 6.8
0.7 0.1
0.7 6.7
0.7 6.8
0.8 0.1
0.8 6.7
0.8 6.8
0.9 0.1
0.9 6.7
0.9 6.8
1 0.1
1 6.8
1.1 0.1
1.1 6.8
1.2 0.1
1.2 6.8
1.3 0.1
1.3 6.8
1.4 0.1
1.4 6.8
1.5 0.1
1.5 6.8
1.6 0.1
1.6 6.8
1.7 0.1
1.7 6.8
1.8 0.1
1.8 6.8
1.9 0.1
1.9 6.8
2 0.1
2 6.8
2.1 0.1
2.1 6.8
2.2 0.1
2.2 6.8
2.3 0.1
2.3 6.8
2.4 0.1
2.4 6.8
2.5 0.1
2.5 6.8
2.6 0.1
2.6 6.8
2.7 0.1
2.7 6.8
2.8 0.1
2.8 6.8
2.9 0.1
2.9 6.8
3 0.1
3 6.8
3.1 6.8
3.2 6.8
3.3 6.8
3.3 6.9
3.4 6.8
3.4 6.9
3.5 6.8
3.5 6.9
3.6 6.8
3.6 6.9
3.7 6.8
3.7 6.9
3.8 6.8
3.8 6.9
3.9 6.8
3.9 6.9
4 6.8
4 6.9
4.1 6.9
4.2 6.9
4.3 6.9
4.4 6.9
4.5 6.9
4.6 6.9
4.7 6.9
4.8 6.9
4.9 6.9
5 6.9
5.1 6.9
5.2 6.2
5.2 6.3
5.2 6.4
5.2 6.5
5.2 6.6
5.2 6.7
5.2 6.8
5.2 6.9
5.3 0.7
5.3 0.8
5.3 0.9
5.3 1
5.3 1.1
5.3 1.2
5.3 1.3
5.3 1.4
5.3 1.5
5.3 1.6
5.3 1.7
5.3 1.8
5.3 1.9
5.3 2
5.3 2.1
5.3 2.2
5.3 2.3
5.3 2.4
5.3 2.5
5.3 2.6
5.3 2.7
5.3 2.8
5.3 2.9
5.3 3
5.3 3.1
5.3 3.2
5.3 3.3
5.3 3.4
5.3 3.5
5.3 3.6
5.3 3.7
5.3 3.8
5.3 3.9
5.3 4
5.3 4.1
5.3 4.2
5.3 4.3
5.3 4.4
5.3 4.5
5.3 4.6
5.3 4.7
5.3 4.8
5.3 5.5
5.3 5.6
5.3 5.7
5.3 5.8
5.3 5.9
5.3 6
5.3 6.1
5.3 6.2
table: -3.81523 0.754636 -1 1 558
-4.46002 0.23666
-4.4652 0.286391
-4.47038 0.336122
-4.47556 0.385853
-4.41029 0.24184
-4.41547 0.291571
-4.42065 0.341302
-4.42583 0.391033
-4.43101 0.440764
-4.43619 0.490495
-4.44137 0.540226
-4.44655 0.589957
-4.45173 0.639688
-4.45691 0.689419
-4.46209 0.739149
-4.46727 0.78888
-4.47245 0.838611
-4.47763 0.888342
-4.36056 0.24702
-4.36574 0.296751
-4.37092 0.346482
-4.3761 0.396213
-4.38128 0.445944
-4.38646 0.495675
-4.39164 0.545406
-4.39682 0.595137
-4.402 0.644868
-4.40718 0.694599
-4.41236 0.74433
-4.41754 0.794061
-4.42272 0.843791
-4.4279 0.893522
-4.43308 0.943253
-4.43826 0.992984
-4.44344 1.04272
-4.44862 1.09245
-4.4538 1.14218
-4.45898 1.19191
-4.46416 1.24164
-4.31083 0.2522
-4.31601 0.301931
-4.32119 0.351662
-4.32637 0.401393
-4.33155 0.451124
-4.33673 0.500855
-4.34191 0.550586
-4.34709 0.600317
-4.35227 0.650048
-4.35745 0.699779
-4.36263 0.74951
-4.36781 0.799241
-4.37299 0.848972
-4.37817 0.898703
-4.38335 0.948433
-4.38853 0.998164
-4.39371 1.0479
-4.39889 1.09763
-4.40407 1.14736
-4.40925 1.19709
-4.41443 1.24682
-4.2611 0.25738
-4.26628 0.307111
-4.27146 0.356842
-4.27664 0.406573
-4.28182 0.456304
-4.287 0.506035
-4.29218 0.555766
-4.29736 0.605497
-4.30254 0.655228
-4.30772 0.704959
-4.3129 0.75469
-4.31808 0.804421
-4.32326 0.854152
-4.32844 0.903883
-4.33362 0.953614
-4.3388 1.00334
-4.34398 1.05308
-4.34916 1.10281
-4.35434 1.15254
-4.35952 1.20227
-4.3647 1.252
-4.21137 0.262561
-4.21655 0.312292
-4.22173 0.362022
-4.22691 0.411753
-4.23209 0.461484
-4.23727 0.511215
-4.24245 0.560946
-4.24763 0.610677
-4.25281 0.660408
-4.25799 0.710139
-4.26317 0.75987
-4.26835 0.809601
-4.27353 0.859332
-4.27871 0.909063
-4.28389 0.958794
-4.28907 1.00852
-4.29425 1.05826
-4.29943 1.10799
-4.30461 1.15772
-4.30979 1.20745
-4.31497 1.25718
-4.16163 0.267741
-4.16681 0.317472
-4.172 0.367203
-4.17718 0.416933
-4.18236 0.466664
-4.18754 0.516395
-4.19272 0.566126
-4.1979 0.615857
-4.20308 0.665588
-4.20826 0.715319
-4.21344 0.76505
-4.21862 0.814781
-4.2238 0.864512
-4.22898 0.914243
-4.23416 0.963974
-4.23934 1.0137
-4.24452 1.06344
-4.2497 1.11317
-4.25488 1.1629
-4.26006 1.21263
-4.26524 1.26236
-4.1119 0.272921
-4.11708 0.322652
-4.12226 0.372383
-4.12744 0.422114
-4.13262 0.471845
-4.1378 0.521576
-4.14298 0.571306
-4.14816 0.621037
-4.15334 0.670768
-4.15852 0.720499
-4.1637 0.77023
-4.16889 0.819961
-4.17407 0.869692
-4.17925 0.919423
-4.18443 0.969154
-4.18961 1.01888
-4.19479 1.06862
-4.19997 1.11835
-4.20515 1.16808
-4.21033 1.21781
-4.21551 1.26754
-4.10672 0.22319
-4.05699 0.22837
-4.06217 0.278101
-4.06735 0.327832
-4.07253 0.377563
-4.07771 0.427294
-4.08289 0.477025
-4.08807 0.526756
-4.09325 0.576487
-4.09843 0.626217
-4.10361 0.675948
-4.10879 0.725679
-4.11397 0.77541
-4.11915 0.825141
-4.12433 0.874872
-4.12951 0.924603
-4.13469 0.974334
-4.13987 1.02407
-4.14505 1.0738
-4.15024 1.12353
-4.15542 1.17326
-4.16059 1.22299
-4.00726 0.23355
-4.01244 0.283281
-4.01762 0.333012
-4.0228 0.382743
-4.02798 0.432474
-4.03316 0.482205
-4.03834 0.531936
-4.04352 0.581667
-4.0487 0.631398
-4.05388 0.681129
-4.05906 0.73086
-4.06424 0.78059
-4.06942 0.830321
-4.0746 0.880052
-4.07978 0.929783
-4.08496 0.979514
-4.09014 1.02925
-4.09532 1.07898
-4.1005 1.12871
-4.10568 1.17844
-4.11086 1.22817
-3.95753 0.23873
-3.96271 0.288461
-3.96789 0.338192
-3.97307 0.387923
-3.97825 0.437654
-3.98343 0.487385
-3.98861 0.537116
-3.99379 0.586847
-3.99897 0.636578
-4.00415 0.686309
-4.00933 0.73604
-4.01451 0.785771
-4.01969 0.835502
-4.02487 0.885232
-4.03005 0.934963
-4.03523 0.984694
-4.04041 1.03443
-4.04559 1.08416
-4.05077 1.13389
-4.05595 1.18362
-4.06113 1.23335
-3.87879 0.448014
-3.88397 0.497745
-3.9078 0.24391
-3.91298 0.293641
-3.91816 0.343372
-3.92334 0.393103
-3.92852 0.442834
-3.9337 0.492565
-3.93888 0.542296
-3.94406 0.592027
-3.94924 0.641758
-3.95442 0.691489
-3.9596 0.74122
-3.96478 0.790951
-3.96996 0.840682
-3.97514 0.890413
-3.98032 0.940144
-3.9855 0.989874
-3.99068 1.03961
-3.99586 1.08934
-4.00104 1.13907
-4.00622 1.1888
-4.0114 1.23853
-3.85807 0.24909
-3.86325 0.298821
-3.86843 0.348552
-3.87361 0.398283
-3.88915 0.547476
-3.89433 0.597207
-3.89951 0.646938
-3.90469 0.696669
-3.90987 0.7464
-3.91505 0.796131
-3.92023 0.845862
-3.92541 0.895593
-3.93059 0.945324
-3.93577 0.995055
-3.94095 1.04479
-3.94613 1.09452
-3.95131 1.14425
-3.95649 1.19398
-3.96167 1.24371
-3.80834 0.254271
-3.81352 0.304002
-3.8187 0.353733
-3.82388 0.403463
-3.82906 0.453194
-3.83424 0.502925
-3.83942 0.552656
-3.8446 0.602387
-3.84978 0.652118
-3.85496 0.701849
-3.86014 0.75158
-3.86532 0.801311
-3.8705 0.851042
-3.87568 0.900773
-3.88086 0.950504
-3.88604 1.00023
-3.89122 1.04997
-3.8964 1.0997
-3.90158 1.14943
-3.90676 1.19916
-3.91194 1.24889
-3.78451 0.508105
-3.75861 0.259451
-3.76379 0.309182
-3.76897 0.358913
-3.77415 0.408644
-3.77933 0.458374
-3.78969 0.557836
-3.79487 0.607567
-3.80005 0.657298
-3.80523 0.707029
-3.81041 0.75676
-3.81559 0.806491
-3.82077 0.856222
-3.82595 0.905953
-3.83113 0.955684
-3.83631 1.00541
-3.84149 1.05515
-3.84667 1.10488
-3.85185 1.15461
-3.85703 1.20434
-3.86221 1.25407
-3.73478 0.513286
-3.70888 0.264631
-3.71406 0.314362
-3.71924 0.364093
-3.72442 0.413824
-3.7296 0.463555
-3.73996 0.563016
-3.74514 0.612747
-3.75032 0.662478
-3.7555 0.712209
-3.76068 0.76194
-3.76586 0.811671
-3.77104 0.861402
-3.77622 0.911133
-3.7814 0.960864
-3.78658 1.01059
-3.79176 1.06033
-3.79694 1.11006
-3.80212 1.15979
-3.8073 1.20952
-3.81248 1.25925
-3.65915 0.269811
-3.66433 0.319542
-3.66951 0.369273
-3.67469 0.419004
-3.67987 0.468735
-3.68505 0.518466
-3.69023 0.568197
-3.69541 0.617928
-3.70059 0.667658
-3.70577 0.717389
-3.71095 0.76712
-3.71613 0.816851
-3.72131 0.866582
-3.72649 0.916313
-3.73167 0.966044
-3.73685 1.01578
-3.74203 1.06551
-3.74721 1.11524
-3.75239 1.16497
-3.75757 1.2147
-3.76275 1.26443
-3.65397 0.22008
-3.60423 0.22526
-3.60941 0.274991
-3.61459 0.324722
-3.61977 0.374453
-3.62495 0.424184
-3.63013 0.473915
-3.63531 0.523646
-3.6405 0.573377
-3.64568 0.623108
-3.65086 0.672839
-3.65604 0.72257
-3.66122 0.7723
-3.6664 0.822031
-3.67158 0.871762
-3.67676 0.921493
-3.68194 0.971224
-3.68712 1.02096
-3.6923 1.07069
-3.69748 1.12042
-3.70266 1.17015
-3.70784 1.21988
-3.71302 1.26961
-3.5545 0.23044
-3.55968 0.280171
-3.56486 0.329902
-3.57004 0.379633
-3.57522 0.429364
-3.5804 0.479095
-3.58558 0.528826
-3.59076 0.578557
-3.59594 0.628288
-3.60112 0.678019
-3.6063 0.72775
-3.61148 0.777481
-3.61666 0.827212
-3.62184 0.876942
-3.62703 0.926673
-3.63221 0.976404
-3.63739 1.02614
-3.64257 1.07587
-3.64775 1.1256
-3.65293 1.17533
-3.65811 1.22506
-3.50477 0.23562
-3.50995 0.285351
-3.51513 0.335082
-3.52031 0.384813
-3.52549 0.434544
-3.53067 0.484275
-3.53585 0.534006
-3.54103 0.583737
-3.54621 0.633468
-3.55139 0.683199
-3.55657 0.73293
-3.56175 0.782661
-3.56693 0.832392
-3.57211 0.882123
-3.57729 0.931854
-3.58247 0.981584
-3.58765 1.03132
-3.59283 1.08105
-3.59801 1.13078
-3.60319 1.18051
-3.60837 1.23024
-3.45504 0.2408
-3.46022 0.290531
-3.4654 0.340262
-3.47058 0.389993
-3.47576 0.439724
-3.48094 0.489455
-3.48612 0.539186
-3.4913 0.588917
-3.49648 0.638648
-3.50166 0.688379
-3.50684 0.73811
-3.51202 0.787841
-3.5172 0.837572
-3.52238 0.887303
-3.52756 0.937034
-3.53274 0.986765
-3.53792 1.0365
-3.5431 1.08623
-3.54828 1.13596
-3.55346 1.18569
-3.55864 1.23542
-3.40531 0.245981
-3.41049 0.295712
-3.41567 0.345443
-3.42085 0.395173
-3.42603 0.444904
-3.43121 0.494635
-3.43639 0.544366
-3.44157 0.594097
-3.44675 0.643828
-3.45193 0.693559
-3.45711 0.74329
-3.46229 0.793021
-3.46747 0.842752
-3.47265 0.892483
-3.47783 0.942214
-3.48301 0.991945
-3.48819 1.04168
-3.49337 1.09141
-3.49855 1.14114
-3.50373 1.19087
-3.50891 1.2406
-3.36076 0.300892
-3.36594 0.350623
-3.37112 0.400354
-3.3763 0.450085
-3.38148 0.499815
-3.38666 0.549546
-3.39184 0.599277
-3.39702 0.649008
-3.4022 0.698739
-3.40738 0.74847
-3.41256 0.798201
-3.41774 0.847932
-3.42292 0.897663
-3.4281 0.947394
-3.43328 0.997125
-3.43846 1.04686
-3.44364 1.09659
-3.44882 1.14632
-3.454 1.19605
-3.45918 1.24578
-3.31103 0.306072
-3.31621 0.355803
-3.32139 0.405534
-3.32657 0.455265
-3.33175 0.504996
-3.33693 0.554726
-3.34211 0.604457
-3.34729 0.654188
-3.35247 0.703919
-3.35765 0.75365
-3.36283 0.803381
-3.36801 0.853112
-3.37319 0.902843
-3.37837 0.952574
-3.38355 1.00231
-3.38873 1.05204
-3.39391 1.10177
-3.39909 1.1515
-3.40427 1.20123
-3.40945 1.25096
-3.26648 0.360983
-3.27166 0.410714
-3.27684 0.460445
-3.28202 0.510176
-3.2872 0.559907
-3.29238 0.609638
-3.29756 0.659369
-3.30274 0.709099
-3.30792 0.75883
-3.3131 0.808561
-3.31828 0.858292
-3.32346 0.908023
-3.32864 0.957754
-3.33382 1.00749
-3.339 1.05722
-3.34418 1.10695
-3.34936 1.15668
-3.35454 1.20641
-3.35972 1.25614
-3.21675 0.366163
-3.22193 0.415894
-3.22711 0.465625
-3.23229 0.515356
-3.23747 0.565087
-3.24265 0.614818
-3.24783 0.664549
-3.25301 0.71428
-3.25819 0.764011
-3.26337 0.813741
-3.26855 0.863472
-3.27373 0.913203
-3.27891 0.962934
-3.28409 1.01267
-3.28927 1.0624
-3.29445 1.11213
-3.29963 1.16186
-3.30481 1.21159
-3.30999 1.26132
-3.1722 0.421074
-3.17738 0.470805
-3.18256 0.520536
-3.18774 0.570267
-3.19292 0.619998
-3.1981 0.669729
-3.20328 0.71946
-3.20846 0.769191
-3.21364 0.818922
-3.21882 0.868653
-3.224 0.918383
-3.22918 0.968114
-3.23436 1.01785
-3.23954 1.06758
-3.24472 1.11731
-3.2499 1.16704
-3.25508 1.21677
-3.26026 1.2665
-3.13283 0.525716
-3.13801 0.575447
-3.14319 0.625178
-3.14837 0.674909
-3.15355 0.72464
-3.15873 0.774371
-3.16391 0.824102
-3.16909 0.873833
-3.17427 0.923564
-3.17945 0.973294
-3.18463 1.02303
-3.18981 1.07276
-3.19499 1.12249
-3.20017 1.17222
-3.20535 1.22195
-3.12972 0.978475
-3.1349 1.02821
-3.14008 1.07794
-3.14526 1.12767
-3.15044 1.1774
-3.15562 1.22713
table: -4.44273 5.80267 -1 0.93645 564
-4.48411 5.75859
-4.53006 5.73888
-4.4644 5.71264
-4.51035 5.69293
-4.93733 6.43468
-4.89138 6.45439
-4.84542 6.4741
-4.96357 6.36901
-4.91762 6.38872
-4.87167 6.40843
-4.82571 6.42814
-4.77976 6.44785
-4.73381 6.46756
-4.94386 6.32306
-4.89791 6.34277
-4.85196 6.36248
-4.806 6.38219
-4.76005 6.4019
-4.7141 6.42161
-4.66815 6.44132
-4.6222 6.46103
-4.92415 6.27711
-4.8782 6.29682
-4.83225 6.31653
-4.78629 6.33624
-4.74034 6.35595
-4.69439 6.37566
-4.64844 6.39537
-4.60249 6.41508
-4.55654 6.43479
-4.9701 6.2574
-4.51059 6.4545
-4.46464 6.47421
-4.95039 6.21145
-4.90444 6.23116
-4.85849 6.25087
-4.76658 6.29029
-4.72063 6.31
-4.67468 6.32971
-4.62873 6.34942
-4.58278 6.36913
-4.53683 6.38884
-4.49088 6.40855
-4.44493 6.42826
-4.39897 6.44797
-4.35302 6.46768
-4.93068 6.1655
-4.88473 6.18521
-4.83878 6.20492
-4.74687 6.24434
-4.70092 6.26405
-4.65497 6.28376
-4.60902 6.30347
-4.56307 6.32318
-4.51712 6.34289
-4.47117 6.3626
-4.42522 6.38231
-4.37926 6.40202
-4.33331 6.42173
-4.28736 6.44144
-4.24141 6.46115
-4.19546 6.48086
-4.95692 6.09984
-4.91097 6.11955
-4.86502 6.13926
-4.81907 6.15897
-4.72716 6.19839
-4.68121 6.2181
-4.63526 6.23781
-4.58931 6.25752
-4.54336 6.27723
-4.49741 6.29694
-4.45146 6.31665
-4.40551 6.33636
-4.35955 6.35607
-4.3136 6.37578
-4.26765 6.39549
-4.2217 6.4152
-4.17575 6.43491
-4.1298 6.45462
-4.93721 6.05389
-4.89126 6.0736
-4.84531 6.09331
-4.79936 6.11302
-4.75341 6.13273
-4.70745 6.15244
-4.6615 6.17215
-4.61555 6.19186
-4.5696 6.21157
-4.52365 6.23128
-4.4777 6.25099
-4.43175 6.2707
-4.3858 6.29041
-4.33984 6.31012
-4.29389 6.32983
-4.24794 6.34954
-4.20199 6.36925
-4.15604 6.38896
-4.11009 6.40867
-4.06414 6.42838
-4.01819 6.44809
-3.97223 6.4678
-4.9175 6.00794
-4.87155 6.02765
-4.8256 6.04736
-4.77965 6.06707
-4.7337 6.08678
-4.68774 6.10649
-4.64179 6.1262
-4.59584 6.14591
-4.54989 6.16562
-4.50394 6.18533
-4.45799 6.20504
-4.41204 6.22475
-4.36609 6.24446
-4.32013 6.26417
-4.27418 6.28388
-4.22823 6.30359
-4.18228 6.3233
-4.13633 6.34301
-4.09038 6.36272
-4.04443 6.38243
-3.99848 6.40214
-3.95252 6.42185
-4.96345 5.98822
-4.94374 5.94227
-4.89779 5.96198
-4.85184 5.98169
-4.80589 6.0014
-4.75994 6.02111
-4.71398 6.04082
-4.66803 6.06053
-4.62208 6.08025
-4.57613 6.09996
-4.53018 6.11967
-4.48423 6.13938
-4.43828 6.15909
-4.39233 6.1788
-4.34638 6.19851
-4.30042 6.21822
-4.25447 6.23793
-4.20852 6.25764
-4.16257 6.27735
-4.11662 6.29706
-4.07067 6.31677
-4.02472 6.33648
-3.97877 6.35619
-3.93281 6.3759
-4.92403 5.89632
-4.87808 5.91603
-4.83213 5.93574
-4.78618 5.95545
-4.74023 5.97516
-4.69427 5.99487
-4.64832 6.01458
-4.60237 6.03429
-4.55642 6.054
-4.51047 6.07371
-4.46452 6.09342
-4.41857 6.11313
-4.37262 6.13284
-4.32667 6.15255
-4.28071 6.17226
-4.23476 6.19197
-4.18881 6.21169
-4.14286 6.23139
-4.09691 6.25111
-4.05096 6.27082
-4.00501 6.29053
-3.95906 6.31024
-4.95027 5.83066
-4.90432 5.85037
-4.85837 5.87008
-4.81242 5.88979
-4.76647 5.9095
-4.72052 5.92921
-4.67456 5.94892
-4.62861 5.96863
-4.58266 5.98834
-4.53671 6.00805
-4.49076 6.02776
-4.44481 6.04747
-4.39886 6.06718
-4.35291 6.08689
-4.30696 6.1066
-4.261 6.12631
-4.21505 6.14602
-4.1691 6.16573
-4.12315 6.18544
-4.0772 6.20515
-4.03125 6.22486
-3.9853 6.24457
-3.93935 6.26428
-4.93056 5.78471
-4.88461 5.80442
-4.83866 5.82413
-4.79271 5.84384
-4.74676 5.86355
-4.70081 5.88326
-4.65485 5.90297
-4.6089 5.92268
-4.56295 5.94239
-4.517 5.9621
-4.47105 5.98181
-4.4251 6.00152
-4.37915 6.02123
-4.3332 6.04094
-4.28725 6.06065
-4.24129 6.08036
-4.19534 6.10007
-4.14939 6.11978
-4.10344 6.13949
-4.05749 6.1592
-4.01154 6.17891
-3.96559 6.19862
-3.91964 6.21833
-4.9568 5.71905
-4.91085 5.73876
-4.8649 5.75847
-4.81895 5.77818
-4.773 5.79789
-4.72705 5.8176
-4.6811 5.83731
-4.63514 5.85702
-4.58919 5.87673
-4.54324 5.89644
-4.49729 5.91615
-4.45134 5.93586
-4.40539 5.95557
-4.35944 5.97528
-4.31349 5.99499
-4.26754 6.0147
-4.22158 6.03441
-4.17563 6.05412
-4.12968 6.07383
-4.08373 6.09354
-4.03778 6.11325
-3.99183 6.13296
-3.94588 6.15267
-4.93709 5.6731
-4.89114 5.69281
-4.84519 5.71252
-4.79924 5.73223
-4.75329 5.75194
-4.70734 5.77165
-4.66139 5.79136
-4.61543 5.81107
-4.56948 5.83078
-4.52353 5.85049
-4.47758 5.8702
-4.43163 5.88991
-4.38568 5.90962
-4.33973 5.92933
-4.29378 5.94904
-4.24782 5.96875
-4.20187 5.98846
-4.15592 6.00817
-4.10997 6.02788
-4.06402 6.04759
-4.01807 6.0673
-3.97212 6.08701
-3.92617 6.10672
-4.96333 5.60744
-4.91738 5.62715
-4.87143 5.64686
-4.82548 5.66657
-4.77953 5.68628
-4.73358 5.70599
-4.68763 5.7257
-4.64168 5.74541
-4.59572 5.76512
-4.54977 5.78483
-4.50382 5.80454
-4.45787 5.82425
-4.41192 5.84396
-4.36597 5.86367
-4.32002 5.88338
-4.27407 5.90309
-4.22811 5.9228
-4.18216 5.94251
-4.13621 5.96222
-4.09026 5.98193
-4.04431 6.00164
-3.99836 6.02135
-3.95241 6.04106
-4.94362 5.56149
-4.89767 5.5812
-4.85172 5.60091
-4.80577 5.62062
-4.75982 5.64033
-4.71387 5.66004
-4.66792 5.67975
-4.62197 5.69946
-4.57601 5.71917
-4.43816 5.7783
-4.39221 5.79801
-4.34626 5.81772
-4.30031 5.83743
-4.25436 5.85714
-4.2084 5.87685
-4.16245 5.89656
-4.1165 5.91627
-4.07055 5.93598
-4.0246 5.95569
-3.97865 5.9754
-3.9327 5.99511
-4.92391 5.51553
-4.87796 5.53524
-4.83201 5.55495
-4.78606 5.57466
-4.74011 5.59437
-4.69416 5.61408
-4.64821 5.63379
-4.60226 5.65351
-4.5563 5.67322
-4.41845 5.73235
-4.3725 5.75206
-4.32655 5.77177
-4.2806 5.79148
-4.23465 5.81119
-4.18869 5.8309
-4.14274 5.85061
-4.09679 5.87032
-4.05084 5.89003
-4.00489 5.90974
-3.95894 5.92945
-4.96986 5.49582
-4.95015 5.44987
-4.9042 5.46958
-4.85825 5.48929
-4.8123 5.509
-4.76635 5.52871
-4.7204 5.54842
-4.67445 5.56813
-4.6285 5.58784
-4.58255 5.60755
-4.53659 5.62726
-4.49064 5.64697
-4.44469 5.66668
-4.39874 5.68639
-4.35279 5.7061
-4.30684 5.72581
-4.26089 5.74552
-4.21494 5.76523
-4.16898 5.78495
-4.12303 5.80466
-4.07708 5.82437
-4.03113 5.84408
-3.98518 5.86379
-3.93923 5.8835
-4.93044 5.40392
-4.88449 5.42363
-4.83854 5.44334
-4.79259 5.46305
-4.74664 5.48276
-4.70069 5.50247
-4.65474 5.52218
-4.60879 5.54189
-4.56283 5.5616
-4.51688 5.58131
-4.47093 5.60102
-4.42498 5.62073
-4.37903 5.64044
-4.33308 5.66015
-4.28713 5.67986
-4.24118 5.69957
-4.19523 5.71928
-4.14927 5.73899
-4.10332 5.7587
-4.05737 5.77841
-4.01142 5.79812
-3.96547 5.81783
-3.91952 5.83754
-4.95669 5.33826
-4.91073 5.35797
-4.86478 5.37768
-4.81883 5.39739
-4.77288 5.4171
-4.72693 5.43681
-4.68098 5.45652
-4.63503 5.47623
-4.58908 5.49594
-4.54312 5.51565
-4.49717 5.53536
-4.45122 5.55507
-4.40527 5.57478
-4.35932 5.59449
-4.31337 5.6142
-4.26742 5.63391
-4.22147 5.65362
-4.17552 5.67333
-4.12956 5.69304
-4.08361 5.71275
-4.03766 5.73246
-3.99171 5.75217
-3.94576 5.77188
-4.93698 5.29231
-4.89102 5.31202
-4.84507 5.33173
-4.79912 5.35144
-4.75317 5.37115
-4.70722 5.39086
-4.66127 5.41057
-4.61532 5.43028
-4.56937 5.44999
-4.52341 5.4697
-4.47746 5.48941
-4.43151 5.50912
-4.38556 5.52883
-4.33961 5.54854
-4.29366 5.56825
-4.24771 5.58796
-4.20176 5.60767
-4.15581 5.62738
-4.10985 5.64709
-4.0639 5.6668
-4.01795 5.68651
-3.972 5.70622
-3.92605 5.72593
-4.96322 5.22665
-4.91726 5.24636
-4.87131 5.26607
-4.82536 5.28578
-4.77941 5.30549
-4.73346 5.3252
-4.68751 5.34491
-4.64156 5.36462
-4.59561 5.38433
-4.54966 5.40404
-4.5037 5.42375
-4.45775 5.44346
-4.4118 5.46317
-4.36585 5.48288
-4.3199 5.50259
-4.27395 5.5223
-4.228 5.54201
-4.18205 5.56172
-4.1361 5.58143
-4.09014 5.60114
-4.04419 5.62085
-3.99824 5.64056
-3.95229 5.66027
-4.94351 5.1807
-4.89756 5.20041
-4.8516 5.22012
-4.80565 5.23983
-4.7597 5.25954
-4.71375 5.27925
-4.6678 5.29896
-4.62185 5.31867
-4.5759 5.33838
-4.52995 5.35809
-4.48399 5.3778
-4.43804 5.39751
-4.39209 5.41722
-4.34614 5.43693
-4.30019 5.45664
-4.25424 5.47635
-4.20829 5.49606
-4.16234 5.51577
-4.11638 5.53548
-4.07043 5.55519
-4.02448 5.5749
-3.97853 5.59461
-3.93258 5.61432
-4.9238 5.13475
-4.87784 5.15446
-4.83189 5.17417
-4.78594 5.19388
-4.73999 5.21359
-4.69404 5.2333
-4.64809 5.25301
-4.60214 5.27272
-4.55619 5.29243
-4.51024 5.31214
-4.46428 5.33185
-4.41833 5.35156
-4.37238 5.37127
-4.32643 5.39098
-4.28048 5.41069
-4.23453 5.4304
-4.18858 5.45011
-4.14263 5.46982
-4.09667 5.48953
-4.05072 5.50924
-4.00477 5.52895
-3.95882 5.54866
-4.76623 5.14792
-4.72028 5.16763
-4.67433 5.18735
-4.62838 5.20706
-4.58243 5.22677
-4.53648 5.24648
-4.49053 5.26619
-4.44457 5.2859
-4.39862 5.30561
-4.35267 5.32532
-4.30672 5.34503
-4.26077 5.36474
-4.21482 5.38445
-4.16887 5.40416
-4.12292 5.42387
-4.07696 5.44358
-4.03101 5.46329
-3.98506 5.483
-3.93911 5.50271
-4.65462 5.14139
-4.60867 5.1611
-4.56272 5.18081
-4.51677 5.20052
-4.47082 5.22023
-4.42486 5.23994
-4.37891 5.25965
-4.33296 5.27936
-4.28701 5.29908
-4.24106 5.31879
-4.19511 5.3385
-4.14916 5.35821
-4.10321 5.37792
-4.05725 5.39763
-4.0113 5.41734
-3.96535 5.43705
-3.9194 5.45676
-4.54301 5.13486
-4.49706 5.15457
-4.45111 5.17428
-4.40515 5.19399
-4.3592 5.2137
-4.31325 5.23341
-4.2673 5.25312
-4.22135 5.27283
-4.1754 5.29254
-4.12945 5.31225
-4.0835 5.33196
-4.03754 5.35167
-3.99159 5.37138
-3.94564 5.39109
-4.38544 5.14804
-4.33949 5.16775
-4.29354 5.18746
-4.24759 5.20717
-4.20164 5.22688
-4.15569 5.24659
-4.10974 5.2663
-4.06379 5.28601
-4.01783 5.30572
-3.97188 5.32543
-3.92593 5.34514
-4.27383 5.14151
-4.22788 5.16122
-4.18193 5.18093
-4.13598 5.20064
-4.09003 5.22035
-4.04408 5.24006
-3.99812 5.25977
-3.95217 5.27948
-4.16222 5.13498
-4.11627 5.15469
-4.07032 5.1744
-4.02437 5.19411
-3.97841 5.21382
-3.93246 5.23353
-4.00466 5.14816
-3.9587 5.16787
chair: -3.54007 5.79014 3.02524 0.83975 146
-3.28549 6.11192
-3.29213 6.06236
-3.23593 6.10528
-3.29877 6.0128
-3.24257 6.05572
-3.24921 6.00616
-3.30541 5.96325
-3.25585 5.95661
-3.2625 5.90705
-3.26914 5.85749
-3.27578 5.80793
-3.21958 5.85085
-3.28242 5.75838
-3.22622 5.80129
-3.23286 5.75174
-3.28906 5.70882
-3.2395 5.70218
-3.2957 5.65926
-3.24614 5.65262
-3.30234 5.60971
-3.25278 5.60307
-3.30898 5.56015
-3.25942 5.55351
-3.26606 5.50395
-3.31205 5.91369
-3.31562 5.51059
-3.31869 5.86413
-3.33505 6.11856
-3.34169 6.069
-3.38461 6.1252
-3.43416 6.13184
-3.39125 6.07564
-3.4408 6.08228
-3.48372 6.13848
-3.53328 6.14512
-3.49036 6.08892
-3.58283 6.15176
-3.58947 6.1022
-3.53992 6.09556
-3.63903 6.10884
-3.68859 6.11548
-3.64567 6.05928
-3.59611 6.05264
-3.69523 6.06592
-3.32533 5.81457
-3.73815 6.12212
-3.35853 5.56679
-3.36517 5.51723
-3.74479 6.07256
-3.40809 5.57343
-3.41473 5.52387
-3.83726 6.1354
-3.7877 6.12876
-3.46429 5.53051
-3.79434 6.0792
-3.54656 6.046
-3.497 6.03936
-3.51384 5.53715
-3.42137 5.47431
-3.5634 5.54379
-3.47093 5.48095
-3.61296 5.55043
-3.80098 6.02965
-3.75143 6.02301
-3.70187 6.01637
-3.65231 6.00973
-3.52048 5.48759
-3.66252 5.55707
-3.57004 5.49424
-3.6196 5.50087
-3.80762 5.98009
-3.75807 5.97345
-3.70851 5.96681
-3.66916 5.50751
-3.71207 5.56371
-3.81426 5.93053
-3.76471 5.92389
-3.71871 5.51416
-3.71515 5.91725
-3.8209 5.88098
-3.77135 5.87434
-3.72179 5.86769
-3.37489 5.82121
-3.474 5.83449
-3.42445 5.82785
-3.57312 5.84777
-3.52356 5.84113
-3.67223 5.86105
-3.62268 5.85441
-3.82754 5.83142
-3.77799 5.82478
-3.72843 5.81814
-3.67887 5.8115
-3.62932 5.80486
-3.57976 5.79822
-3.5302 5.79158
-3.48064 5.78494
-3.43109 5.7783
-3.38153 5.77166
-3.33197 5.76502
-3.83418 5.78186
-3.78463 5.77522
-3.73507 5.76858
-3.68551 5.76194
-3.63596 5.7553
-3.5864 5.74866
-3.53684 5.74202
-3.48728 5.73538
-3.43773 5.72874
-3.38817 5.7221
-3.33861 5.71546
-3.84082 5.7323
-3.79127 5.72566
-3.74171 5.71902
-3.69215 5.71238
-3.6426 5.70574
-3.59304 5.6991
-3.54348 5.69246
-3.49392 5.68582
-3.44437 5.67918
-3.39481 5.67254
-3.34525 5.6659
-3.79791 5.67611
-3.74835 5.66947
-3.69879 5.66283
-3.64924 5.65619
-3.59968 5.64955
-3.55012 5.64291
-3.50056 5.63627
-3.45101 5.62963
-3.40145 5.62299
-3.35189 5.61635
-3.80455 5.62655
-3.75499 5.61991
-3.70543 5.61327
-3.65588 5.60663
-3.60632 5.59999
-3.55676 5.59335
-3.5072 5.58671
-3.45765 5.58007
-3.81119 5.57699
-3.76163 5.57035
-3.81783 5.52744
-3.76827 5.5208
-3.82447 5.47788
-3.77491 5.47124
