OR: 2.96198 -3.8877 5.84841 1.16189e-37 16
2.81198 -4.0377
2.81198 -3.9377
2.81198 -3.8377
2.81198 -3.7377
2.91198 -4.0377
2.91198 -3.9377
2.91198 -3.8377
2.91198 -3.7377
3.01198 -4.0377
3.01198 -3.9377
3.01198 -3.8377
3.01198 -3.7377
3.11198 -4.0377
3.11198 -3.9377
3.11198 -3.8377
3.11198 -3.7377
CR: 3.50694 3.55405 0.467232 0.5 16
3.35694 3.40405
3.35694 3.50405
3.35694 3.60405
3.35694 3.70405
3.45694 3.40405
3.45694 3.50405
3.45694 3.60405
3.45694 3.70405
3.55694 3.40405
3.55694 3.50405
3.55694 3.60405
3.55694 3.70405
3.65694 3.40405
3.65694 3.50405
3.65694 3.60405
3.65694 3.70405
meetingroom: -4.45 -3.37963 3.1416 1 108
-5.2 -4.9
-5.2 -4.8
-5.2 -4.7
-5.2 -4.6
-5.2 -2.5
-5.2 -2.4
-5.2 -2.3
-5.2 -2.2
-5.2 -2.1
-5.2 -2
-5.2 -1.9
-5.2 -1.8
-5.2 -1.7
-5.2 -1.6
-5.2 -1.5
-5.2 -1.4
-5.2 -1.3
-5.2 -1.2
-5.1 -5
-5.1 -4.9
-5.1 -4.8
-5.1 -4.7
-5.1 -4.6
-5.1 -4.5
-5.1 -4.4
-5.1 -4.3
-5.1 -4.2
-5.1 -4.1
-5.1 -4
-5.1 -3.9
-5.1 -3.8
-5.1 -3.7
-5.1 -3.6
-5.1 -3.5
-5.1 -3.4
-5.1 -3.3
-5.1 -3.2
-5.1 -3.1
-5.1 -3
-5.1 -2.9
-5.1 -2.8
-5.1 -2.7
-5.1 -2.6
-5.1 -2.5
-5.1 -1.2
-5 -5
-5 -4.9
-5 -1.2
-4.9 -5
-4.9 -4.9
-4.9 -1.2
-4.8 -5
-4.8 -4.9
-4.8 -1.2
-4.7 -5
-4.7 -4.9
-4.7 -1.2
-4.6 -5
-4.6 -4.9
-4.6 -1.2
-4.5 -5
-4.5 -4.9
-4.5 -1.2
-4.4 -5
-4.4 -4.9
-4.4 -1.2
-4.3 -5
-4.3 -4.9
-4.3 -1.2
-4.2 -5
-4.2 -4.9
-4.2 -1.2
-4.1 -5
-4.1 -4.9
-4.1 -1.2
-4 -5
-4 -4.9
-4 -1.2
-3.9 -5
-3.9 -4.9
-3.9 -1.2
-3.8 -5
-3.8 -4.9
-3.8 -1.2
-3.7 -5
-3.7 -4.9
-3.7 -1.2
-3.6 -5
-3.6 -4.9
-3.6 -1.2
-3.5 -4.9
-3.5 -1.2
-3.4 -4.9
-3.4 -1.2
-3.3 -4.9
-3.3 -1.2
-3.2 -4.9
-3.2 -1.2
-3.1 -4.9
-3.1 -1.2
-3 -4.9
-3 -1.2
-2.9 -4.9
-2.9 -1.2
-2.8 -4.9
-2.8 -1.2
-2.7 -4.9
-2.7 -1.2
studioroom: -0.978142 3.95603 1.5708 1 398
-5.2 0.1
-5.2 0.2
-5.2 0.3
-5.2 0.4
-5.2 0.5
-5.2 0.6
-5.2 0.7
-5.2 0.8
-5.2 0.9
-5.2 1
-5.2 1.1
-5.2 1.2
-5.2 1.3
-5.2 1.4
-5.2 1.5
-5.2 1.6
-5.2 1.7
-5.2 1.8
-5.2 1.9
-5.2 2
-5.2 2.1
-5.2 2.2
-5.2 2.3
-5.2 2.4
-5.2 2.5
-5.2 2.6
-5.2 4.8
-5.2 4.9
-5.2 5
-5.2 5.1
-5.2 5.2
-5.2 5.3
-5.2 5.4
-5.2 5.5
-5.2 5.6
-5.2 5.7
-5.2 5.8
-5.2 5.9
-5.1 0
-5.1 0.1
-5.1 0.2
-5.1 0.3
-5.1 0.4
-5.1 0.5
-5.1 0.6
-5.1 0.7
-5.1 0.8
-5.1 0.9
-5.1 1
-5.1 1.1
-5.1 1.2
-5.1 1.3
-5.1 1.4
-5.1 1.5
-5.1 1.6
-5.1 1.7
-5.1 1.8
-5.1 1.9
-5.1 2
-5.1 2.1
-5.1 2.2
-5.1 2.3
-5.1 2.4
-5.1 2.5
-5.1 2.6
-5.1 2.7
-5.1 2.8
-5.1 2.9
-5.1 3
-5.1 3.1
-5.1 3.2
-5.1 3.3
-5.1 3.4
-5.1 3.5
-5.1 3.6
-5.1 3.7
-5.1 3.8
-5.1 3.9
-5.1 4
-5.1 4.1
-5.1 4.2
-5.1 4.3
-5.1 4.4
-5.1 4.5
-5.1 4.6
-5.1 4.7
-5.1 4.8
-5.1 4.9
-5.1 5
-5.1 5.1
-5.1 5.2
-5.1 5.3
-5.1 5.4
-5.1 5.5
-5.1 5.6
-5.1 5.7
-5.1 5.8
-5.1 5.9
-5.1 6
-5.1 6.1
-5.1 6.2
-5.1 6.3
-5.1 6.4
-5.1 6.5
-5.1 6.6
-5.1 6.7
-5.1 6.8
-5.1 6.9
-5 0
-5 0.1
-5 1.3
-5 1.4
-5 1.5
-5 1.6
-5 1.7
-5 6.8
-5 6.9
-4.9 0
-4.9 0.1
-4.9 6.8
-4.9 6.9
-4.8 0
-4.8 0.1
-4.8 6.8
-4.8 6.9
-4.7 0
-4.7 0.1
-4.7 6.8
-4.7 6.9
-4.6 0
-4.6 0.1
-4.6 6.8
-4.6 6.9
-4.5 0.1
-4.5 6.8
-4.5 6.9
-4.4 0.1
-4.4 6.8
-4.4 6.9
-4.3 0.1
-4.3 6.8
-4.3 6.9
-4.2 0.1
-4.2 6.8
-4.2 6.9
-4.1 0.1
-4.1 6.8
-4.1 6.9
-4 0.1
-4 6.8
-3.9 0.1
-3.9 6.8
-3.8 0.1
-3.8 6.8
-3.7 0.1
-3.7 6.8
-3.6 0.1
-3.6 6.8
-3.5 0.1
-3.5 6.8
-3.4 0.1
-3.4 6.8
-3.3 0.1
-3.3 6.8
-3.2 0.1
-3.2 6.8
-3.1 0.1
-3.1 6.8
-3 0.1
-3 6.8
-2.9 0.1
-2.9 6.8
-2.8 0.1
-2.8 6.8
-2.7 -0.2
-2.7 -0.1
-2.7 0
-2.7 0.1
-2.7 6.8
-2.6 6.6
-2.6 6.8
-2.5 6.6
-2.4 6.6
-2.3 6.6
-2.2 6.6
-2.1 6.6
-2 6.6
-1.9 6.6
-1.8 6.6
-1.8 6.7
-1.7 6.7
-1.6 0.1
-1.6 6.7
-1.6 6.8
-1.5 0.1
-1.5 6.7
-1.5 6.8
-1.4 0.1
-1.4 6.7
-1.4 6.8
-1.3 0.1
-1.3 6.7
-1.3 6.8
-1.2 0.1
-1.2 6.7
-1.2 6.8
-1.1 0.1
-1.1 6.7
-1.1 6.8
-1 0.1
-1 6.7
-1 6.8
-0.9 0.1
-0.9 6.7
-0.9 6.8
-0.8 0.1
-0.8 6.7
-0.8 6.8
-0.7 0.1
-0.7 6.7
-0.7 6.8
-0.6 0.1
-0.6 6.7
-0.6 6.8
-0.5 0.1
-0.5 6.7
-0.5 6.8
-0.4 0.1
-0.4 6.7
-0.4 6.8
-0.3 0.1
-0.3 6.7
-0.3 6.8
-0.2 0.1
-0.2 6.7
-0.2 6.8
-0.1 0.1
-0.1 6.7
-0.1 6.8
0 0.1
0 6.7
0 6.8
0.1 0.1
0.1 6.7
0.1 6.8
0.2 0.1
0.2 6.7
0.2 6.8
0.3 0.1
0.3 6.7
0.3 6.8
0.4 0.1
0.4 6.7
0.4 6.8
0.5 0.1
0.5 6.7
0.5 6.8
0.6 0.1
0.6 6.7
0.6 6.8
0.7 0.1
0.7 6.7
0.7 6.8
0.8 0.1
0.8 6.7
0.8 6.8
0.9 0.1
0.9 6.7
0.9 6.8
1 0.1
1 6.8
1.1 0.1
1.1 6.8
1.2 0.1
1.2 6.8
1.3 0.1
1.3 6.8
1.4 0.1
1.4 6.8
1.5 0.1
1.5 6.8
1.6 0.1
1.6 6.8
1.7 0.1
1.7 6.8
1.8 0.1
1.8 6.8
1.9 0.1
1.9 6.8
2 0.1
2 6.8
2.1 0.1
2.1 6.8
2.2 0.1
2.2 6.8
2.3 0.1
2.3 6.8
2.4 0.1
2.4 6.8
2.5 0.1
2.5 6.8
2.6 0.1
2.6 6.8
2.7 0.1
2.7 6.8
2.8 0.1
2.8 6.8
2.9 0.1
2.9 6.8
3 0.1
3 6.8
3.1 6.8
3.2 6.8
3.3 6.8
3.3 6.9
3.4 6.8
3.4 6.9
3.5 6.8
3.5 6.9
3.6 6.8
3.6 6.9
3.7 6.8
3.7 6.9
3.8 6.8
3.8 6.9
3.9 6.8
3.9 6.9
4 6.8
4 6.9
4.1 6.9
4.2 6.9
4.3 6.9
4.4 6.9
4.5 6.9
4.6 6.9
4.7 6.9
4.8 6.9
4.9 6.9
5 6.9
5.1 6.9
5.2 6.2
5.2 6.3
5.2 6.4
5.2 6.5
5.2 6.6
5.2 6.7
5.2 6.8
5.2 6.9
5.3 0.7
5.3 0.8
5.3 0.9
5.3 1
5.3 1.1
5.3 1.2
5.3 1.3
5.3 1.4
5.3 1.5
5.3 1.6
5.3 1.7
5.3 1.8
5.3 1.9
5.3 2
5.3 2.1
5.3 2.2
5.3 2.3
5.3 2.4
5.3 2.5
5.3 2.6
5.3 2.7
5.3 2.8
5.3 2.9
5.3 3
5.3 3.1
5.3 3.2
5.3 3.3
5.3 3.4
5.3 3.5
5.3 3.6
5.3 3.7
5.3 3.8
5.3 3.9
5.3 4
5.3 4.1
5.3 4.2
5.3 4.3
5.3 4.4
5.3 4.5
5.3 4.6
5.3 4.7
5.3 4.8
5.3 5.5
5.3 5.6
5.3 5.7
5.3 5.8
5.3 5.9
5.3 6
5.3 6.1
5.3 6.2
officeroom: 1.95993 -2.91324 0 1 272
-1.4 -1.2
-1.3 -1.2
-1.2 -1.2
-1.1 -1.2
-1 -1.2
-0.8 -2
-0.8 -2.1
-0.8 -2.4
-0.8 -2.5
-0.8 -2.6
-0.8 -2.7
-0.8 -2.8
-0.8 -2.9
-0.8 -3
-0.8 -3.1
-0.8 -3.2
-0.8 -3.3
-0.8 -3.4
-0.8 -3.5
-0.8 -3.6
-0.8 -3.7
-0.8 -3.8
-0.8 -3.9
-0.9 -1.2
-0.8 -5
-0.8 -4.9
-0.8 -4.8
-0.8 -4.7
-0.8 -4.6
-0.8 -4.5
-0.8 -4.4
-0.8 -4.3
-0.8 -4.2
-0.8 -4.1
-0.8 -2.3
-0.8 -2.2
-0.8 -1.2
-1.5 -2
-1.5 -2.1
-1.5 -2.4
-1.5 -2.5
-1.5 -2.6
-1.5 -2.7
-1.5 -2.8
-1.5 -2.9
-1.5 -3
-1.5 -3.1
-1.5 -3.2
-1.5 -3.3
-1.5 -3.4
-1.5 -3.5
-1.5 -3.6
-1.5 -3.7
-1.5 -3.8
-1.5 -3.9
-1.5 -1.2
-1.5 -5
-1.5 -4.9
-1.5 -4.8
-1.5 -4.7
-1.5 -4.6
-1.5 -4.5
-1.5 -4.4
-1.5 -4.3
-1.5 -4.2
-1.5 -4.1
-1.5 -2.3
-1.5 -2.2
-1.5 -1.2
-0.7 -5
-0.7 -1.2
-0.6 -5
-0.6 -1.2
-0.5 -5
-0.5 -1.2
-0.4 -5
-0.4 -1.2
-0.3 -5
-0.3 -1.2
-0.2 -5
-0.2 -1.3
-0.2 -1.2
-0.1 -5
-0.1 -4.9
-0.1 -1.3
-0.1 -1.2
0 -4.9
0 -1.3
0 -1.2
0.1 -4.9
0.1 -1.3
0.1 -1.2
0.2 -4.9
0.2 -1.3
0.2 -1.2
0.3 -4.9
0.3 -1.3
0.3 -1.2
0.4 -4.9
0.4 -1.3
0.4 -1.2
0.5 -4.9
0.5 -1.2
0.6 -4.9
0.6 -1.2
0.7 -4.9
0.7 -1.2
0.8 -4.9
0.8 -1.2
0.9 -4.9
0.9 -1.2
1 -4.9
1 -1.2
1.1 -4.9
1.1 -1.2
1.2 -4.9
1.2 -1.2
1.3 -4.9
1.3 -1.2
1.4 -4.9
1.4 -1.2
1.5 -4.9
1.5 -1.2
1.6 -4.9
1.6 -1.2
1.7 -4.9
1.7 -1.2
1.8 -4.9
1.8 -1.2
1.9 -4.9
1.9 -1.2
2 -4.9
2 -1.2
2.1 -4.9
2.1 -1.2
2.2 -4.9
2.2 -1.2
2.2 -1.1
2.3 -4.9
2.3 -1.2
2.3 -1.1
2.4 -4.9
2.4 -4.8
2.4 -1.2
2.4 -1.1
2.5 -4.8
2.5 -1.2
2.5 -1.1
2.6 -4.8
2.6 -1.2
2.6 -1.1
2.7 -4.8
2.7 -1.2
2.7 -1.1
2.8 -4.8
2.8 -1.2
2.8 -1.1
2.9 -4.9
2.9 -4.8
2.9 -1.2
2.9 -1.1
3 -4.9
3 -4.8
3 -1.2
3 -1.1
3.1 -4.9
3.1 -4.8
3.1 -1.2
3.1 -1.1
3.2 -4.9
3.2 -4.8
3.2 -1.1
3.3 -4.9
3.3 -1.1
3.4 -4.9
3.4 -1.1
3.5 -4.9
3.5 -1.1
3.6 -4.9
3.6 -1.1
3.7 -4.9
3.7 -1.1
3.7 -1
3.8 -4.9
3.8 -1.1
3.8 -1
3.9 -4.9
3.9 -1.1
3.9 -1
4 -5
4 -4.9
4 -1.1
4 -1
4.1 -5
4.1 -4.9
4.1 -1.1
4.1 -1
4.2 -5
4.2 -4.9
4.2 -1.1
4.2 -1
4.3 -5
4.3 -4.9
4.3 -1.1
4.3 -1
4.4 -5
4.4 -4.9
4.4 -1.1
4.4 -1
4.5 -4.9
4.5 -1.1
4.5 -1
4.6 -4.9
4.6 -1
4.7 -4.9
4.7 -1
4.8 -4.9
4.8 -1
4.9 -4.9
4.9 -1
5 -4.9
5 -1
5.1 -4.9
5.1 -1
5.2 -4.9
5.2 -1.6
5.2 -1.5
5.2 -1.4
5.2 -1.3
5.2 -1.2
5.2 -1.1
5.2 -1
5.3 -4.9
5.3 -4.8
5.3 -4.7
5.3 -4.6
5.3 -4.5
5.3 -4.4
5.3 -4.3
5.3 -4.2
5.3 -4.1
5.3 -4
5.3 -3.9
5.3 -3.8
5.3 -3.7
5.3 -3.6
5.3 -3.5
5.3 -3.4
5.3 -3.3
5.3 -3.2
5.3 -3.1
5.3 -3
5.3 -2.9
5.3 -2.8
5.3 -2.7
5.3 -2.6
5.3 -2.5
5.3 -2.4
5.3 -2.3
5.3 -2.2
5.3 -2.1
5.3 -2
5.3 -1.9
5.3 -1.8
5.3 -1.7
5.3 -1.6
5.3 -1.5
5.3 -1.4
5.3 -1.3
5.3 -1.2
5.3 -1.1
5.3 -1
room: -0.978142 3.95603 1.5708 1 398
-5.2 0.1
-5.2 0.2
-5.2 0.3
-5.2 0.4
-5.2 0.5
-5.2 0.6
-5.2 0.7
-5.2 0.8
-5.2 0.9
-5.2 1
-5.2 1.1
-5.2 1.2
-5.2 1.3
-5.2 1.4
-5.2 1.5
-5.2 1.6
-5.2 1.7
-5.2 1.8
-5.2 1.9
-5.2 2
-5.2 2.1
-5.2 2.2
-5.2 2.3
-5.2 2.4
-5.2 2.5
-5.2 2.6
-5.2 4.8
-5.2 4.9
-5.2 5
-5.2 5.1
-5.2 5.2
-5.2 5.3
-5.2 5.4
-5.2 5.5
-5.2 5.6
-5.2 5.7
-5.2 5.8
-5.2 5.9
-5.1 0
-5.1 0.1
-5.1 0.2
-5.1 0.3
-5.1 0.4
-5.1 0.5
-5.1 0.6
-5.1 0.7
-5.1 0.8
-5.1 0.9
-5.1 1
-5.1 1.1
-5.1 1.2
-5.1 1.3
-5.1 1.4
-5.1 1.5
-5.1 1.6
-5.1 1.7
-5.1 1.8
-5.1 1.9
-5.1 2
-5.1 2.1
-5.1 2.2
-5.1 2.3
-5.1 2.4
-5.1 2.5
-5.1 2.6
-5.1 2.7
-5.1 2.8
-5.1 2.9
-5.1 3
-5.1 3.1
-5.1 3.2
-5.1 3.3
-5.1 3.4
-5.1 3.5
-5.1 3.6
-5.1 3.7
-5.1 3.8
-5.1 3.9
-5.1 4
-5.1 4.1
-5.1 4.2
-5.1 4.3
-5.1 4.4
-5.1 4.5
-5.1 4.6
-5.1 4.7
-5.1 4.8
-5.1 4.9
-5.1 5
-5.1 5.1
-5.1 5.2
-5.1 5.3
-5.1 5.4
-5.1 5.5
-5.1 5.6
-5.1 5.7
-5.1 5.8
-5.1 5.9
-5.1 6
-5.1 6.1
-5.1 6.2
-5.1 6.3
-5.1 6.4
-5.1 6.5
-5.1 6.6
-5.1 6.7
-5.1 6.8
-5.1 6.9
-5 0
-5 0.1
-5 1.3
-5 1.4
-5 1.5
-5 1.6
-5 1.7
-5 6.8
-5 6.9
-4.9 0
-4.9 0.1
-4.9 6.8
-4.9 6.9
-4.8 0
-4.8 0.1
-4.8 6.8
-4.8 6.9
-4.7 0
-4.7 0.1
-4.7 6.8
-4.7 6.9
-4.6 0
-4.6 0.1
-4.6 6.8
-4.6 6.9
-4.5 0.1
-4.5 6.8
-4.5 6.9
-4.4 0.1
-4.4 6.8
-4.4 6.9
-4.3 0.1
-4.3 6.8
-4.3 6.9
-4.2 0.1
-4.2 6.8
-4.2 6.9
-4.1 0.1
-4.1 6.8
-4.1 6.9
-4 0.1
-4 6.8
-3.9 0.1
-3.9 6.8
-3.8 0.1
-3.8 6.8
-3.7 0.1
-3.7 6.8
-3.6 0.1
-3.6 6.8
-3.5 0.1
-3.5 6.8
-3.4 0.1
-3.4 6.8
-3.3 0.1
-3.3 6.8
-3.2 0.1
-3.2 6.8
-3.1 0.1
-3.1 6.8
-3 0.1
-3 6.8
-2.9 0.1
-2.9 6.8
-2.8 0.1
-2.8 6.8
-2.7 -0.2
-2.7 -0.1
-2.7 0
-2.7 0.1
-2.7 6.8
-2.6 6.6
-2.6 6.8
-2.5 6.6
-2.4 6.6
-2.3 6.6
-2.2 6.6
-2.1 6.6
-2 6.6
-1.9 6.6
-1.8 6.6
-1.8 6.7
-1.7 6.7
-1.6 0.1
-1.6 6.7
-1.6 6.8
-1.5 0.1
-1.5 6.7
-1.5 6.8
-1.4 0.1
-1.4 6.7
-1.4 6.8
-1.3 0.1
-1.3 6.7
-1.3 6.8
-1.2 0.1
-1.2 6.7
-1.2 6.8
-1.1 0.1
-1.1 6.7
-1.1 6.8
-1 0.1
-1 6.7
-1 6.8
-0.9 0.1
-0.9 6.7
-0.9 6.8
-0.8 0.1
-0.8 6.7
-0.8 6.8
-0.7 0.1
-0.7 6.7
-0.7 6.8
-0.6 0.1
-0.6 6.7
-0.6 6.8
-0.5 0.1
-0.5 6.7
-0.5 6.8
-0.4 0.1
-0.4 6.7
-0.4 6.8
-0.3 0.1
-0.3 6.7
-0.3 6.8
-0.2 0.1
-0.2 6.7
-0.2 6.8
-0.1 0.1
-0.1 6.7
-0.1 6.8
0 0.1
0 6.7
0 6.8
0.1 0.1
0.1 6.7
0.1 6.8
0.2 0.1
0.2 6.7
0.2 6.8
0.3 0.1
0.3 6.7
0.3 6.8
0.4 0.1
0.4 6.7
0.4 6.8
0.5 0.1
0.5 6.7
0.5 6.8
0.6 0.1
0.6 6.7
0.6 6.8
0.7 0.1
0.7 6.7
0.7 6.8
0.8 0.1
0.8 6.7
0.8 6.8
0.9 0.1
0.9 6.7
0.9 6.8
1 0.1
1 6.8
1.1 0.1
1.1 6.8
1.2 0.1
1.2 6.8
1.3 0.1
1.3 6.8
1.4 0.1
1.4 6.8
1.5 0.1
1.5 6.8
1.6 0.1
1.6 6.8
1.7 0.1
1.7 6.8
1.8 0.1
1.8 6.8
1.9 0.1
1.9 6.8
2 0.1
2 6.8
2.1 0.1
2.1 6.8
2.2 0.1
2.2 6.8
2.3 0.1
2.3 6.8
2.4 0.1
2.4 6.8
2.5 0.1
2.5 6.8
2.6 0.1
2.6 6.8
2.7 0.1
2.7 6.8
2.8 0.1
2.8 6.8
2.9 0.1
2.9 6.8
3 0.1
3 6.8
3.1 6.8
3.2 6.8
3.3 6.8
3.3 6.9
3.4 6.8
3.4 6.9
3.5 6.8
3.5 6.9
3.6 6.8
3.6 6.9
3.7 6.8
3.7 6.9
3.8 6.8
3.8 6.9
3.9 6.8
3.9 6.9
4 6.8
4 6.9
4.1 6.9
4.2 6.9
4.3 6.9
4.4 6.9
4.5 6.9
4.6 6.9
4.7 6.9
4.8 6.9
4.9 6.9
5 6.9
5.1 6.9
5.2 6.2
5.2 6.3
5.2 6.4
5.2 6.5
5.2 6.6
5.2 6.7
5.2 6.8
5.2 6.9
5.3 0.7
5.3 0.8
5.3 0.9
5.3 1
5.3 1.1
5.3 1.2
5.3 1.3
5.3 1.4
5.3 1.5
5.3 1.6
5.3 1.7
5.3 1.8
5.3 1.9
5.3 2
5.3 2.1
5.3 2.2
5.3 2.3
5.3 2.4
5.3 2.5
5.3 2.6
5.3 2.7
5.3 2.8
5.3 2.9
5.3 3
5.3 3.1
5.3 3.2
5.3 3.3
5.3 3.4
5.3 3.5
5.3 3.6
5.3 3.7
5.3 3.8
5.3 3.9
5.3 4
5.3 4.1
5.3 4.2
5.3 4.3
5.3 4.4
5.3 4.5
5.3 4.6
5.3 4.7
5.3 4.8
5.3 5.5
5.3 5.6
5.3 5.7
5.3 5.8
5.3 5.9
5.3 6
5.3 6.1
5.3 6.2
table: 4.31213 3.93162 -1 0.867157 245
4.3094 3.95001
4.33264 3.90574
4.28837 3.8825
4.2441 3.85926
4.26734 3.81499
4.59383 4.26875
4.61707 4.22448
4.64032 4.18021
4.66356 4.13594
4.6868 4.09167
4.73328 4.00313
4.75652 3.95886
4.77976 3.91459
4.50308 4.33405
4.52632 4.28978
4.54956 4.24551
4.5728 4.20124
4.59605 4.15697
4.61929 4.1127
4.64253 4.06843
4.68901 3.97989
4.71225 3.93562
4.73549 3.89135
4.75874 3.84708
4.45881 4.31081
4.48205 4.26654
4.50529 4.22227
4.52853 4.178
4.55178 4.13373
4.57502 4.08946
4.59826 4.04519
4.64474 3.95665
4.66798 3.91238
4.69122 3.86811
4.71447 3.82384
4.43557 4.35508
4.3913 4.33184
4.41454 4.28757
4.43778 4.2433
4.46102 4.19903
4.48426 4.15476
4.50751 4.11049
4.53075 4.06622
4.55399 4.02195
4.60047 3.93341
4.62371 3.88914
4.64695 3.84487
4.6702 3.8006
4.69344 3.75633
4.34703 4.3086
4.37027 4.26433
4.39351 4.22006
4.41675 4.17579
4.43999 4.13152
4.46324 4.08725
4.48648 4.04298
4.50972 3.99871
4.5562 3.91017
4.57944 3.8659
4.60268 3.82163
4.62593 3.77736
4.64917 3.73309
4.32379 4.35287
4.67241 3.68882
4.27952 4.32963
4.30276 4.28535
4.326 4.24108
4.34924 4.19681
4.37248 4.15254
4.39572 4.10827
4.41897 4.064
4.44221 4.01973
4.46545 3.97546
4.51193 3.88692
4.53517 3.84265
4.55841 3.79838
4.58166 3.75411
4.6049 3.70984
4.62814 3.66557
4.23525 4.30638
4.25849 4.26211
4.28173 4.21784
4.30497 4.17357
4.32821 4.1293
4.35145 4.08503
4.3747 4.04076
4.39794 3.99649
4.42118 3.95222
4.46766 3.86368
4.4909 3.81941
4.51414 3.77514
4.53739 3.73087
4.56063 3.6866
4.58387 3.64233
4.60711 3.59806
4.21201 4.35065
4.44442 3.90795
4.16774 4.32741
4.19098 4.28314
4.21422 4.23887
4.23746 4.1946
4.2607 4.15033
4.28394 4.10606
4.30718 4.06179
4.33043 4.01752
4.35367 3.97325
4.37691 3.92898
4.40015 3.88471
4.42339 3.84044
4.44663 3.79617
4.46987 3.7519
4.49312 3.70763
4.51636 3.66336
4.5396 3.61909
4.56284 3.57482
4.10022 4.34844
4.12347 4.30417
4.14671 4.2599
4.16995 4.21563
4.19319 4.17136
4.21643 4.12709
4.23967 4.08282
4.26291 4.03855
4.28616 3.99428
4.35588 3.86147
4.37912 3.8172
4.40236 3.77293
4.4256 3.72866
4.44885 3.68439
4.47209 3.64012
4.49533 3.59585
4.51857 3.55158
4.54181 3.50731
4.05595 4.3252
4.0792 4.28093
4.10244 4.23666
4.12568 4.19239
4.14892 4.14812
4.17216 4.10385
4.1954 4.05958
4.21864 4.01531
4.24189 3.97104
4.26513 3.92677
4.31161 3.83823
4.33485 3.79396
4.35809 3.74969
4.38133 3.70542
4.40458 3.66115
4.42782 3.61688
4.45106 3.57261
4.4743 3.52834
4.03493 4.25769
4.05817 4.21342
4.08141 4.16915
4.10465 4.12488
4.12789 4.08061
4.15113 4.03634
4.17437 3.99207
4.19762 3.9478
4.22086 3.90353
4.29058 3.77072
4.31382 3.72645
4.33706 3.68218
4.36031 3.63791
4.38355 3.59364
4.40679 3.54937
4.0139 4.19018
4.03714 4.14591
4.06038 4.10164
4.08362 4.05737
4.10686 4.0131
4.1301 3.96883
4.15335 3.92456
4.17659 3.88029
4.19983 3.83602
4.22307 3.79175
4.24631 3.74748
4.26955 3.70321
4.29279 3.65894
4.31604 3.61467
4.33928 3.5704
4.36252 3.52613
3.96963 4.16694
3.99287 4.12267
4.01611 4.07839
4.03935 4.03413
4.06259 3.98986
4.08583 3.94559
4.10908 3.90131
4.13232 3.85704
4.15556 3.81277
4.1788 3.7685
4.20204 3.72423
4.22528 3.67996
4.24852 3.63569
4.27177 3.59142
4.29501 3.54715
3.9486 4.09942
3.97184 4.05515
3.99508 4.01088
4.01832 3.96661
4.04156 3.92234
4.06481 3.87807
4.08805 3.8338
4.11129 3.78953
4.13453 3.74526
4.15777 3.70099
4.18101 3.65672
4.20425 3.61245
4.2275 3.56818
4.25074 3.52391
3.92757 4.03191
3.95081 3.98764
3.97405 3.94337
3.99729 3.8991
4.02054 3.85483
4.04378 3.81056
4.06702 3.76629
4.09026 3.72202
4.1135 3.67775
4.13674 3.63348
4.15998 3.58921
4.18322 3.54494
3.8833 4.00867
3.90654 3.9644
3.92978 3.92013
3.95302 3.87586
3.97627 3.83159
3.99951 3.78732
4.02275 3.74305
4.04599 3.69878
4.06923 3.65451
4.09247 3.61024
4.11571 3.56597
4.13896 3.5217
3.86227 3.94116
3.88551 3.89689
3.90875 3.85262
3.932 3.80835
3.95524 3.76408
3.97848 3.71981
4.00172 3.67554
4.02496 3.63127
4.0482 3.587
4.07144 3.54273
chair: 4.30919 3.00498 2.93631 0.703156 164
4.56387 3.33398
4.56867 3.28421
4.57346 3.23444
4.57826 3.18467
4.58305 3.1349
4.63282 3.1397
4.58785 3.08513
4.59265 3.03536
4.59744 2.98559
4.54767 2.9808
4.55247 2.93103
4.55727 2.88126
4.60704 2.88605
4.56206 2.83149
4.56686 2.78172
4.57166 2.73195
4.57645 2.68218
4.54288 3.03057
4.53808 3.08034
4.53328 3.13011
4.5141 3.32918
4.5189 3.27941
4.52668 2.67738
4.52189 2.72715
4.46913 3.27462
4.46433 3.32439
4.47212 2.72236
4.47691 2.67259
4.41456 3.31959
4.41936 3.26982
4.42235 2.71756
4.42714 2.66779
4.52849 3.17987
4.36479 3.31479
4.36959 3.26502
4.36778 2.76253
4.37258 2.71276
4.31502 3.31
4.31982 3.26023
4.41755 2.76733
4.52369 3.22964
4.31801 2.75774
4.32281 2.70797
4.26525 3.3052
4.27005 3.25543
4.26824 2.75294
4.27304 2.70317
4.21548 3.3004
4.22028 3.25064
4.51709 2.77692
4.21847 2.74814
4.22327 2.69838
4.16571 3.29561
4.16092 3.34538
4.1687 2.74335
4.1735 2.69358
4.47392 3.22485
4.47872 3.17508
4.48352 3.12531
4.48831 3.07554
4.49311 3.02577
4.4979 2.976
4.5027 2.92623
4.5075 2.87646
4.51229 2.82669
4.42415 3.22005
4.42895 3.17028
4.43375 3.12051
4.43854 3.07074
4.44334 3.02097
4.44814 2.9712
4.45293 2.92143
4.45773 2.87167
4.46252 2.8219
4.46732 2.77213
4.37438 3.21526
4.37918 3.16549
4.38398 3.11572
4.38877 3.06595
4.39357 3.01618
4.39837 2.96641
4.40316 2.91664
4.40796 2.86687
4.41276 2.8171
4.32461 3.21046
4.32941 3.16069
4.33421 3.11092
4.339 3.06115
4.3438 3.01138
4.3486 2.96161
4.35339 2.91184
4.35819 2.86207
4.36299 2.8123
4.37737 2.66299
4.27485 3.20566
4.27964 3.15589
4.28444 3.10612
4.28923 3.05635
4.29403 3.00658
4.29883 2.95682
4.30362 2.90705
4.30842 2.85728
4.31322 2.80751
4.22508 3.20087
4.22987 3.1511
4.23467 3.10133
4.23946 3.05156
4.24426 3.00179
4.24906 2.95202
4.25385 2.90225
4.25865 2.85248
4.26345 2.80271
4.11594 3.29081
4.12373 2.68878
4.11115 3.34058
4.11894 2.73855
4.17051 3.24584
4.17531 3.19607
4.1801 3.1463
4.1849 3.09653
4.1897 3.04676
4.19449 2.99699
4.19929 2.94722
4.20408 2.89745
4.20888 2.84768
4.21368 2.79791
4.12074 3.24104
4.12554 3.19127
4.13033 3.1415
4.13513 3.09173
4.13993 3.04196
4.14472 2.9922
4.14952 2.94243
4.15431 2.89266
4.15911 2.84289
4.16391 2.79312
4.06138 3.33578
4.06617 3.28602
4.07097 3.23625
4.07577 3.18648
4.08056 3.13671
4.08536 3.08694
4.09016 3.03717
4.09495 2.9874
4.09975 2.93763
4.10455 2.88786
4.10934 2.83809
4.11414 2.78832
4.01641 3.28122
4.0212 3.23145
4.026 3.18168
4.03079 3.13191
4.03559 3.08214
4.04039 3.03237
4.04518 2.9826
4.04998 2.93283
4.05478 2.88306
4.05957 2.83329
4.06437 2.78352
4.06917 2.73376
4.07396 2.68399
4.0194 2.72896
4.02419 2.67919
4.0146 2.77873
