OR: -2.35646 0.887986 2.61297 5.96819e-38 16
-2.50646 0.737985
-2.50646 0.837986
-2.50646 0.937986
-2.50646 1.03799
-2.40646 0.737985
-2.40646 0.837986
-2.40646 0.937986
-2.40646 1.03799
-2.30646 0.737985
-2.30646 0.837986
-2.30646 0.937986
-2.30646 1.03799
-2.20646 0.737985
-2.20646 0.837986
-2.20646 0.937986
-2.20646 1.03799
CR: -2.63653 0.93298 3.24113 0.5 16
-2.78653 0.78298
-2.78653 0.88298
-2.78653 0.98298
-2.78653 1.08298
-2.68653 0.78298
-2.68653 0.88298
-2.68653 0.98298
-2.68653 1.08298
-2.58653 0.78298
-2.58653 0.88298
-2.58653 0.98298
-2.58653 1.08298
-2.48653 0.78298
-2.48653 0.88298
-2.48653 0.98298
-2.48653 1.08298
meetingroom: -4.45 -3.37963 3.1416 1 108
-5.2 -4.9
-5.2 -4.8
-5.2 -4.7
-5.2 -4.6
-5.2 -2.5
-5.2 -2.4
-5.2 -2.3
-5.2 -2.2
-5.2 -2.1
-5.2 -2
-5.2 -1.9
-5.2 -1.8
-5.2 -1.7
-5.2 -1.6
-5.2 -1.5
-5.2 -1.4
-5.2 -1.3
-5.2 -1.2
-5.1 -5
-5.1 -4.9
-5.1 -4.8
-5.1 -4.7
-5.1 -4.6
-5.1 -4.5
-5.1 -4.4
-5.1 -4.3
-5.1 -4.2
-5.1 -4.1
-5.1 -4
-5.1 -3.9
-5.1 -3.8
-5.1 -3.7
-5.1 -3.6
-5.1 -3.5
-5.1 -3.4
-5.1 -3.3
-5.1 -3.2
-5.1 -3.1
-5.1 -3
-5.1 -2.9
-5.1 -2.8
-5.1 -2.7
-5.1 -2.6
-5.1 -2.5
-5.1 -1.2
-5 -5
-5 -4.9
-5 -1.2
-4.9 -5
-4.9 -4.9
-4.9 -1.2
-4.8 -5
-4.8 -4.9
-4.8 -1.2
-4.7 -5
-4.7 -4.9
-4.7 -1.2
-4.6 -5
-4.6 -4.9
-4.6 -1.2
-4.5 -5
-4.5 -4.9
-4.5 -1.2
-4.4 -5
-4.4 -4.9
-4.4 -1.2
-4.3 -5
-4.3 -4.9
-4.3 -1.2
-4.2 -5
-4.2 -4.9
-4.2 -1.2
-4.1 -5
-4.1 -4.9
-4.1 -1.2
-4 -5
-4 -4.9
-4 -1.2
-3.9 -5
-3.9 -4.9
-3.9 -1.2
-3.8 -5
-3.8 -4.9
-3.8 -1.2
-3.7 -5
-3.7 -4.9
-3.7 -1.2
-3.6 -5
-3.6 -4.9
-3.6 -1.2
-3.5 -4.9
-3.5 -1.2
-3.4 -4.9
-3.4 -1.2
-3.3 -4.9
-3.3 -1.2
-3.2 -4.9
-3.2 -1.2
-3.1 -4.9
-3.1 -1.2
-3 -4.9
-3 -1.2
-2.9 -4.9
-2.9 -1.2
-2.8 -4.9
-2.8 -1.2
-2.7 -4.9
-2.7 -1.2
studioroom: -0.978142 3.95603 1.5708 1 398
-5.2 0.1
-5.2 0.2
-5.2 0.3
-5.2 0.4
-5.2 0.5
-5.2 0.6
-5.2 0.7
-5.2 0.8
-5.2 0.9
-5.2 1
-5.2 1.1
-5.2 1.2
-5.2 1.3
-5.2 1.4
-5.2 1.5
-5.2 1.6
-5.2 1.7
-5.2 1.8
-5.2 1.9
-5.2 2
-5.2 2.1
-5.2 2.2
-5.2 2.3
-5.2 2.4
-5.2 2.5
-5.2 2.6
-5.2 4.8
-5.2 4.9
-5.2 5
-5.2 5.1
-5.2 5.2
-5.2 5.3
-5.2 5.4
-5.2 5.5
-5.2 5.6
-5.2 5.7
-5.2 5.8
-5.2 5.9
-5.1 0
-5.1 0.1
-5.1 0.2
-5.1 0.3
-5.1 0.4
-5.1 0.5
-5.1 0.6
-5.1 0.7
-5.1 0.8
-5.1 0.9
-5.1 1
-5.1 1.1
-5.1 1.2
-5.1 1.3
-5.1 1.4
-5.1 1.5
-5.1 1.6
-5.1 1.7
-5.1 1.8
-5.1 1.9
-5.1 2
-5.1 2.1
-5.1 2.2
-5.1 2.3
-5.1 2.4
-5.1 2.5
-5.1 2.6
-5.1 2.7
-5.1 2.8
-5.1 2.9
-5.1 3
-5.1 3.1
-5.1 3.2
-5.1 3.3
-5.1 3.4
-5.1 3.5
-5.1 3.6
-5.1 3.7
-5.1 3.8
-5.1 3.9
-5.1 4
-5.1 4.1
-5.1 4.2
-5.1 4.3
-5.1 4.4
-5.1 4.5
-5.1 4.6
-5.1 4.7
-5.1 4.8
-5.1 4.9
-5.1 5
-5.1 5.1
-5.1 5.2
-5.1 5.3
-5.1 5.4
-5.1 5.5
-5.1 5.6
-5.1 5.7
-5.1 5.8
-5.1 5.9
-5.1 6
-5.1 6.1
-5.1 6.2
-5.1 6.3
-5.1 6.4
-5.1 6.5
-5.1 6.6
-5.1 6.7
-5.1 6.8
-5.1 6.9
-5 0
-5 0.1
-5 1.3
-5 1.4
-5 1.5
-5 1.6
-5 1.7
-5 6.8
-5 6.9
-4.9 0
-4.9 0.1
-4.9 6.8
-4.9 6.9
-4.8 0
-4.8 0.1
-4.8 6.8
-4.8 6.9
-4.7 0
-4.7 0.1
-4.7 6.8
-4.7 6.9
-4.6 0
-4.6 0.1
-4.6 6.8
-4.6 6.9
-4.5 0.1
-4.5 6.8
-4.5 6.9
-4.4 0.1
-4.4 6.8
-4.4 6.9
-4.3 0.1
-4.3 6.8
-4.3 6.9
-4.2 0.1
-4.2 6.8
-4.2 6.9
-4.1 0.1
-4.1 6.8
-4.1 6.9
-4 0.1
-4 6.8
-3.9 0.1
-3.9 6.8
-3.8 0.1
-3.8 6.8
-3.7 0.1
-3.7 6.8
-3.6 0.1
-3.6 6.8
-3.5 0.1
-3.5 6.8
-3.4 0.1
-3.4 6.8
-3.3 0.1
-3.3 6.8
-3.2 0.1
-3.2 6.8
-3.1 0.1
-3.1 6.8
-3 0.1
-3 6.8
-2.9 0.1
-2.9 6.8
-2.8 0.1
-2.8 6.8
-2.7 -0.2
-2.7 -0.1
-2.7 0
-2.7 0.1
-2.7 6.8
-2.6 6.6
-2.6 6.8
-2.5 6.6
-2.4 6.6
-2.3 6.6
-2.2 6.6
-2.1 6.6
-2 6.6
-1.9 6.6
-1.8 6.6
-1.8 6.7
-1.7 6.7
-1.6 0.1
-1.6 6.7
-1.6 6.8
-1.5 0.1
-1.5 6.7
-1.5 6.8
-1.4 0.1
-1.4 6.7
-1.4 6.8
-1.3 0.1
-1.3 6.7
-1.3 6.8
-1.2 0.1
-1.2 6.7
-1.2 6.8
-1.1 0.1
-1.1 6.7
-1.1 6.8
-1 0.1
-1 6.7
-1 6.8
-0.9 0.1
-0.9 6.7
-0.9 6.8
-0.8 0.1
-0.8 6.7
-0.8 6.8
-0.7 0.1
-0.7 6.7
-0.7 6.8
-0.6 0.1
-0.6 6.7
-0.6 6.8
-0.5 0.1
-0.5 6.7
-0.5 6.8
-0.4 0.1
-0.4 6.7
-0.4 6.8
-0.3 0.1
-0.3 6.7
-0.3 6.8
-0.2 0.1
-0.2 6.7
-0.2 6.8
-0.1 0.1
-0.1 6.7
-0.1 6.8
0 0.1
0 6.7
0 6.8
0.1 0.1
0.1 6.7
0.1 6.8
0.2 0.1
0.2 6.7
0.2 6.8
0.3 0.1
0.3 6.7
0.3 6.8
0.4 0.1
0.4 6.7
0.4 6.8
0.5 0.1
0.5 6.7
0.5 6.8
0.6 0.1
0.6 6.7
0.6 6.8
0.7 0.1
0.7 6.7
0.7 6.8
0.8 0.1
0.8 6.7
0.8 6.8
0.9 0.1
0.9 6.7
0.9 6.8
1 0.1
1 6.8
1.1 0.1
1.1 6.8
1.2 0.1
1.2 6.8
1.3 0.1
1.3 6.8
1.4 0.1
1.4 6.8
1.5 0.1
1.5 6.8
1.6 0.1
1.6 6.8
1.7 0.1
1.7 6.8
1.8 0.1
1.8 6.8
1.9 0.1
1.9 6.8
2 0.1
2 6.8
2.1 0.1
2.1 6.8
2.2 0.1
2.2 6.8
2.3 0.1
2.3 6.8
2.4 0.1
2.4 6.8
2.5 0.1
2.5 6.8
2.6 0.1
2.6 6.8
2.7 0.1
2.7 6.8
2.8 0.1
2.8 6.8
2.9 0.1
2.9 6.8
3 0.1
3 6.8
3.1 6.8
3.2 6.8
3.3 6.8
3.3 6.9
3.4 6.8
3.4 6.9
3.5 6.8
3.5 6.9
3.6 6.8
3.6 6.9
3.7 6.8
3.7 6.9
3.8 6.8
3.8 6.9
3.9 6.8
3.9 6.9
4 6.8
4 6.9
4.1 6.9
4.2 6.9
4.3 6.9
4.4 6.9
4.5 6.9
4.6 6.9
4.7 6.9
4.8 6.9
4.9 6.9
5 6.9
5.1 6.9
5.2 6.2
5.2 6.3
5.2 6.4
5.2 6.5
5.2 6.6
5.2 6.7
5.2 6.8
5.2 6.9
5.3 0.7
5.3 0.8
5.3 0.9
5.3 1
5.3 1.1
5.3 1.2
5.3 1.3
5.3 1.4
5.3 1.5
5.3 1.6
5.3 1.7
5.3 1.8
5.3 1.9
5.3 2
5.3 2.1
5.3 2.2
5.3 2.3
5.3 2.4
5.3 2.5
5.3 2.6
5.3 2.7
5.3 2.8
5.3 2.9
5.3 3
5.3 3.1
5.3 3.2
5.3 3.3
5.3 3.4
5.3 3.5
5.3 3.6
5.3 3.7
5.3 3.8
5.3 3.9
5.3 4
5.3 4.1
5.3 4.2
5.3 4.3
5.3 4.4
5.3 4.5
5.3 4.6
5.3 4.7
5.3 4.8
5.3 5.5
5.3 5.6
5.3 5.7
5.3 5.8
5.3 5.9
5.3 6
5.3 6.1
5.3 6.2
officeroom: 1.95993 -2.91324 0 1 272
-1.4 -1.2
-1.3 -1.2
-1.2 -1.2
-1.1 -1.2
-1 -1.2
-0.8 -2
-0.8 -2.1
-0.8 -2.4
-0.8 -2.5
-0.8 -2.6
-0.8 -2.7
-0.8 -2.8
-0.8 -2.9
-0.8 -3
-0.8 -3.1
-0.8 -3.2
-0.8 -3.3
-0.8 -3.4
-0.8 -3.5
-0.8 -3.6
-0.8 -3.7
-0.8 -3.8
-0.8 -3.9
-0.9 -1.2
-0.8 -5
-0.8 -4.9
-0.8 -4.8
-0.8 -4.7
-0.8 -4.6
-0.8 -4.5
-0.8 -4.4
-0.8 -4.3
-0.8 -4.2
-0.8 -4.1
-0.8 -2.3
-0.8 -2.2
-0.8 -1.2
-1.5 -2
-1.5 -2.1
-1.5 -2.4
-1.5 -2.5
-1.5 -2.6
-1.5 -2.7
-1.5 -2.8
-1.5 -2.9
-1.5 -3
-1.5 -3.1
-1.5 -3.2
-1.5 -3.3
-1.5 -3.4
-1.5 -3.5
-1.5 -3.6
-1.5 -3.7
-1.5 -3.8
-1.5 -3.9
-1.5 -1.2
-1.5 -5
-1.5 -4.9
-1.5 -4.8
-1.5 -4.7
-1.5 -4.6
-1.5 -4.5
-1.5 -4.4
-1.5 -4.3
-1.5 -4.2
-1.5 -4.1
-1.5 -2.3
-1.5 -2.2
-1.5 -1.2
-0.7 -5
-0.7 -1.2
-0.6 -5
-0.6 -1.2
-0.5 -5
-0.5 -1.2
-0.4 -5
-0.4 -1.2
-0.3 -5
-0.3 -1.2
-0.2 -5
-0.2 -1.3
-0.2 -1.2
-0.1 -5
-0.1 -4.9
-0.1 -1.3
-0.1 -1.2
0 -4.9
0 -1.3
0 -1.2
0.1 -4.9
0.1 -1.3
0.1 -1.2
0.2 -4.9
0.2 -1.3
0.2 -1.2
0.3 -4.9
0.3 -1.3
0.3 -1.2
0.4 -4.9
0.4 -1.3
0.4 -1.2
0.5 -4.9
0.5 -1.2
0.6 -4.9
0.6 -1.2
0.7 -4.9
0.7 -1.2
0.8 -4.9
0.8 -1.2
0.9 -4.9
0.9 -1.2
1 -4.9
1 -1.2
1.1 -4.9
1.1 -1.2
1.2 -4.9
1.2 -1.2
1.3 -4.9
1.3 -1.2
1.4 -4.9
1.4 -1.2
1.5 -4.9
1.5 -1.2
1.6 -4.9
1.6 -1.2
1.7 -4.9
1.7 -1.2
1.8 -4.9
1.8 -1.2
1.9 -4.9
1.9 -1.2
2 -4.9
2 -1.2
2.1 -4.9
2.1 -1.2
2.2 -4.9
2.2 -1.2
2.2 -1.1
2.3 -4.9
2.3 -1.2
2.3 -1.1
2.4 -4.9
2.4 -4.8
2.4 -1.2
2.4 -1.1
2.5 -4.8
2.5 -1.2
2.5 -1.1
2.6 -4.8
2.6 -1.2
2.6 -1.1
2.7 -4.8
2.7 -1.2
2.7 -1.1
2.8 -4.8
2.8 -1.2
2.8 -1.1
2.9 -4.9
2.9 -4.8
2.9 -1.2
2.9 -1.1
3 -4.9
3 -4.8
3 -1.2
3 -1.1
3.1 -4.9
3.1 -4.8
3.1 -1.2
3.1 -1.1
3.2 -4.9
3.2 -4.8
3.2 -1.1
3.3 -4.9
3.3 -1.1
3.4 -4.9
3.4 -1.1
3.5 -4.9
3.5 -1.1
3.6 -4.9
3.6 -1.1
3.7 -4.9
3.7 -1.1
3.7 -1
3.8 -4.9
3.8 -1.1
3.8 -1
3.9 -4.9
3.9 -1.1
3.9 -1
4 -5
4 -4.9
4 -1.1
4 -1
4.1 -5
4.1 -4.9
4.1 -1.1
4.1 -1
4.2 -5
4.2 -4.9
4.2 -1.1
4.2 -1
4.3 -5
4.3 -4.9
4.3 -1.1
4.3 -1
4.4 -5
4.4 -4.9
4.4 -1.1
4.4 -1
4.5 -4.9
4.5 -1.1
4.5 -1
4.6 -4.9
4.6 -1
4.7 -4.9
4.7 -1
4.8 -4.9
4.8 -1
4.9 -4.9
4.9 -1
5 -4.9
5 -1
5.1 -4.9
5.1 -1
5.2 -4.9
5.2 -1.6
5.2 -1.5
5.2 -1.4
5.2 -1.3
5.2 -1.2
5.2 -1.1
5.2 -1
5.3 -4.9
5.3 -4.8
5.3 -4.7
5.3 -4.6
5.3 -4.5
5.3 -4.4
5.3 -4.3
5.3 -4.2
5.3 -4.1
5.3 -4
5.3 -3.9
5.3 -3.8
5.3 -3.7
5.3 -3.6
5.3 -3.5
5.3 -3.4
5.3 -3.3
5.3 -3.2
5.3 -3.1
5.3 -3
5.3 -2.9
5.3 -2.8
5.3 -2.7
5.3 -2.6
5.3 -2.5
5.3 -2.4
5.3 -2.3
5.3 -2.2
5.3 -2.1
5.3 -2
5.3 -1.9
5.3 -1.8
5.3 -1.7
5.3 -1.6
5.3 -1.5
5.3 -1.4
5.3 -1.3
5.3 -1.2
5.3 -1.1
5.3 -1
room: -0.978142 3.95603 1.5708 1 398
-5.2 0.1
-5.2 0.2
-5.2 0.3
-5.2 0.4
-5.2 0.5
-5.2 0.6
-5.2 0.7
-5.2 0.8
-5.2 0.9
-5.2 1
-5.2 1.1
-5.2 1.2
-5.2 1.3
-5.2 1.4
-5.2 1.5
-5.2 1.6
-5.2 1.7
-5.2 1.8
-5.2 1.9
-5.2 2
-5.2 2.1
-5.2 2.2
-5.2 2.3
-5.2 2.4
-5.2 2.5
-5.2 2.6
-5.2 4.8
-5.2 4.9
-5.2 5
-5.2 5.1
-5.2 5.2
-5.2 5.3
-5.2 5.4
-5.2 5.5
-5.2 5.6
-5.2 5.7
-5.2 5.8
-5.2 5.9
-5.1 0
-5.1 0.1
-5.1 0.2
-5.1 0.3
-5.1 0.4
-5.1 0.5
-5.1 0.6
-5.1 0.7
-5.1 0.8
-5.1 0.9
-5.1 1
-5.1 1.1
-5.1 1.2
-5.1 1.3
-5.1 1.4
-5.1 1.5
-5.1 1.6
-5.1 1.7
-5.1 1.8
-5.1 1.9
-5.1 2
-5.1 2.1
-5.1 2.2
-5.1 2.3
-5.1 2.4
-5.1 2.5
-5.1 2.6
-5.1 2.7
-5.1 2.8
-5.1 2.9
-5.1 3
-5.1 3.1
-5.1 3.2
-5.1 3.3
-5.1 3.4
-5.1 3.5
-5.1 3.6
-5.1 3.7
-5.1 3.8
-5.1 3.9
-5.1 4
-5.1 4.1
-5.1 4.2
-5.1 4.3
-5.1 4.4
-5.1 4.5
-5.1 4.6
-5.1 4.7
-5.1 4.8
-5.1 4.9
-5.1 5
-5.1 5.1
-5.1 5.2
-5.1 5.3
-5.1 5.4
-5.1 5.5
-5.1 5.6
-5.1 5.7
-5.1 5.8
-5.1 5.9
-5.1 6
-5.1 6.1
-5.1 6.2
-5.1 6.3
-5.1 6.4
-5.1 6.5
-5.1 6.6
-5.1 6.7
-5.1 6.8
-5.1 6.9
-5 0
-5 0.1
-5 1.3
-5 1.4
-5 1.5
-5 1.6
-5 1.7
-5 6.8
-5 6.9
-4.9 0
-4.9 0.1
-4.9 6.8
-4.9 6.9
-4.8 0
-4.8 0.1
-4.8 6.8
-4.8 6.9
-4.7 0
-4.7 0.1
-4.7 6.8
-4.7 6.9
-4.6 0
-4.6 0.1
-4.6 6.8
-4.6 6.9
-4.5 0.1
-4.5 6.8
-4.5 6.9
-4.4 0.1
-4.4 6.8
-4.4 6.9
-4.3 0.1
-4.3 6.8
-4.3 6.9
-4.2 0.1
-4.2 6.8
-4.2 6.9
-4.1 0.1
-4.1 6.8
-4.1 6.9
-4 0.1
-4 6.8
-3.9 0.1
-3.9 6.8
-3.8 0.1
-3.8 6.8
-3.7 0.1
-3.7 6.8
-3.6 0.1
-3.6 6.8
-3.5 0.1
-3.5 6.8
-3.4 0.1
-3.4 6.8
-3.3 0.1
-3.3 6.8
-3.2 0.1
-3.2 6.8
-3.1 0.1
-3.1 6.8
-3 0.1
-3 6.8
-2.9 0.1
-2.9 6.8
-2.8 0.1
-2.8 6.8
-2.7 -0.2
-2.7 -0.1
-2.7 0
-2.7 0.1
-2.7 6.8
-2.6 6.6
-2.6 6.8
-2.5 6.6
-2.4 6.6
-2.3 6.6
-2.2 6.6
-2.1 6.6
-2 6.6
-1.9 6.6
-1.8 6.6
-1.8 6.7
-1.7 6.7
-1.6 0.1
-1.6 6.7
-1.6 6.8
-1.5 0.1
-1.5 6.7
-1.5 6.8
-1.4 0.1
-1.4 6.7
-1.4 6.8
-1.3 0.1
-1.3 6.7
-1.3 6.8
-1.2 0.1
-1.2 6.7
-1.2 6.8
-1.1 0.1
-1.1 6.7
-1.1 6.8
-1 0.1
-1 6.7
-1 6.8
-0.9 0.1
-0.9 6.7
-0.9 6.8
-0.8 0.1
-0.8 6.7
-0.8 6.8
-0.7 0.1
-0.7 6.7
-0.7 6.8
-0.6 0.1
-0.6 6.7
-0.6 6.8
-0.5 0.1
-0.5 6.7
-0.5 6.8
-0.4 0.1
-0.4 6.7
-0.4 6.8
-0.3 0.1
-0.3 6.7
-0.3 6.8
-0.2 0.1
-0.2 6.7
-0.2 6.8
-0.1 0.1
-0.1 6.7
-0.1 6.8
0 0.1
0 6.7
0 6.8
0.1 0.1
0.1 6.7
0.1 6.8
0.2 0.1
0.2 6.7
0.2 6.8
0.3 0.1
0.3 6.7
0.3 6.8
0.4 0.1
0.4 6.7
0.4 6.8
0.5 0.1
0.5 6.7
0.5 6.8
0.6 0.1
0.6 6.7
0.6 6.8
0.7 0.1
0.7 6.7
0.7 6.8
0.8 0.1
0.8 6.7
0.8 6.8
0.9 0.1
0.9 6.7
0.9 6.8
1 0.1
1 6.8
1.1 0.1
1.1 6.8
1.2 0.1
1.2 6.8
1.3 0.1
1.3 6.8
1.4 0.1
1.4 6.8
1.5 0.1
1.5 6.8
1.6 0.1
1.6 6.8
1.7 0.1
1.7 6.8
1.8 0.1
1.8 6.8
1.9 0.1
1.9 6.8
2 0.1
2 6.8
2.1 0.1
2.1 6.8
2.2 0.1
2.2 6.8
2.3 0.1
2.3 6.8
2.4 0.1
2.4 6.8
2.5 0.1
2.5 6.8
2.6 0.1
2.6 6.8
2.7 0.1
2.7 6.8
2.8 0.1
2.8 6.8
2.9 0.1
2.9 6.8
3 0.1
3 6.8
3.1 6.8
3.2 6.8
3.3 6.8
3.3 6.9
3.4 6.8
3.4 6.9
3.5 6.8
3.5 6.9
3.6 6.8
3.6 6.9
3.7 6.8
3.7 6.9
3.8 6.8
3.8 6.9
3.9 6.8
3.9 6.9
4 6.8
4 6.9
4.1 6.9
4.2 6.9
4.3 6.9
4.4 6.9
4.5 6.9
4.6 6.9
4.7 6.9
4.8 6.9
4.9 6.9
5 6.9
5.1 6.9
5.2 6.2
5.2 6.3
5.2 6.4
5.2 6.5
5.2 6.6
5.2 6.7
5.2 6.8
5.2 6.9
5.3 0.7
5.3 0.8
5.3 0.9
5.3 1
5.3 1.1
5.3 1.2
5.3 1.3
5.3 1.4
5.3 1.5
5.3 1.6
5.3 1.7
5.3 1.8
5.3 1.9
5.3 2
5.3 2.1
5.3 2.2
5.3 2.3
5.3 2.4
5.3 2.5
5.3 2.6
5.3 2.7
5.3 2.8
5.3 2.9
5.3 3
5.3 3.1
5.3 3.2
5.3 3.3
5.3 3.4
5.3 3.5
5.3 3.6
5.3 3.7
5.3 3.8
5.3 3.9
5.3 4
5.3 4.1
5.3 4.2
5.3 4.3
5.3 4.4
5.3 4.5
5.3 4.6
5.3 4.7
5.3 4.8
5.3 5.5
5.3 5.6
5.3 5.7
5.3 5.8
5.3 5.9
5.3 6
5.3 6.1
5.3 6.2
table: -3.82723 0.981532 -1 0.512945 192
-4.4938 1.09394
-4.46858 1.13712
-4.51901 1.05076
-4.47583 1.02555
-4.45062 1.06873
-4.42541 1.1119
-4.50105 0.982373
-4.40019 1.15508
-4.48309 0.913982
-4.45787 0.957159
-4.43266 1.00034
-4.40744 1.04351
-4.38223 1.08669
-4.35702 1.12987
-4.5083 0.870804
-4.46512 0.845591
-4.43991 0.888768
-4.41469 0.931945
-4.38948 0.975122
-4.36427 1.0183
-4.33905 1.06148
-4.31384 1.10465
-4.28863 1.14783
-4.39673 0.863554
-4.37152 0.906731
-4.3463 0.949908
-4.32109 0.993085
-4.29588 1.03626
-4.27066 1.07944
-4.24545 1.12262
-4.35355 0.83834
-4.32834 0.881517
-4.30313 0.924694
-4.27791 0.967872
-4.2527 1.01105
-4.22749 1.05423
-4.20227 1.0974
-4.17706 1.14058
-4.28516 0.856303
-4.25995 0.899481
-4.23474 0.942658
-4.20952 0.985835
-4.18431 1.02901
-4.15909 1.07219
-4.13388 1.11537
-4.24199 0.83109
-4.21677 0.874267
-4.19156 0.917444
-4.16634 0.960621
-4.14113 1.0038
-4.11592 1.04698
-4.0907 1.09015
-4.06549 1.13333
-4.1736 0.849053
-4.14838 0.89223
-4.12317 0.935407
-4.09795 0.978584
-4.07274 1.02176
-4.04753 1.06494
-4.02231 1.10812
-3.9971 1.15129
-4.13042 0.823839
-4.1052 0.867016
-4.07999 0.910193
-4.05478 0.95337
-4.02956 0.996548
-4.00435 1.03972
-3.97914 1.0829
-3.95392 1.12608
-4.06203 0.841802
-4.03681 0.88498
-4.0116 0.928157
-3.98639 0.971334
-3.96117 1.01451
-3.93596 1.05769
-3.91074 1.10087
-3.88553 1.14404
-4.01885 0.816589
-3.99364 0.859766
-3.96842 0.902943
-3.94321 0.94612
-3.91799 0.989297
-3.89278 1.03247
-3.86757 1.07565
-3.84235 1.11883
-3.95046 0.834552
-3.92525 0.877729
-3.90003 0.920906
-3.87482 0.964083
-3.8496 1.00726
-3.82439 1.05044
-3.79918 1.09361
-3.77396 1.13679
-3.90728 0.809338
-3.88207 0.852515
-3.85685 0.895692
-3.83164 0.938869
-3.80643 0.982047
-3.78121 1.02522
-3.756 1.0684
-3.73079 1.11158
-3.70557 1.15475
-3.83889 0.827301
-3.81368 0.870479
-3.78846 0.913656
-3.76325 0.956833
-3.73804 1.00001
-3.71282 1.04319
-3.68761 1.08636
-3.66239 1.12954
-3.79571 0.802088
-3.7705 0.845265
-3.74529 0.888442
-3.72007 0.931619
-3.69486 0.974796
-3.66965 1.01797
-3.64443 1.06115
-3.61922 1.10433
-3.594 1.1475
-3.72732 0.820051
-3.70211 0.863228
-3.6769 0.906405
-3.65168 0.949582
-3.62647 0.992759
-3.60125 1.03594
-3.57604 1.07911
-3.55083 1.12229
-3.65893 0.838014
-3.63372 0.881191
-3.6085 0.924368
-3.58329 0.967546
-3.55808 1.01072
-3.53286 1.0539
-3.50765 1.09708
-3.48244 1.14025
-3.61576 0.8128
-3.59054 0.855977
-3.56533 0.899155
-3.54011 0.942332
-3.5149 0.985509
-3.48969 1.02869
-3.46447 1.07186
-3.43926 1.11504
-3.41404 1.15822
-3.54736 0.830764
-3.52215 0.873941
-3.49694 0.917118
-3.47172 0.960295
-3.44651 1.00347
-3.4213 1.04665
-3.39608 1.08983
-3.37087 1.133
-3.50419 0.80555
-3.47897 0.848727
-3.45376 0.891904
-3.42855 0.935081
-3.40333 0.978258
-3.37812 1.02144
-3.3529 1.06461
-3.32769 1.10779
-3.30248 1.15097
-3.4358 0.823513
-3.41058 0.86669
-3.38537 0.909867
-3.36015 0.953045
-3.33494 0.996222
-3.30973 1.0394
-3.28451 1.08258
-3.2593 1.12575
-3.39262 0.798299
-3.36741 0.841477
-3.34219 0.884654
-3.31698 0.927831
-3.29176 0.971008
-3.26655 1.01418
-3.24134 1.05736
-3.21612 1.10054
-3.19091 1.14372
-3.32423 0.816263
-3.29901 0.85944
-3.2738 0.902617
-3.24859 0.945794
-3.22337 0.988971
-3.19816 1.03215
-3.17295 1.07533
-3.28105 0.791049
-3.25584 0.834226
-3.23062 0.877403
-3.20541 0.92058
-3.1802 0.963757
-3.21266 0.809012
-3.18745 0.852189
chair: -3.84772 1.8942 4.57952 0.956533 172
-4.15498 2.16991
-4.1118 2.14469
-4.06863 2.11948
-4.08659 2.18787
-4.04341 2.16266
-4.00024 2.13744
-4.0182 2.20583
-3.93184 2.15541
-3.97502 2.18062
-3.88867 2.13019
-3.90663 2.19858
-3.86345 2.17337
-3.82028 2.14815
-4.18019 2.12673
-3.79506 2.19133
-3.7771 2.12294
-3.75188 2.16612
-3.70871 2.1409
-3.68349 2.18408
-3.72667 2.2093
-3.66553 2.11569
-3.64032 2.15887
-3.59714 2.13365
-3.6151 2.20204
-3.57193 2.17683
-3.52875 2.15162
-3.50354 2.19479
-3.95706 2.11223
-3.55396 2.10844
-4.13702 2.10152
-3.84549 2.10498
-4.16223 2.05834
-4.09384 2.0763
-4.18744 2.01516
-4.11905 2.03312
-4.14427 1.98995
-4.16948 1.94677
-4.10109 1.96473
-4.15152 1.87838
-4.1263 1.92156
-4.17673 1.8352
-4.08313 1.89634
-4.10834 1.85317
-4.13355 1.80999
-4.15877 1.76681
-4.11559 1.7416
-4.09038 1.78477
-4.18398 1.72363
-4.02545 2.09426
-4.14081 1.69842
-3.57918 2.06526
-3.73392 2.09773
-3.51079 2.08323
-3.60439 2.02209
-3.536 2.04005
-3.56121 1.99687
-3.58643 1.95369
-3.91388 2.08701
-3.51804 1.97166
-4.19469 1.90359
-3.54325 1.92848
-4.07588 2.00791
-4.05066 2.05109
-3.56846 1.8853
-4.05791 1.93952
-4.0327 1.9827
-4.00749 2.02587
-3.98227 2.06905
-3.59368 1.84213
-3.50007 1.90327
-3.52529 1.86009
-4.06516 1.82795
-4.03995 1.87113
-4.01474 1.91431
-3.98952 1.95748
-3.96431 2.00066
-3.93909 2.04384
-3.5505 1.81691
-4.16602 1.65524
-3.57571 1.77374
-3.62235 2.09048
-4.14806 1.58685
-4.12284 1.63003
-4.09763 1.67321
-4.07241 1.71638
-4.0472 1.75956
-4.02199 1.80274
-3.99677 1.84591
-3.97156 1.88909
-3.94634 1.93227
-3.92113 1.97545
-3.89592 2.01862
-3.60093 1.73056
-3.50732 1.7917
-3.53254 1.74852
-4.07966 1.60482
-4.05445 1.64799
-4.02924 1.69117
-4.00402 1.73435
-3.97881 1.77752
-3.9536 1.8207
-3.92838 1.86388
-3.90317 1.90706
-3.87795 1.95023
-3.55775 1.70534
-3.80231 2.07976
-4.01127 1.62278
-3.98606 1.66596
-3.96085 1.70913
-3.93563 1.75231
-3.91042 1.79549
-3.8852 1.83866
-3.85999 1.88184
-3.83478 1.92502
-3.75914 2.05455
-4.19123 1.61207
-3.78435 2.01137
-3.80956 1.9682
-3.9681 1.59756
-3.94288 1.64074
-3.91767 1.68392
-3.89246 1.7271
-3.86724 1.77027
-3.84203 1.81345
-3.81681 1.85663
-3.7916 1.8998
-3.76639 1.94298
-3.74117 1.98616
-3.71596 2.02934
-3.69074 2.07251
-3.89971 1.61553
-3.87449 1.65871
-3.84928 1.70188
-3.82406 1.74506
-3.79885 1.78824
-3.77364 1.83141
-3.74842 1.87459
-3.72321 1.91777
-3.698 1.96095
-3.67278 2.00412
-3.64757 2.0473
-3.85653 1.59031
-3.83131 1.63349
-3.8061 1.67667
-3.78089 1.71985
-3.75567 1.76302
-3.73046 1.8062
-3.68003 1.89255
-3.65482 1.93573
-3.6296 1.97891
-3.78814 1.60828
-3.76292 1.65145
-3.73771 1.69463
-3.7125 1.73781
-3.68728 1.78099
-3.63685 1.86734
-3.61164 1.91052
-3.66207 1.82416
-3.71975 1.62624
-3.69453 1.66942
-3.66932 1.7126
-3.6441 1.75577
-3.61889 1.79895
-3.67657 1.60103
-3.65136 1.6442
-3.62614 1.68738
-3.60818 1.61899
-3.58296 1.66217
-3.74496 1.58306
-3.565 1.59378
-3.53979 1.63695
-3.51457 1.68013
