OR: 2.54025 2.10176 0.366605 1.939e-38 16
2.39025 1.95176
2.39025 2.05176
2.39025 2.15176
2.39025 2.25176
2.49025 1.95176
2.49025 2.05176
2.49025 2.15176
2.49025 2.25176
2.59025 1.95176
2.59025 2.05176
2.59025 2.15176
2.59025 2.25176
2.69025 1.95176
2.69025 2.05176
2.69025 2.15176
2.69025 2.25176
CR: 2.89513 2.42149 0.754421 0.5 16
2.74513 2.27149
2.74513 2.37149
2.74513 2.47149
2.74513 2.57149
2.84513 2.27149
2.84513 2.37149
2.84513 2.47149
2.84513 2.57149
2.94513 2.27149
2.94513 2.37149
2.94513 2.47149
2.94513 2.57149
3.04513 2.27149
3.04513 2.37149
3.04513 2.47149
3.04513 2.57149
meetingroom: 1.01926 6.75926 1.5708 1 135
0 5.1
0 5.2
0 5.3
0 5.4
0 5.5
0 5.6
0 5.7
0 5.8
0 5.9
0 6
0 6.1
0 6.2
0 6.3
0 6.4
0 6.5
0 6.6
0 6.7
0 7.1
0 7.2
0 7.3
0 7.4
0 7.5
0 7.6
0 7.7
0 7.8
0 7.9
0 8
0 8.1
0 8.2
0 8.3
0.1 5.1
0.1 6.3
0.1 6.4
0.1 6.5
0.1 6.6
0.1 6.7
0.1 6.8
0.1 6.9
0.1 7
0.1 7.1
0.1 7.2
0.1 7.3
0.1 7.4
0.1 7.5
0.1 7.6
0.1 7.7
0.1 7.8
0.1 7.9
0.1 8
0.1 8.1
0.1 8.2
0.1 8.3
0.1 8.4
0.2 5.1
0.2 8.3
0.3 5.1
0.3 8.3
0.4 5.1
0.4 8.3
0.5 5.1
0.5 8.3
0.6 5.1
0.6 8.3
0.7 5.1
0.7 8.3
0.8 5.1
0.8 8.3
0.9 5.1
0.9 8.3
1 5.1
1 8.3
1.1 5.1
1.1 8.3
1.2 5.1
1.2 8.3
1.3 8.3
1.4 8.3
1.5 8.3
1.6 8.3
1.7 8.3
1.8 5
1.8 5.1
1.8 8.3
1.9 5.1
1.9 8.3
2 5.1
2 5.3
2 5.4
2 5.5
2 5.6
2 5.7
2 5.8
2 5.9
2 6
2 6.1
2 6.2
2 6.3
2 6.4
2 6.5
2 6.6
2 6.7
2 6.8
2 8.3
2.1 5.1
2.1 5.2
2.1 5.3
2.1 5.4
2.1 5.5
2.1 5.6
2.1 5.7
2.1 5.8
2.1 5.9
2.1 6
2.1 6.1
2.1 6.2
2.1 6.3
2.1 6.4
2.1 6.5
2.1 6.6
2.1 6.8
2.1 6.9
2.1 7
2.1 7.1
2.1 7.2
2.1 7.3
2.1 7.4
2.1 7.5
2.1 7.6
2.1 7.7
2.1 7.8
2.1 7.9
2.1 8
2.1 8.1
2.1 8.2
2.1 8.3
officeroom: -0.388983 1.19153 3.1416 1 118
-1.3 0.1
-1.3 0.2
-1.3 0.3
-1.3 0.4
-1.3 0.5
-1.3 0.6
-1.3 0.7
-1.3 0.8
-1.3 0.9
-1.3 1
-1.3 1.8
-1.3 1.9
-1.3 2
-1.3 2.1
-1.3 2.2
-1.3 2.3
-1.2 0
-1.2 0.1
-1.2 0.2
-1.2 0.3
-1.2 0.4
-1.2 0.5
-1.2 0.6
-1.2 0.7
-1.2 0.8
-1.2 0.9
-1.2 1
-1.2 1.1
-1.2 1.2
-1.2 1.3
-1.2 1.4
-1.2 1.5
-1.2 1.6
-1.2 1.7
-1.2 1.8
-1.2 1.9
-1.2 2
-1.2 2.1
-1.2 2.2
-1.2 2.3
-1.2 2.4
-1.1 0
-1.1 0.1
-1.1 2.3
-1.1 2.4
-1 0
-1 0.1
-1 2.3
-1 2.4
-0.9 0
-0.9 0.1
-0.9 2.3
-0.9 2.4
-0.8 0
-0.8 0.1
-0.8 2.3
-0.8 2.4
-0.7 0
-0.7 0.1
-0.7 2.3
-0.7 2.4
-0.6 0
-0.6 0.1
-0.6 2.3
-0.6 2.4
-0.5 0.1
-0.5 2.3
-0.5 2.4
-0.4 0.1
-0.4 2.3
-0.4 2.4
-0.3 0.1
-0.3 2.3
-0.3 2.4
-0.2 0.1
-0.2 2.3
-0.1 0.1
-0.1 2.3
0 0.1
0 2.3
0.1 0.1
0.1 2.3
0.2 0.1
0.2 2.3
0.3 0.1
0.3 2.3
0.4 0.1
0.4 2.3
0.5 0.1
0.5 2.3
0.6 0.1
0.6 2.3
0.7 0.1
0.7 2.3
0.8 0.1
0.8 2.3
0.9 0.1
0.9 2.3
1 0.1
1 0.2
1 0.3
1 0.4
1 0.5
1 0.6
1 1.5
1 1.6
1 1.7
1 1.8
1 1.9
1 2
1 2.1
1 2.2
1 2.3
1.1 0.1
1.1 0.2
1.1 0.3
1.1 0.4
1.1 0.6
livingroom: 3.72278 2.12342 1.5708 1 158
0.5 0.1
0.6 0.1
0.7 0.1
0.8 0.1
0.9 0.1
1.1 0.1
1.1 0.2
1.1 0.3
1.1 0.4
1.1 0.5
1.1 0.6
1.1 3.4
1.1 3.5
1.1 3.6
1.1 3.7
1.1 3.8
1.1 3.9
1.1 4
1.1 4.1
1.1 4.2
1.1 4.3
1.1 4.4
1.1 4.5
1.1 4.6
1.1 4.7
1.1 4.8
1.2 0.1
1.3 0.1
1.9 4.8
2 4.8
2.1 4.8
2.2 4.8
2.3 4.8
2.4 0
2.4 0.1
2.4 4.8
2.5 0.1
2.5 4.8
2.6 0.1
2.6 4.8
2.7 0.1
2.8 0.1
2.9 0.1
3 0.1
3.1 0.1
3.2 0.1
3.3 0.1
3.4 0.1
3.5 0.1
3.6 0.1
3.6 4.8
3.7 0
3.7 0.1
3.7 4.7
3.7 4.8
3.8 0
3.8 0.1
3.8 4.7
3.8 4.8
3.9 -0.1
3.9 0
3.9 0.1
3.9 4.7
3.9 4.8
4 -0.1
4 0.1
4 4.7
4 4.8
4.1 -0.1
4.1 0.1
4.1 4.7
4.1 4.8
4.2 -0.1
4.2 0.1
4.2 4.7
4.2 4.8
4.3 -0.1
4.3 0.1
4.3 4.7
4.3 4.8
4.4 -0.1
4.4 0.1
4.4 4.7
4.4 4.8
4.5 -0.1
4.5 0.1
4.5 4.7
4.6 -0.1
4.6 0.1
4.6 4.7
4.7 -0.1
4.7 0.1
4.7 4.7
4.8 -0.1
4.8 0
4.8 0.1
4.8 4.7
4.9 0
4.9 0.1
4.9 0.2
4.9 0.3
4.9 0.4
4.9 0.5
4.9 0.6
4.9 0.7
4.9 0.8
4.9 0.9
4.9 1
4.9 1.1
4.9 1.2
4.9 1.3
4.9 1.4
4.9 1.5
4.9 1.6
4.9 1.7
4.9 1.8
4.9 1.9
4.9 2
4.9 2.1
4.9 2.2
4.9 2.3
4.9 2.4
4.9 2.5
4.9 2.6
4.9 2.7
4.9 2.8
4.9 4.7
5 0.1
5 0.2
5 0.3
5 0.4
5 0.5
5 0.6
5 0.7
5 0.8
5 2.5
5 2.6
5 2.7
5 2.8
5 2.9
5 3
5 3.1
5 3.2
5 3.3
5 3.4
5 3.5
5 3.6
5 3.7
5 3.8
5 3.9
5 4
5 4.1
5 4.2
5 4.3
5 4.4
5 4.5
5 4.6
5 4.7
bedroom: 3.85302 6.91074 1.5708 1 149
2.2 8.3
2.3 6.9
2.3 7
2.3 7.1
2.3 7.2
2.3 7.3
2.3 7.4
2.3 7.5
2.3 7.6
2.3 7.7
2.3 8
2.3 8.1
2.3 8.2
2.3 8.3
2.4 5
2.4 5.1
2.4 5.2
2.4 5.3
2.4 5.4
2.4 5.5
2.4 5.6
2.4 5.7
2.4 5.8
2.4 5.9
2.4 6
2.4 6.1
2.4 6.2
2.4 6.3
2.4 6.4
2.4 6.5
2.4 6.6
2.4 6.7
2.4 6.8
2.4 6.9
2.4 7
2.4 7.1
2.4 7.2
2.4 7.3
2.4 7.7
2.4 7.8
2.4 7.9
2.4 8
2.4 8.1
2.4 8.2
2.4 8.3
2.5 5
2.5 8.3
2.6 8.3
2.7 8.3
2.8 8.3
2.9 8.3
3 8.3
3.1 8.3
3.2 8.3
3.3 8.3
3.4 8.3
3.5 5
3.5 5.1
3.5 8.3
3.6 5.1
3.6 8.3
3.7 5.1
3.7 8.3
3.8 5.1
3.8 8.3
3.9 5.1
3.9 8.3
4 5.1
4 8.3
4.1 5.1
4.1 8.3
4.2 5.1
4.2 8.3
4.3 5.1
4.3 8.2
4.3 8.3
4.4 5.1
4.4 8.2
4.4 8.3
4.5 5.1
4.5 8.2
4.5 8.3
4.6 5.1
4.6 8.2
4.6 8.3
4.7 5.1
4.7 8.2
4.7 8.3
4.8 5.1
4.8 8.2
4.8 8.3
4.9 5
4.9 5.1
4.9 5.2
4.9 5.3
4.9 5.4
4.9 5.5
4.9 5.6
4.9 5.7
4.9 5.8
4.9 5.9
4.9 6
4.9 6.1
4.9 6.2
4.9 6.3
4.9 6.4
4.9 6.5
4.9 6.6
4.9 6.7
4.9 6.8
4.9 6.9
4.9 7
4.9 8.2
4.9 8.3
5 5.1
5 5.2
5 5.3
5 5.4
5 5.5
5 5.6
5 5.7
5 5.8
5 5.9
5 6.7
5 6.8
5 6.9
5 7
5 7.1
5 7.2
5 7.3
5 7.4
5 7.5
5 7.6
5 7.7
5 7.8
5 7.9
5 8
5 8.1
5 8.2
5 8.3
5.1 7.4
5.1 7.5
5.1 7.6
5.1 7.7
5.1 7.8
5.1 7.9
5.1 8
5.1 8.1
5.1 8.2
bed: 3.5 7.7 0 1 273
2.5 7.1
2.5 7.2
2.5 7.3
2.5 7.4
2.5 7.5
2.5 7.6
2.5 7.7
2.5 7.8
2.5 7.9
2.5 8
2.5 8.1
2.5 8.2
2.5 8.3
2.6 7.1
2.6 7.2
2.6 7.3
2.6 7.4
2.6 7.5
2.6 7.6
2.6 7.7
2.6 7.8
2.6 7.9
2.6 8
2.6 8.1
2.6 8.2
2.6 8.3
2.7 7.1
2.7 7.2
2.7 7.3
2.7 7.4
2.7 7.5
2.7 7.6
2.7 7.7
2.7 7.8
2.7 7.9
2.7 8
2.7 8.1
2.7 8.2
2.7 8.3
2.8 7.1
2.8 7.2
2.8 7.3
2.8 7.4
2.8 7.5
2.8 7.6
2.8 7.7
2.8 7.8
2.8 7.9
2.8 8
2.8 8.1
2.8 8.2
2.8 8.3
2.9 7.1
2.9 7.2
2.9 7.3
2.9 7.4
2.9 7.5
2.9 7.6
2.9 7.7
2.9 7.8
2.9 7.9
2.9 8
2.9 8.1
2.9 8.2
2.9 8.3
3 7.1
3 7.2
3 7.3
3 7.4
3 7.5
3 7.6
3 7.7
3 7.8
3 7.9
3 8
3 8.1
3 8.2
3 8.3
3.1 7.1
3.1 7.2
3.1 7.3
3.1 7.4
3.1 7.5
3.1 7.6
3.1 7.7
3.1 7.8
3.1 7.9
3.1 8
3.1 8.1
3.1 8.2
3.1 8.3
3.2 7.1
3.2 7.2
3.2 7.3
3.2 7.4
3.2 7.5
3.2 7.6
3.2 7.7
3.2 7.8
3.2 7.9
3.2 8
3.2 8.1
3.2 8.2
3.2 8.3
3.3 7.1
3.3 7.2
3.3 7.3
3.3 7.4
3.3 7.5
3.3 7.6
3.3 7.7
3.3 7.8
3.3 7.9
3.3 8
3.3 8.1
3.3 8.2
3.3 8.3
3.4 7.1
3.4 7.2
3.4 7.3
3.4 7.4
3.4 7.5
3.4 7.6
3.4 7.7
3.4 7.8
3.4 7.9
3.4 8
3.4 8.1
3.4 8.2
3.4 8.3
3.5 7.1
3.5 7.2
3.5 7.3
3.5 7.4
3.5 7.5
3.5 7.6
3.5 7.7
3.5 7.8
3.5 7.9
3.5 8
3.5 8.1
3.5 8.2
3.5 8.3
3.6 7.1
3.6 7.2
3.6 7.3
3.6 7.4
3.6 7.5
3.6 7.6
3.6 7.7
3.6 7.8
3.6 7.9
3.6 8
3.6 8.1
3.6 8.2
3.6 8.3
3.7 7.1
3.7 7.2
3.7 7.3
3.7 7.4
3.7 7.5
3.7 7.6
3.7 7.7
3.7 7.8
3.7 7.9
3.7 8
3.7 8.1
3.7 8.2
3.7 8.3
3.8 7.1
3.8 7.2
3.8 7.3
3.8 7.4
3.8 7.5
3.8 7.6
3.8 7.7
3.8 7.8
3.8 7.9
3.8 8
3.8 8.1
3.8 8.2
3.8 8.3
3.9 7.1
3.9 7.2
3.9 7.3
3.9 7.4
3.9 7.5
3.9 7.6
3.9 7.7
3.9 7.8
3.9 7.9
3.9 8
3.9 8.1
3.9 8.2
3.9 8.3
4 7.1
4 7.2
4 7.3
4 7.4
4 7.5
4 7.6
4 7.7
4 7.8
4 7.9
4 8
4 8.1
4 8.2
4 8.3
4.1 7.1
4.1 7.2
4.1 7.3
4.1 7.4
4.1 7.5
4.1 7.6
4.1 7.7
4.1 7.8
4.1 7.9
4.1 8
4.1 8.1
4.1 8.2
4.1 8.3
4.2 7.1
4.2 7.2
4.2 7.3
4.2 7.4
4.2 7.5
4.2 7.6
4.2 7.7
4.2 7.8
4.2 7.9
4.2 8
4.2 8.1
4.2 8.2
4.2 8.3
4.3 7.1
4.3 7.2
4.3 7.3
4.3 7.4
4.3 7.5
4.3 7.6
4.3 7.7
4.3 7.8
4.3 7.9
4.3 8
4.3 8.1
4.3 8.2
4.3 8.3
4.4 7.1
4.4 7.2
4.4 7.3
4.4 7.4
4.4 7.5
4.4 7.6
4.4 7.7
4.4 7.8
4.4 7.9
4.4 8
4.4 8.1
4.4 8.2
4.4 8.3
4.5 7.1
4.5 7.2
4.5 7.3
4.5 7.4
4.5 7.5
4.5 7.6
4.5 7.7
4.5 7.8
4.5 7.9
4.5 8
4.5 8.1
4.5 8.2
4.5 8.3
room: 3.72278 2.12342 1.5708 1 158
0.5 0.1
0.6 0.1
0.7 0.1
0.8 0.1
0.9 0.1
1.1 0.1
1.1 0.2
1.1 0.3
1.1 0.4
1.1 0.5
1.1 0.6
1.1 3.4
1.1 3.5
1.1 3.6
1.1 3.7
1.1 3.8
1.1 3.9
1.1 4
1.1 4.1
1.1 4.2
1.1 4.3
1.1 4.4
1.1 4.5
1.1 4.6
1.1 4.7
1.1 4.8
1.2 0.1
1.3 0.1
1.9 4.8
2 4.8
2.1 4.8
2.2 4.8
2.3 4.8
2.4 0
2.4 0.1
2.4 4.8
2.5 0.1
2.5 4.8
2.6 0.1
2.6 4.8
2.7 0.1
2.8 0.1
2.9 0.1
3 0.1
3.1 0.1
3.2 0.1
3.3 0.1
3.4 0.1
3.5 0.1
3.6 0.1
3.6 4.8
3.7 0
3.7 0.1
3.7 4.7
3.7 4.8
3.8 0
3.8 0.1
3.8 4.7
3.8 4.8
3.9 -0.1
3.9 0
3.9 0.1
3.9 4.7
3.9 4.8
4 -0.1
4 0.1
4 4.7
4 4.8
4.1 -0.1
4.1 0.1
4.1 4.7
4.1 4.8
4.2 -0.1
4.2 0.1
4.2 4.7
4.2 4.8
4.3 -0.1
4.3 0.1
4.3 4.7
4.3 4.8
4.4 -0.1
4.4 0.1
4.4 4.7
4.4 4.8
4.5 -0.1
4.5 0.1
4.5 4.7
4.6 -0.1
4.6 0.1
4.6 4.7
4.7 -0.1
4.7 0.1
4.7 4.7
4.8 -0.1
4.8 0
4.8 0.1
4.8 4.7
4.9 0
4.9 0.1
4.9 0.2
4.9 0.3
4.9 0.4
4.9 0.5
4.9 0.6
4.9 0.7
4.9 0.8
4.9 0.9
4.9 1
4.9 1.1
4.9 1.2
4.9 1.3
4.9 1.4
4.9 1.5
4.9 1.6
4.9 1.7
4.9 1.8
4.9 1.9
4.9 2
4.9 2.1
4.9 2.2
4.9 2.3
4.9 2.4
4.9 2.5
4.9 2.6
4.9 2.7
4.9 2.8
4.9 4.7
5 0.1
5 0.2
5 0.3
5 0.4
5 0.5
5 0.6
5 0.7
5 0.8
5 2.5
5 2.6
5 2.7
5 2.8
5 2.9
5 3
5 3.1
5 3.2
5 3.3
5 3.4
5 3.5
5 3.6
5 3.7
5 3.8
5 3.9
5 4
5 4.1
5 4.2
5 4.3
5 4.4
5 4.5
5 4.6
5 4.7
table: 3.35754 2.87533 -1 1 81
3.51914 3.05792
3.5565 3.02468
3.44855 3.05379
3.48591 3.02056
3.52327 2.98733
3.41119 3.08702
3.56062 2.95409
3.37383 3.12025
3.59798 2.92086
3.3406 3.0829
3.37796 3.04966
3.41532 3.01643
3.45267 2.9832
3.49003 2.94997
3.52739 2.91674
3.56475 2.8835
3.30324 3.11613
3.60211 2.85027
3.30737 3.04554
3.34473 3.01231
3.38208 2.97907
3.41944 2.94584
3.4568 2.91261
3.49416 2.87938
3.53152 2.84615
3.27001 3.07877
3.56888 2.81291
3.42357 2.87525
3.46093 2.84202
3.39034 2.83789
3.35298 2.87112
3.4277 2.80466
3.23678 3.04141
3.27414 3.00818
3.31149 2.97495
3.34885 2.94171
3.38621 2.90848
3.49829 2.80879
3.53564 2.77556
3.31562 2.90436
3.28239 2.867
3.31975 2.83377
3.35711 2.80053
3.20355 3.00405
3.2409 2.97082
3.27826 2.93759
3.46505 2.77143
3.50241 2.7382
3.16619 3.03728
3.53977 2.70496
3.17031 2.96669
3.20767 2.93346
3.24503 2.90023
3.24916 2.82964
3.39446 2.7673
3.43182 2.73407
3.46918 2.70084
3.13708 2.92934
3.17444 2.8961
3.2118 2.86287
3.28652 2.79641
3.32387 2.76318
3.36123 2.72994
3.39859 2.69671
3.43595 2.66348
3.14121 2.85875
3.17857 2.82551
3.21592 2.79228
3.25328 2.75905
3.29064 2.72582
3.328 2.69259
3.36536 2.65935
3.10385 2.89198
3.40272 2.62612
3.10798 2.82139
3.14533 2.78816
3.18269 2.75492
3.22005 2.72169
3.25741 2.68846
3.29477 2.65523
3.33213 2.622
couch: 4.30872 2.58378 3.26858 0.911005 531
4.67282 2.54577
4.69074 2.49909
4.64406 2.48117
4.66199 2.43449
4.65489 2.59245
4.62614 2.52785
4.59739 2.46324
4.70157 2.61037
4.60822 2.57452
4.57946 2.50992
4.61531 2.41657
4.67991 2.38782
4.68364 2.65705
4.63697 2.63912
4.59029 2.6212
4.63324 2.36989
4.65116 2.32321
4.69784 2.34114
4.66572 2.70372
4.61904 2.6858
4.58656 2.35197
4.60449 2.30529
4.66909 2.27654
4.64779 2.7504
4.60112 2.73248
4.62241 2.25861
4.68701 2.22986
4.58319 2.77915
4.64033 2.21194
4.62987 2.79708
4.59366 2.19401
4.61195 2.84375
4.65826 2.16526
4.61158 2.14734
4.59402 2.89043
4.67618 2.11858
4.62951 2.10066
4.62277 2.95503
4.6407 2.90836
4.63733 3.33554
4.65526 3.28887
4.70193 3.30679
4.59065 3.31762
4.61941 3.38222
4.60858 3.27094
4.69411 2.07191
4.60485 3.00171
4.64743 2.05398
4.67318 3.24219
4.58283 2.08273
4.6265 3.22427
4.68028 3.08424
4.65153 3.01963
4.60148 3.4289
4.6911 3.19551
4.6336 3.06631
4.58692 3.04839
4.60075 2.03606
4.64443 3.17759
4.66235 3.13091
4.55481 3.41097
4.57273 3.3643
4.61568 3.11299
4.57983 3.20634
4.59775 3.15966
4.66536 2.00731
4.50813 3.39305
4.52605 3.34637
4.54398 3.29969
4.46145 3.37512
4.61868 1.98938
4.4902 3.43972
4.47938 3.32845
4.44353 3.4218
4.39685 3.40387
4.41478 3.3572
4.68328 1.96063
4.4973 3.28177
4.4327 3.31052
4.6366 1.9427
4.35017 3.38595
4.3681 3.33927
4.7012 1.91395
4.65453 1.89603
4.33225 3.43263
4.38602 3.2926
4.58993 1.92478
4.3035 3.36803
4.67245 1.84935
4.28557 3.4147
4.60785 1.8781
4.32142 3.32135
4.45062 3.26384
4.62578 1.83143
4.69038 1.80267
4.6437 1.78475
4.2389 3.39678
4.25682 3.3501
4.27475 3.30342
4.33935 3.27467
4.5791 1.8135
4.59702 1.76683
4.19222 3.37885
4.21014 3.33218
4.22097 3.44345
4.22807 3.2855
4.1743 3.42553
4.15637 3.47221
4.14554 3.36093
4.12762 3.40761
4.10969 3.45428
4.61495 1.72015
4.08094 3.38968
4.5619 3.25302
4.06302 3.43636
4.51523 3.23509
4.53315 3.18842
4.55107 3.14174
4.569 3.09506
3.99842 3.46511
4.01634 3.41843
4.03427 3.37176
4.46855 3.21717
4.48647 3.17049
4.5044 3.12381
4.52232 3.07714
4.54025 3.03046
4.55817 2.98378
4.5761 2.93711
3.95174 3.44718
3.96966 3.40051
3.98759 3.35383
4.40395 3.24592
4.42187 3.19924
4.4398 3.15257
4.45772 3.10589
4.47565 3.05921
4.49357 3.01254
4.5115 2.96586
4.52942 2.91918
4.54734 2.87251
4.56527 2.82583
4.35727 3.228
4.3752 3.18132
4.39312 3.13464
4.41105 3.08797
4.42897 3.04129
4.44689 2.99461
4.46482 2.94794
4.48274 2.90126
4.50067 2.85458
4.51859 2.80791
4.53652 2.76123
4.55444 2.71455
4.57237 2.66788
4.29267 3.25675
4.31059 3.21007
4.32852 3.16339
4.34644 3.11672
4.36437 3.07004
4.38229 3.02336
4.40022 2.97669
4.41814 2.93001
4.43607 2.88333
4.45399 2.83666
4.47192 2.78998
4.48984 2.7433
4.50776 2.69663
4.52569 2.64995
4.54361 2.60327
4.56154 2.5566
4.24599 3.23882
4.26392 3.19215
4.28184 3.14547
4.29977 3.09879
4.31769 3.05212
4.33562 3.00544
4.35354 2.95876
4.37147 2.91209
4.38939 2.86541
4.40731 2.81873
4.42524 2.77206
4.44316 2.72538
4.46109 2.6787
4.47901 2.63203
4.49694 2.58535
4.51486 2.53867
4.53279 2.492
4.55071 2.44532
4.56864 2.39864
4.16347 3.31425
4.18139 3.26758
4.19932 3.2209
4.21724 3.17422
4.23517 3.12755
4.25309 3.08087
4.27102 3.03419
4.28894 2.98752
4.30686 2.94084
4.32479 2.89416
4.34271 2.84749
4.36064 2.80081
4.37856 2.75413
4.39649 2.70746
4.41441 2.66078
4.43234 2.6141
4.45026 2.56743
4.46819 2.52075
4.48611 2.47407
4.50403 2.4274
4.52196 2.38072
4.53988 2.33404
4.55781 2.28737
4.57573 2.24069
4.09887 3.343
4.11679 3.29633
4.13472 3.24965
4.15264 3.20297
4.17056 3.1563
4.18849 3.10962
4.20641 3.06294
4.22434 3.01627
4.24226 2.96959
4.26019 2.92291
4.27811 2.87624
4.29604 2.82956
4.31396 2.78288
4.33189 2.73621
4.34981 2.68953
4.36773 2.64285
4.38566 2.59618
4.40358 2.5495
4.42151 2.50282
4.43943 2.45615
4.45736 2.40947
4.47528 2.36279
4.49321 2.31612
4.51113 2.26944
4.52906 2.22276
4.54698 2.17609
4.56491 2.12941
4.05219 3.32508
4.07011 3.2784
4.08804 3.23173
4.10596 3.18505
4.12389 3.13837
4.14181 3.0917
4.15974 3.04502
4.17766 2.99834
4.19559 2.95167
4.21351 2.90499
4.23144 2.85831
4.24936 2.81164
4.26728 2.76496
4.28521 2.71828
4.30313 2.67161
4.32106 2.62493
4.33898 2.57825
4.35691 2.53158
4.37483 2.4849
4.39276 2.43822
4.41068 2.39155
4.42861 2.34487
4.44653 2.29819
4.46446 2.25152
4.48238 2.20484
4.5003 2.15816
4.51823 2.11149
4.53615 2.06481
4.55408 2.01813
4.572 1.97146
4.00551 3.30715
4.02344 3.26048
4.04136 3.2138
4.05929 3.16712
4.07721 3.12045
4.09514 3.07377
4.11306 3.02709
4.13099 2.98042
4.14891 2.93374
4.16683 2.88706
4.18476 2.84039
4.20268 2.79371
4.22061 2.74703
4.23853 2.70036
4.25646 2.65368
4.27438 2.607
4.29231 2.56033
4.31023 2.51365
4.32816 2.46697
4.34608 2.4203
4.364 2.37362
4.38193 2.32695
4.39985 2.28027
4.41778 2.23359
4.4357 2.18691
4.45363 2.14024
4.47155 2.09356
4.48948 2.04689
4.5074 2.00021
4.52533 1.95353
4.54325 1.90686
4.56117 1.86018
3.94091 3.33591
3.95884 3.28923
3.97676 3.24255
3.99469 3.19588
4.01261 3.1492
4.03053 3.10252
4.04846 3.05585
4.06638 3.00917
4.08431 2.96249
4.10223 2.91582
4.12016 2.86914
4.13808 2.82246
4.15601 2.77579
4.17393 2.72911
4.19186 2.68243
4.20978 2.63576
4.22771 2.58908
4.24563 2.5424
4.26355 2.49573
4.28148 2.44905
4.2994 2.40237
4.31733 2.3557
4.33525 2.30902
4.35318 2.26234
4.3711 2.21567
4.38903 2.16899
4.40695 2.12231
4.42488 2.07564
4.4428 2.02896
4.46072 1.98228
4.47865 1.93561
4.49657 1.88893
4.5145 1.84225
4.53242 1.79558
4.55035 1.7489
4.56827 1.70222
3.93008 3.22463
3.94801 3.17795
3.96593 3.13128
3.98386 3.0846
4.00178 3.03792
4.01971 2.99125
4.03763 2.94457
4.05556 2.89789
4.07348 2.85122
4.09141 2.80454
4.10933 2.75786
4.12725 2.71119
4.14518 2.66451
4.1631 2.61783
4.18103 2.57116
4.19895 2.52448
4.21688 2.4778
4.2348 2.43113
4.25273 2.38445
4.27065 2.33777
4.28858 2.2911
4.3065 2.24442
4.32443 2.19774
4.34235 2.15107
4.36027 2.10439
4.3782 2.05771
4.39612 2.01104
4.41405 1.96436
4.43197 1.91768
4.4499 1.87101
4.46782 1.82433
4.48575 1.77765
4.50367 1.73098
3.93718 3.06667
3.95511 3.02
3.97303 2.97332
3.99096 2.92664
4.00888 2.87997
4.0268 2.83329
4.04473 2.78661
4.06265 2.73994
4.08058 2.69326
4.0985 2.64658
4.11643 2.59991
4.13435 2.55323
4.15228 2.50655
4.1702 2.45988
4.18813 2.4132
4.20605 2.36652
4.22397 2.31985
4.2419 2.27317
4.25982 2.22649
4.27775 2.17982
4.29567 2.13314
4.3136 2.08646
4.33152 2.03979
4.34945 1.99311
4.36737 1.94643
4.3853 1.89976
4.40322 1.85308
4.42114 1.8064
4.43907 1.75973
4.45699 1.71305
3.94428 2.90872
3.9622 2.86204
3.98013 2.81537
3.99805 2.76869
4.01598 2.72201
4.0339 2.67534
4.05183 2.62866
4.06975 2.58198
4.08768 2.53531
4.1056 2.48863
4.12352 2.44195
4.14145 2.39528
4.15937 2.3486
4.1773 2.30192
4.19522 2.25525
4.21315 2.20857
4.23107 2.16189
4.249 2.11522
4.26692 2.06854
4.28485 2.02186
4.30277 1.97519
4.32069 1.92851
4.33862 1.88183
4.35654 1.83516
4.37447 1.78848
4.39239 1.7418
3.93345 2.79744
3.95138 2.75077
3.9693 2.70409
3.98722 2.65741
4.00515 2.61074
4.02307 2.56406
4.041 2.51738
4.05892 2.47071
4.07685 2.42403
4.09477 2.37735
4.1127 2.33068
4.13062 2.284
4.14855 2.23732
4.16647 2.19065
4.18439 2.14397
4.20232 2.09729
4.22024 2.05062
4.23817 2.00394
4.25609 1.95726
4.27402 1.91059
4.29194 1.86391
4.30987 1.81723
4.32779 1.77056
4.34572 1.72388
3.94055 2.63949
3.95847 2.59281
3.9764 2.54613
3.99432 2.49946
4.01225 2.45278
4.03017 2.4061
4.0481 2.35943
4.06602 2.31275
4.08394 2.26607
4.10187 2.2194
4.11979 2.17272
4.13772 2.12604
4.15564 2.07937
4.17357 2.03269
4.19149 1.98601
4.20942 1.93934
4.22734 1.89266
4.24527 1.84598
4.26319 1.79931
4.28112 1.75263
3.92972 2.52821
3.94765 2.48153
3.96557 2.43486
3.98349 2.38818
4.00142 2.3415
4.01934 2.29483
4.03727 2.24815
4.05519 2.20147
4.07312 2.1548
4.09104 2.10812
4.10897 2.06144
4.12689 2.01477
4.14482 1.96809
4.16274 1.92141
4.18066 1.87474
4.19859 1.82806
4.21651 1.78138
4.23444 1.73471
3.92635 2.9554
3.93682 2.37025
3.95474 2.32358
3.97267 2.2769
3.99059 2.23023
4.00852 2.18355
4.02644 2.13687
4.04436 2.0902
4.06229 2.04352
4.08021 1.99684
4.09814 1.95017
4.11606 1.90349
4.13399 1.85681
4.15191 1.81014
4.16984 1.76346
3.92599 2.25898
3.94391 2.2123
3.96184 2.16562
3.97976 2.11895
3.99769 2.07227
4.01561 2.02559
4.03354 1.97892
4.05146 1.93224
4.06939 1.88556
4.08731 1.83889
4.10524 1.79221
4.12316 1.74553
3.93309 2.10102
3.95101 2.05435
3.96894 2.00767
3.98686 1.96099
4.00479 1.91432
4.02271 1.86764
4.04063 1.82096
4.05856 1.77429
3.94018 1.94307
3.95811 1.89639
3.97603 1.84971
3.99396 1.80304
3.92936 1.83179
3.94728 1.78511
chair: 3.85004 3.8596 2.70043 0.892972 111
3.84755 4.10417
3.88491 4.07094
3.91814 4.10829
3.9555 4.07506
3.98873 4.11242
3.81019 4.1374
3.77696 4.10004
3.81432 4.06681
3.7396 4.13327
4.02609 4.07919
3.70637 4.09592
3.74373 4.06268
3.66901 4.12915
3.67314 4.05856
3.63578 4.09179
4.06345 4.04596
4.10081 4.01272
4.03022 4.0086
4.06758 3.97537
3.99699 3.97124
4.03434 3.93801
4.0717 3.90478
4.00111 3.90065
4.03847 3.86742
4.07583 3.83419
4.00524 3.83006
4.0426 3.79683
4.07996 3.7636
4.09668 4.08332
4.00937 3.75947
4.05932 4.11655
3.63991 4.0212
3.67727 3.98797
4.04672 3.72624
3.60668 3.98384
3.64404 3.95061
3.68139 3.91738
3.6108 3.91325
3.64816 3.88002
3.68552 3.84679
3.61493 3.84266
3.65229 3.80943
3.68965 3.7762
3.61906 3.77207
3.99286 4.04183
3.65641 3.73884
4.08408 3.69301
3.92227 4.0377
3.95963 4.00447
3.85168 4.03358
3.88904 4.00035
3.96375 3.93388
3.9264 3.96711
3.78109 4.02945
3.96788 3.86329
3.81845 3.99622
3.85581 3.96299
3.89316 3.92976
3.93052 3.89652
3.7105 4.02533
3.74786 3.99209
3.97201 3.7927
3.78522 3.95886
3.93465 3.82593
3.82257 3.92563
3.85993 3.8924
3.89729 3.85917
4.01349 3.68888
4.05085 3.65565
3.71463 3.95474
3.62318 3.70148
3.97613 3.72211
3.75198 3.9215
3.93878 3.75534
3.90142 3.78858
3.78934 3.88827
3.8267 3.85504
3.86406 3.82181
3.71875 3.88415
3.98026 3.65152
4.01762 3.61829
3.75611 3.85091
3.90554 3.71799
3.9429 3.68475
3.86818 3.75122
3.79347 3.81768
3.83083 3.78445
3.72288 3.81355
3.87231 3.68063
3.90967 3.6474
3.94703 3.61416
3.98439 3.58093
3.76024 3.78032
3.83495 3.71386
3.79759 3.74709
3.66054 3.66825
3.727 3.74296
3.76436 3.70973
3.80172 3.6765
3.83908 3.64327
3.87644 3.61004
3.9138 3.57681
3.69377 3.70561
3.73113 3.67237
3.76849 3.63914
3.80585 3.60591
3.84321 3.57268
3.6979 3.63502
3.73526 3.60178
3.77262 3.56855
3.62731 3.63089
