OR: 3.67762 5.42386 6.28206 1.87248e-37 16
3.52762 5.27386
3.52762 5.37386
3.52762 5.47386
3.52762 5.57386
3.62762 5.27386
3.62762 5.37386
3.62762 5.47386
3.62762 5.57386
3.72762 5.27386
3.72762 5.37386
3.72762 5.47386
3.72762 5.57386
3.82762 5.27386
3.82762 5.37386
3.82762 5.47386
3.82762 5.57386
CR: 3.41649 5.44081 0.0755123 0.5 16
3.26649 5.29081
3.26649 5.39081
3.26649 5.49081
3.26649 5.59081
3.36649 5.29081
3.36649 5.39081
3.36649 5.49081
3.36649 5.59081
3.46649 5.29081
3.46649 5.39081
3.46649 5.49081
3.46649 5.59081
3.56649 5.29081
3.56649 5.39081
3.56649 5.49081
3.56649 5.59081
meetingroom: 1.01926 6.75926 1.5708 1 135
0 5.1
0 5.2
0 5.3
0 5.4
0 5.5
0 5.6
0 5.7
0 5.8
0 5.9
0 6
0 6.1
0 6.2
0 6.3
0 6.4
0 6.5
0 6.6
0 6.7
0 7.1
0 7.2
0 7.3
0 7.4
0 7.5
0 7.6
0 7.7
0 7.8
0 7.9
0 8
0 8.1
0 8.2
0 8.3
0.1 5.1
0.1 6.3
0.1 6.4
0.1 6.5
0.1 6.6
0.1 6.7
0.1 6.8
0.1 6.9
0.1 7
0.1 7.1
0.1 7.2
0.1 7.3
0.1 7.4
0.1 7.5
0.1 7.6
0.1 7.7
0.1 7.8
0.1 7.9
0.1 8
0.1 8.1
0.1 8.2
0.1 8.3
0.1 8.4
0.2 5.1
0.2 8.3
0.3 5.1
0.3 8.3
0.4 5.1
0.4 8.3
0.5 5.1
0.5 8.3
0.6 5.1
0.6 8.3
0.7 5.1
0.7 8.3
0.8 5.1
0.8 8.3
0.9 5.1
0.9 8.3
1 5.1
1 8.3
1.1 5.1
1.1 8.3
1.2 5.1
1.2 8.3
1.3 8.3
1.4 8.3
1.5 8.3
1.6 8.3
1.7 8.3
1.8 5
1.8 5.1
1.8 8.3
1.9 5.1
1.9 8.3
2 5.1
2 5.3
2 5.4
2 5.5
2 5.6
2 5.7
2 5.8
2 5.9
2 6
2 6.1
2 6.2
2 6.3
2 6.4
2 6.5
2 6.6
2 6.7
2 6.8
2 8.3
2.1 5.1
2.1 5.2
2.1 5.3
2.1 5.4
2.1 5.5
2.1 5.6
2.1 5.7
2.1 5.8
2.1 5.9
2.1 6
2.1 6.1
2.1 6.2
2.1 6.3
2.1 6.4
2.1 6.5
2.1 6.6
2.1 6.8
2.1 6.9
2.1 7
2.1 7.1
2.1 7.2
2.1 7.3
2.1 7.4
2.1 7.5
2.1 7.6
2.1 7.7
2.1 7.8
2.1 7.9
2.1 8
2.1 8.1
2.1 8.2
2.1 8.3
officeroom: -0.388983 1.19153 3.1416 1 118
-1.3 0.1
-1.3 0.2
-1.3 0.3
-1.3 0.4
-1.3 0.5
-1.3 0.6
-1.3 0.7
-1.3 0.8
-1.3 0.9
-1.3 1
-1.3 1.8
-1.3 1.9
-1.3 2
-1.3 2.1
-1.3 2.2
-1.3 2.3
-1.2 0
-1.2 0.1
-1.2 0.2
-1.2 0.3
-1.2 0.4
-1.2 0.5
-1.2 0.6
-1.2 0.7
-1.2 0.8
-1.2 0.9
-1.2 1
-1.2 1.1
-1.2 1.2
-1.2 1.3
-1.2 1.4
-1.2 1.5
-1.2 1.6
-1.2 1.7
-1.2 1.8
-1.2 1.9
-1.2 2
-1.2 2.1
-1.2 2.2
-1.2 2.3
-1.2 2.4
-1.1 0
-1.1 0.1
-1.1 2.3
-1.1 2.4
-1 0
-1 0.1
-1 2.3
-1 2.4
-0.9 0
-0.9 0.1
-0.9 2.3
-0.9 2.4
-0.8 0
-0.8 0.1
-0.8 2.3
-0.8 2.4
-0.7 0
-0.7 0.1
-0.7 2.3
-0.7 2.4
-0.6 0
-0.6 0.1
-0.6 2.3
-0.6 2.4
-0.5 0.1
-0.5 2.3
-0.5 2.4
-0.4 0.1
-0.4 2.3
-0.4 2.4
-0.3 0.1
-0.3 2.3
-0.3 2.4
-0.2 0.1
-0.2 2.3
-0.1 0.1
-0.1 2.3
0 0.1
0 2.3
0.1 0.1
0.1 2.3
0.2 0.1
0.2 2.3
0.3 0.1
0.3 2.3
0.4 0.1
0.4 2.3
0.5 0.1
0.5 2.3
0.6 0.1
0.6 2.3
0.7 0.1
0.7 2.3
0.8 0.1
0.8 2.3
0.9 0.1
0.9 2.3
1 0.1
1 0.2
1 0.3
1 0.4
1 0.5
1 0.6
1 1.5
1 1.6
1 1.7
1 1.8
1 1.9
1 2
1 2.1
1 2.2
1 2.3
1.1 0.1
1.1 0.2
1.1 0.3
1.1 0.4
1.1 0.6
livingroom: 3.72278 2.12342 1.5708 1 158
0.5 0.1
0.6 0.1
0.7 0.1
0.8 0.1
0.9 0.1
1.1 0.1
1.1 0.2
1.1 0.3
1.1 0.4
1.1 0.5
1.1 0.6
1.1 3.4
1.1 3.5
1.1 3.6
1.1 3.7
1.1 3.8
1.1 3.9
1.1 4
1.1 4.1
1.1 4.2
1.1 4.3
1.1 4.4
1.1 4.5
1.1 4.6
1.1 4.7
1.1 4.8
1.2 0.1
1.3 0.1
1.9 4.8
2 4.8
2.1 4.8
2.2 4.8
2.3 4.8
2.4 0
2.4 0.1
2.4 4.8
2.5 0.1
2.5 4.8
2.6 0.1
2.6 4.8
2.7 0.1
2.8 0.1
2.9 0.1
3 0.1
3.1 0.1
3.2 0.1
3.3 0.1
3.4 0.1
3.5 0.1
3.6 0.1
3.6 4.8
3.7 0
3.7 0.1
3.7 4.7
3.7 4.8
3.8 0
3.8 0.1
3.8 4.7
3.8 4.8
3.9 -0.1
3.9 0
3.9 0.1
3.9 4.7
3.9 4.8
4 -0.1
4 0.1
4 4.7
4 4.8
4.1 -0.1
4.1 0.1
4.1 4.7
4.1 4.8
4.2 -0.1
4.2 0.1
4.2 4.7
4.2 4.8
4.3 -0.1
4.3 0.1
4.3 4.7
4.3 4.8
4.4 -0.1
4.4 0.1
4.4 4.7
4.4 4.8
4.5 -0.1
4.5 0.1
4.5 4.7
4.6 -0.1
4.6 0.1
4.6 4.7
4.7 -0.1
4.7 0.1
4.7 4.7
4.8 -0.1
4.8 0
4.8 0.1
4.8 4.7
4.9 0
4.9 0.1
4.9 0.2
4.9 0.3
4.9 0.4
4.9 0.5
4.9 0.6
4.9 0.7
4.9 0.8
4.9 0.9
4.9 1
4.9 1.1
4.9 1.2
4.9 1.3
4.9 1.4
4.9 1.5
4.9 1.6
4.9 1.7
4.9 1.8
4.9 1.9
4.9 2
4.9 2.1
4.9 2.2
4.9 2.3
4.9 2.4
4.9 2.5
4.9 2.6
4.9 2.7
4.9 2.8
4.9 4.7
5 0.1
5 0.2
5 0.3
5 0.4
5 0.5
5 0.6
5 0.7
5 0.8
5 2.5
5 2.6
5 2.7
5 2.8
5 2.9
5 3
5 3.1
5 3.2
5 3.3
5 3.4
5 3.5
5 3.6
5 3.7
5 3.8
5 3.9
5 4
5 4.1
5 4.2
5 4.3
5 4.4
5 4.5
5 4.6
5 4.7
bedroom: 3.85302 6.91074 1.5708 1 149
2.2 8.3
2.3 6.9
2.3 7
2.3 7.1
2.3 7.2
2.3 7.3
2.3 7.4
2.3 7.5
2.3 7.6
2.3 7.7
2.3 8
2.3 8.1
2.3 8.2
2.3 8.3
2.4 5
2.4 5.1
2.4 5.2
2.4 5.3
2.4 5.4
2.4 5.5
2.4 5.6
2.4 5.7
2.4 5.8
2.4 5.9
2.4 6
2.4 6.1
2.4 6.2
2.4 6.3
2.4 6.4
2.4 6.5
2.4 6.6
2.4 6.7
2.4 6.8
2.4 6.9
2.4 7
2.4 7.1
2.4 7.2
2.4 7.3
2.4 7.7
2.4 7.8
2.4 7.9
2.4 8
2.4 8.1
2.4 8.2
2.4 8.3
2.5 5
2.5 8.3
2.6 8.3
2.7 8.3
2.8 8.3
2.9 8.3
3 8.3
3.1 8.3
3.2 8.3
3.3 8.3
3.4 8.3
3.5 5
3.5 5.1
3.5 8.3
3.6 5.1
3.6 8.3
3.7 5.1
3.7 8.3
3.8 5.1
3.8 8.3
3.9 5.1
3.9 8.3
4 5.1
4 8.3
4.1 5.1
4.1 8.3
4.2 5.1
4.2 8.3
4.3 5.1
4.3 8.2
4.3 8.3
4.4 5.1
4.4 8.2
4.4 8.3
4.5 5.1
4.5 8.2
4.5 8.3
4.6 5.1
4.6 8.2
4.6 8.3
4.7 5.1
4.7 8.2
4.7 8.3
4.8 5.1
4.8 8.2
4.8 8.3
4.9 5
4.9 5.1
4.9 5.2
4.9 5.3
4.9 5.4
4.9 5.5
4.9 5.6
4.9 5.7
4.9 5.8
4.9 5.9
4.9 6
4.9 6.1
4.9 6.2
4.9 6.3
4.9 6.4
4.9 6.5
4.9 6.6
4.9 6.7
4.9 6.8
4.9 6.9
4.9 7
4.9 8.2
4.9 8.3
5 5.1
5 5.2
5 5.3
5 5.4
5 5.5
5 5.6
5 5.7
5 5.8
5 5.9
5 6.7
5 6.8
5 6.9
5 7
5 7.1
5 7.2
5 7.3
5 7.4
5 7.5
5 7.6
5 7.7
5 7.8
5 7.9
5 8
5 8.1
5 8.2
5 8.3
5.1 7.4
5.1 7.5
5.1 7.6
5.1 7.7
5.1 7.8
5.1 7.9
5.1 8
5.1 8.1
5.1 8.2
bed: 3.5 7.7 0 1 273
2.5 7.1
2.5 7.2
2.5 7.3
2.5 7.4
2.5 7.5
2.5 7.6
2.5 7.7
2.5 7.8
2.5 7.9
2.5 8
2.5 8.1
2.5 8.2
2.5 8.3
2.6 7.1
2.6 7.2
2.6 7.3
2.6 7.4
2.6 7.5
2.6 7.6
2.6 7.7
2.6 7.8
2.6 7.9
2.6 8
2.6 8.1
2.6 8.2
2.6 8.3
2.7 7.1
2.7 7.2
2.7 7.3
2.7 7.4
2.7 7.5
2.7 7.6
2.7 7.7
2.7 7.8
2.7 7.9
2.7 8
2.7 8.1
2.7 8.2
2.7 8.3
2.8 7.1
2.8 7.2
2.8 7.3
2.8 7.4
2.8 7.5
2.8 7.6
2.8 7.7
2.8 7.8
2.8 7.9
2.8 8
2.8 8.1
2.8 8.2
2.8 8.3
2.9 7.1
2.9 7.2
2.9 7.3
2.9 7.4
2.9 7.5
2.9 7.6
2.9 7.7
2.9 7.8
2.9 7.9
2.9 8
2.9 8.1
2.9 8.2
2.9 8.3
3 7.1
3 7.2
3 7.3
3 7.4
3 7.5
3 7.6
3 7.7
3 7.8
3 7.9
3 8
3 8.1
3 8.2
3 8.3
3.1 7.1
3.1 7.2
3.1 7.3
3.1 7.4
3.1 7.5
3.1 7.6
3.1 7.7
3.1 7.8
3.1 7.9
3.1 8
3.1 8.1
3.1 8.2
3.1 8.3
3.2 7.1
3.2 7.2
3.2 7.3
3.2 7.4
3.2 7.5
3.2 7.6
3.2 7.7
3.2 7.8
3.2 7.9
3.2 8
3.2 8.1
3.2 8.2
3.2 8.3
3.3 7.1
3.3 7.2
3.3 7.3
3.3 7.4
3.3 7.5
3.3 7.6
3.3 7.7
3.3 7.8
3.3 7.9
3.3 8
3.3 8.1
3.3 8.2
3.3 8.3
3.4 7.1
3.4 7.2
3.4 7.3
3.4 7.4
3.4 7.5
3.4 7.6
3.4 7.7
3.4 7.8
3.4 7.9
3.4 8
3.4 8.1
3.4 8.2
3.4 8.3
3.5 7.1
3.5 7.2
3.5 7.3
3.5 7.4
3.5 7.5
3.5 7.6
3.5 7.7
3.5 7.8
3.5 7.9
3.5 8
3.5 8.1
3.5 8.2
3.5 8.3
3.6 7.1
3.6 7.2
3.6 7.3
3.6 7.4
3.6 7.5
3.6 7.6
3.6 7.7
3.6 7.8
3.6 7.9
3.6 8
3.6 8.1
3.6 8.2
3.6 8.3
3.7 7.1
3.7 7.2
3.7 7.3
3.7 7.4
3.7 7.5
3.7 7.6
3.7 7.7
3.7 7.8
3.7 7.9
3.7 8
3.7 8.1
3.7 8.2
3.7 8.3
3.8 7.1
3.8 7.2
3.8 7.3
3.8 7.4
3.8 7.5
3.8 7.6
3.8 7.7
3.8 7.8
3.8 7.9
3.8 8
3.8 8.1
3.8 8.2
3.8 8.3
3.9 7.1
3.9 7.2
3.9 7.3
3.9 7.4
3.9 7.5
3.9 7.6
3.9 7.7
3.9 7.8
3.9 7.9
3.9 8
3.9 8.1
3.9 8.2
3.9 8.3
4 7.1
4 7.2
4 7.3
4 7.4
4 7.5
4 7.6
4 7.7
4 7.8
4 7.9
4 8
4 8.1
4 8.2
4 8.3
4.1 7.1
4.1 7.2
4.1 7.3
4.1 7.4
4.1 7.5
4.1 7.6
4.1 7.7
4.1 7.8
4.1 7.9
4.1 8
4.1 8.1
4.1 8.2
4.1 8.3
4.2 7.1
4.2 7.2
4.2 7.3
4.2 7.4
4.2 7.5
4.2 7.6
4.2 7.7
4.2 7.8
4.2 7.9
4.2 8
4.2 8.1
4.2 8.2
4.2 8.3
4.3 7.1
4.3 7.2
4.3 7.3
4.3 7.4
4.3 7.5
4.3 7.6
4.3 7.7
4.3 7.8
4.3 7.9
4.3 8
4.3 8.1
4.3 8.2
4.3 8.3
4.4 7.1
4.4 7.2
4.4 7.3
4.4 7.4
4.4 7.5
4.4 7.6
4.4 7.7
4.4 7.8
4.4 7.9
4.4 8
4.4 8.1
4.4 8.2
4.4 8.3
4.5 7.1
4.5 7.2
4.5 7.3
4.5 7.4
4.5 7.5
4.5 7.6
4.5 7.7
4.5 7.8
4.5 7.9
4.5 8
4.5 8.1
4.5 8.2
4.5 8.3
room: 3.85302 6.91074 1.5708 1 149
2.2 8.3
2.3 6.9
2.3 7
2.3 7.1
2.3 7.2
2.3 7.3
2.3 7.4
2.3 7.5
2.3 7.6
2.3 7.7
2.3 8
2.3 8.1
2.3 8.2
2.3 8.3
2.4 5
2.4 5.1
2.4 5.2
2.4 5.3
2.4 5.4
2.4 5.5
2.4 5.6
2.4 5.7
2.4 5.8
2.4 5.9
2.4 6
2.4 6.1
2.4 6.2
2.4 6.3
2.4 6.4
2.4 6.5
2.4 6.6
2.4 6.7
2.4 6.8
2.4 6.9
2.4 7
2.4 7.1
2.4 7.2
2.4 7.3
2.4 7.7
2.4 7.8
2.4 7.9
2.4 8
2.4 8.1
2.4 8.2
2.4 8.3
2.5 5
2.5 8.3
2.6 8.3
2.7 8.3
2.8 8.3
2.9 8.3
3 8.3
3.1 8.3
3.2 8.3
3.3 8.3
3.4 8.3
3.5 5
3.5 5.1
3.5 8.3
3.6 5.1
3.6 8.3
3.7 5.1
3.7 8.3
3.8 5.1
3.8 8.3
3.9 5.1
3.9 8.3
4 5.1
4 8.3
4.1 5.1
4.1 8.3
4.2 5.1
4.2 8.3
4.3 5.1
4.3 8.2
4.3 8.3
4.4 5.1
4.4 8.2
4.4 8.3
4.5 5.1
4.5 8.2
4.5 8.3
4.6 5.1
4.6 8.2
4.6 8.3
4.7 5.1
4.7 8.2
4.7 8.3
4.8 5.1
4.8 8.2
4.8 8.3
4.9 5
4.9 5.1
4.9 5.2
4.9 5.3
4.9 5.4
4.9 5.5
4.9 5.6
4.9 5.7
4.9 5.8
4.9 5.9
4.9 6
4.9 6.1
4.9 6.2
4.9 6.3
4.9 6.4
4.9 6.5
4.9 6.6
4.9 6.7
4.9 6.8
4.9 6.9
4.9 7
4.9 8.2
4.9 8.3
5 5.1
5 5.2
5 5.3
5 5.4
5 5.5
5 5.6
5 5.7
5 5.8
5 5.9
5 6.7
5 6.8
5 6.9
5 7
5 7.1
5 7.2
5 7.3
5 7.4
5 7.5
5 7.6
5 7.7
5 7.8
5 7.9
5 8
5 8.1
5 8.2
5 8.3
5.1 7.4
5.1 7.5
5.1 7.6
5.1 7.7
5.1 7.8
5.1 7.9
5.1 8
5.1 8.1
5.1 8.2
chair: 4.29145 6.22076 2.64088 0.711536 109
4.56196 6.30081
4.52841 6.23857
4.51406 6.28647
4.54275 6.19067
4.54762 6.34871
4.55709 6.14277
4.49972 6.33437
4.50919 6.12843
4.57144 6.09487
4.52354 6.08053
4.53328 6.39661
4.49485 6.17633
4.53788 6.03263
4.51893 6.44451
4.48998 6.01829
4.47104 6.43017
4.48538 6.38227
4.42314 6.41582
4.43748 6.36792
4.40879 6.46372
4.3609 6.44938
4.37524 6.40148
4.47564 6.06619
4.313 6.43503
4.32734 6.38714
4.42774 6.05185
4.44208 6.00395
4.2651 6.42069
4.27944 6.37279
4.37984 6.0375
4.39419 5.9896
4.25075 6.46859
4.20286 6.45425
4.2172 6.40635
4.33194 6.02316
4.34629 5.97526
4.3176 6.07106
4.2697 6.05672
4.28405 6.00882
4.1693 6.39201
4.2218 6.04237
4.23615 5.99447
4.15496 6.4399
4.48051 6.22423
4.45182 6.32002
4.46617 6.27213
4.55222 5.98473
4.18825 5.98013
4.1739 6.02803
4.38958 6.35358
4.4613 6.11409
4.41827 6.25778
4.43261 6.20988
4.40392 6.30568
4.34168 6.33924
4.4134 6.09974
4.35603 6.29134
4.37037 6.24344
4.38471 6.19554
4.39905 6.14764
4.29378 6.32489
4.3655 6.0854
4.35116 6.1333
4.30813 6.277
4.33681 6.1812
4.32247 6.2291
4.12601 6.01369
4.10706 6.42556
4.23154 6.35845
4.24589 6.31055
4.30326 6.11896
4.26023 6.26265
4.28891 6.16686
4.27457 6.21475
4.18364 6.34411
4.19799 6.29621
4.25536 6.10461
4.24102 6.15251
4.21233 6.24831
4.22667 6.20041
4.1214 6.37766
4.13575 6.32976
4.20746 6.09027
4.15009 6.28187
4.16443 6.23397
4.19312 6.13817
4.17877 6.18607
4.05916 6.41122
4.0735 6.36332
4.15956 6.07593
4.08785 6.31542
4.10219 6.26752
4.11653 6.21962
4.13088 6.17173
4.14522 6.12383
4.11166 6.06158
4.0256 6.34898
4.03995 6.30108
4.05429 6.25318
4.06863 6.20528
4.08298 6.15738
4.09732 6.10948
4.06376 6.04724
4.04942 6.09514
4.07811 5.99934
4.03508 6.14304
4.00639 6.23884
4.02074 6.19094
3.99205 6.28673
table: 4.30269 5.51033 -1 1 233
4.32511 5.50985
4.27525 5.50613
4.64809 5.88492
4.65181 5.83506
4.65553 5.7852
4.65926 5.73534
4.66298 5.68547
4.6667 5.63561
4.67042 5.58575
4.22538 5.50241
4.67414 5.53589
4.67786 5.48603
4.68158 5.43617
4.6853 5.38631
4.59823 5.8812
4.60195 5.83134
4.60567 5.78148
4.60939 5.73162
4.61311 5.68175
4.61683 5.63189
4.62055 5.58203
4.62428 5.53217
4.628 5.48231
4.63172 5.43245
4.63544 5.38259
4.63916 5.33272
4.64288 5.28286
4.6466 5.233
4.65032 5.18314
4.65404 5.13328
4.17552 5.49869
4.54837 5.87748
4.55209 5.82762
4.55581 5.77776
4.55953 5.7279
4.56325 5.67803
4.56697 5.62817
4.57069 5.57831
4.57441 5.52845
4.57813 5.47859
4.58186 5.42873
4.58558 5.37887
4.5893 5.329
4.59302 5.27914
4.59674 5.22928
4.60046 5.17942
4.49851 5.87376
4.50223 5.8239
4.50595 5.77404
4.50967 5.72417
4.51339 5.67431
4.51711 5.62445
4.52083 5.57459
4.52455 5.52473
4.52827 5.47487
4.53199 5.42501
4.53571 5.37514
4.53943 5.32528
4.54316 5.27542
4.54688 5.22556
4.5506 5.1757
4.44865 5.87004
4.45237 5.82018
4.45609 5.77032
4.45981 5.72045
4.46353 5.67059
4.46725 5.62073
4.47097 5.57087
4.47469 5.52101
4.47841 5.47115
4.48213 5.42129
4.48585 5.37142
4.48957 5.32156
4.49329 5.2717
4.49701 5.22184
4.50074 5.17198
4.17924 5.44882
4.39879 5.86632
4.40251 5.81646
4.40623 5.7666
4.40995 5.71673
4.41367 5.66687
4.41739 5.61701
4.42111 5.56715
4.42483 5.51729
4.42855 5.46743
4.43227 5.41757
4.43599 5.3677
4.43971 5.31784
4.44343 5.26798
4.44715 5.21812
4.45087 5.16826
4.34893 5.8626
4.35265 5.81274
4.35637 5.76287
4.36009 5.71301
4.36381 5.66315
4.36753 5.61329
4.37125 5.56343
4.37497 5.51357
4.37869 5.46371
4.38241 5.41385
4.38613 5.36398
4.38985 5.31412
4.39357 5.26426
4.39729 5.2144
4.40101 5.16454
4.29906 5.85888
4.30278 5.80902
4.3065 5.75915
4.31023 5.70929
4.31395 5.65943
4.31767 5.60957
4.32139 5.55971
4.32883 5.45999
4.33255 5.41012
4.33627 5.36026
4.33999 5.3104
4.34371 5.26054
4.34743 5.21068
4.35115 5.16082
4.2492 5.85516
4.25292 5.80529
4.25664 5.75543
4.26036 5.70557
4.26408 5.65571
4.26781 5.60585
4.27153 5.55599
4.27897 5.45627
4.28269 5.4064
4.28641 5.35654
4.29013 5.30668
4.29385 5.25682
4.29757 5.20696
4.30129 5.1571
4.2291 5.45254
4.19934 5.85144
4.20306 5.80157
4.20678 5.75171
4.2105 5.70185
4.21422 5.65199
4.21794 5.60213
4.22166 5.55227
4.23283 5.40268
4.23655 5.35282
4.24027 5.30296
4.24399 5.2531
4.24771 5.20324
4.25143 5.15338
4.14948 5.84772
4.1532 5.79785
4.15692 5.74799
4.16064 5.69813
4.16436 5.64827
4.16808 5.59841
4.1718 5.54855
4.18296 5.39896
4.18668 5.3491
4.19041 5.29924
4.19413 5.24938
4.19785 5.19952
4.20157 5.14966
4.09962 5.84399
4.10334 5.79413
4.10706 5.74427
4.11078 5.69441
4.1145 5.64455
4.11822 5.59469
4.12194 5.54483
4.12566 5.49497
4.12938 5.4451
4.1331 5.39524
4.13682 5.34538
4.14054 5.29552
4.14426 5.24566
4.14798 5.1958
4.15171 5.14594
4.04976 5.84027
4.05348 5.79041
4.0572 5.74055
4.06092 5.69069
4.06464 5.64083
4.06836 5.59097
4.07208 5.54111
4.0758 5.49124
4.07952 5.44138
4.08324 5.39152
4.08696 5.34166
4.09068 5.2918
4.0944 5.24194
4.09812 5.19208
4.10184 5.14221
4.04604 5.89014
3.99617 5.88642
3.9999 5.83655
4.00362 5.78669
4.00734 5.73683
4.01106 5.68697
4.01478 5.63711
4.0185 5.58725
4.02222 5.53739
4.02594 5.48752
4.02966 5.43766
4.03338 5.3878
4.0371 5.33794
4.04082 5.28808
4.04454 5.23822
4.04826 5.18836
4.05198 5.13849
3.94631 5.88269
3.95003 5.83283
3.95375 5.78297
3.95748 5.73311
3.9612 5.68325
3.96492 5.63339
3.96864 5.58353
3.97236 5.53366
3.97608 5.4838
3.9798 5.43394
3.98352 5.38408
3.98724 5.33422
3.99096 5.28436
3.99468 5.2345
3.9984 5.18464
4.00212 5.13477
3.92622 5.48008
3.92994 5.43022
3.93366 5.38036
3.93738 5.3305
3.9411 5.28064
3.94482 5.23078
3.94854 5.18091
3.95226 5.13105
