OR: 3.40056 2.16953 5.8784 4.47842e-38 16
3.25056 2.01953
3.25056 2.11953
3.25056 2.21953
3.25056 2.31953
3.35056 2.01953
3.35056 2.11953
3.35056 2.21953
3.35056 2.31953
3.45056 2.01953
3.45056 2.11953
3.45056 2.21953
3.45056 2.31953
3.55056 2.01953
3.55056 2.11953
3.55056 2.21953
3.55056 2.31953
CR: 3.42203 6.83238 2.71584 0.5 16
3.27203 6.68237
3.27203 6.78237
3.27203 6.88238
3.27203 6.98238
3.37203 6.68237
3.37203 6.78237
3.37203 6.88238
3.37203 6.98238
3.47203 6.68237
3.47203 6.78237
3.47203 6.88238
3.47203 6.98238
3.57203 6.68237
3.57203 6.78237
3.57203 6.88238
3.57203 6.98238
meetingroom: 0.566326 6.78776 1.5708 1 98
-1.7 4.4
-1.7 4.5
-1.7 4.6
-1.7 4.7
-1.7 4.8
-1.7 4.9
-1.7 5
-1.7 5.1
-1.7 5.2
-1.7 5.3
-1.7 5.4
-1.7 5.5
-1.7 5.6
-1.7 5.7
-1.7 5.8
-1.7 5.9
-1.7 6
-1.7 6.1
-1.7 6.2
-1.7 6.3
-1.7 6.4
-1.7 6.5
-1.7 6.6
-1.7 6.7
-1.7 6.8
-1.7 6.9
-1.7 7
-0.2 7.3
-0.2 7.4
-0.2 7.5
-0.2 7.6
-0.2 7.7
-0.1 7.3
1.1 9.9
1.2 9.9
1.3 9.9
1.4 9.9
1.5 9.9
1.6 4
1.6 4.1
1.6 4.2
1.6 4.3
1.6 4.4
1.6 4.5
1.6 4.6
1.6 4.7
1.6 4.8
1.6 4.9
1.6 5
1.6 5.1
1.6 5.2
1.6 5.3
1.6 5.4
1.6 5.5
1.6 5.6
1.6 5.7
1.6 5.8
1.6 5.9
1.6 6
1.6 6.1
1.6 6.2
1.6 6.3
1.6 6.4
1.6 6.5
1.6 6.6
1.6 6.7
1.6 6.8
1.6 6.9
1.6 7
1.6 7.1
1.6 7.2
1.6 7.3
1.6 7.4
1.6 7.5
1.6 7.6
1.6 7.7
1.6 7.8
1.6 7.9
1.6 8
1.6 8.1
1.6 8.2
1.6 8.3
1.6 8.4
1.6 8.5
1.6 8.6
1.6 8.7
1.6 8.8
1.6 8.9
1.6 9
1.6 9.1
1.6 9.2
1.6 9.3
1.6 9.4
1.6 9.5
1.6 9.6
1.6 9.7
1.6 9.8
1.6 9.9
officeroom: 3.35496 7.01298 1.5708 1 131
1.9 5.1
1.9 5.2
1.9 5.3
1.9 5.5
1.9 5.6
1.9 5.7
1.9 5.8
1.9 5.9
1.9 6
1.9 6.1
1.9 6.2
1.9 6.3
1.9 6.4
1.9 6.5
1.9 6.6
1.9 6.7
1.9 6.8
1.9 6.9
1.9 7
1.9 7.1
1.9 7.2
1.9 7.3
1.9 7.4
1.9 7.5
1.9 7.6
1.9 7.7
1.9 7.8
1.9 7.9
1.9 8
1.9 8.1
1.9 8.2
2 5.5
2 7.4
2 7.5
2 7.6
2 7.7
2 7.8
2 7.9
2 8
2 8.1
2 8.2
2 8.3
2.1 5.5
2.1 8.2
2.2 8.2
2.3 8.2
2.4 8.2
2.5 8.2
2.6 8.2
2.7 8.2
2.8 8.2
2.9 8.2
3 8.2
3.1 5.6
3.1 8.2
3.2 5.6
3.2 8.2
3.3 5.6
3.3 8.2
3.4 5.6
3.4 8.2
3.5 5.6
3.5 8.2
3.6 5.6
3.6 8.2
3.7 5.6
3.7 8.2
3.8 5.6
3.8 8.2
3.9 5.5
3.9 5.6
3.9 8.2
4 5.5
4 5.6
4 8.1
4 8.2
4.1 5.5
4.1 5.6
4.1 8.1
4.1 8.2
4.2 5.5
4.2 5.6
4.2 8.1
4.2 8.2
4.3 5.5
4.3 5.6
4.3 8.2
4.4 5.5
4.4 5.6
4.4 8.1
4.4 8.2
4.5 5.5
4.5 5.6
4.5 8.1
4.5 8.2
4.6 5.5
4.6 5.6
4.6 5.7
4.6 5.8
4.6 5.9
4.6 6
4.6 6.1
4.6 6.2
4.6 6.3
4.6 6.4
4.6 6.5
4.6 6.6
4.6 6.7
4.6 6.8
4.6 6.9
4.6 7
4.6 7.1
4.6 7.2
4.6 7.3
4.6 7.4
4.6 7.5
4.6 7.6
4.6 7.7
4.6 7.8
4.6 7.9
4.6 8
4.6 8.1
4.6 8.2
4.7 7.4
4.7 7.5
4.7 7.6
4.7 7.7
4.7 7.8
4.7 7.9
4.7 8
4.7 8.1
livingroom: -0.129687 0.907812 -1.5708 1 128
-1.8 0.1
-1.8 0.2
-1.8 0.3
-1.8 0.4
-1.8 0.5
-1.8 0.6
-1.8 0.7
-1.8 0.8
-1.8 0.9
-1.8 1
-1.8 1.1
-1.8 1.2
-1.8 1.3
-1.8 1.4
-1.8 1.5
-1.8 1.6
-1.8 1.7
-1.8 1.8
-1.8 1.9
-1.7 0.1
-1.7 0.2
-1.7 0.3
-1.7 0.4
-1.7 0.5
-1.7 0.6
-1.7 0.7
-1.7 0.8
-1.7 0.9
-1.7 1
-1.7 1.1
-1.7 1.2
-1.7 1.3
-1.7 1.4
-1.7 1.5
-1.7 1.6
-1.7 1.7
-1.7 1.8
-1.7 1.9
-1.7 2
-1.7 2.1
-1.7 2.2
-1.7 2.3
-1.7 2.4
-1.7 2.5
-1.7 2.6
-1.7 2.7
-1.7 2.8
-1.7 2.9
-1.7 3
-1.7 3.1
-1.6 0.1
-1.5 0.1
-1.4 0.1
-1.3 0.1
-1.2 0.1
-1.1 0.1
-1 0.1
-0.9 0.1
-0.8 0.1
-0.7 0.1
-0.6 0.1
-0.5 0.1
-0.4 0.1
-0.3 0.1
-0.2 0.1
-0.1 0.1
0 0.1
0.1 0.1
0.2 0.1
0.3 0.1
0.4 0.1
0.5 0.1
0.6 0.1
0.7 0.1
0.8 0.1
0.9 0
0.9 0.1
1 0
1 0.1
1.1 0
1.1 0.1
1.2 0
1.2 0.1
1.3 0
1.3 0.1
1.4 0
1.4 0.1
1.5 0
1.5 0.1
1.6 0
1.6 0.1
1.6 0.2
1.6 0.3
1.6 0.4
1.6 0.5
1.6 0.6
1.6 0.7
1.6 0.8
1.6 0.9
1.6 1
1.6 1.1
1.6 1.2
1.6 1.3
1.6 1.4
1.6 1.5
1.6 1.6
1.6 1.7
1.6 1.8
1.6 1.9
1.6 2
1.6 2.1
1.6 2.2
1.6 2.3
1.6 2.4
1.6 2.5
1.6 2.6
1.6 2.7
1.7 0.1
1.7 0.2
1.7 0.3
1.7 0.4
1.7 0.5
1.7 0.6
1.7 0.7
1.7 0.8
1.7 0.9
1.7 1
1.7 1.1
bedroom: 3.25427 1.36899 -1.5708 1 129
1.8 0.2
1.8 0.3
1.8 0.4
1.8 0.5
1.8 0.6
1.8 0.7
1.8 0.8
1.8 0.9
1.8 1
1.9 0
1.9 0.1
1.9 0.2
1.9 0.3
1.9 0.4
1.9 0.5
1.9 0.6
1.9 0.7
1.9 0.8
1.9 0.9
1.9 1
1.9 1.1
1.9 1.2
1.9 1.3
1.9 1.4
1.9 1.5
1.9 1.6
1.9 1.7
1.9 1.8
1.9 1.9
1.9 2
1.9 2.1
1.9 2.2
1.9 2.3
1.9 2.4
1.9 2.5
1.9 2.6
1.9 2.7
1.9 2.8
1.9 2.9
2 0
2 0.1
2 0.2
2 2.9
2.1 0
2.1 0.1
2.1 2.9
2.2 0
2.2 0.1
2.3 0
2.3 0.1
2.4 0.1
2.5 0.1
2.6 0.1
2.7 0.1
2.8 0.1
2.9 0.1
3 0.1
3 2.8
3.1 0.1
3.1 2.8
3.2 0.1
3.2 2.8
3.3 0.1
3.3 2.8
3.4 0.1
3.4 2.8
3.5 0.1
3.5 2.8
3.6 0.1
3.6 2.8
3.7 0.1
3.7 2.8
3.8 0.1
3.8 2.8
3.9 0.1
3.9 2.8
4 0.1
4 2.8
4.1 0.1
4.1 2.8
4.1 2.9
4.2 0.1
4.2 2.8
4.2 2.9
4.3 0.1
4.3 2.8
4.3 2.9
4.4 0.1
4.4 2.8
4.4 2.9
4.5 0.1
4.5 2.6
4.5 2.7
4.5 2.8
4.5 2.9
4.6 0.1
4.6 0.2
4.6 0.3
4.6 0.4
4.6 0.5
4.6 0.6
4.6 0.7
4.6 0.8
4.6 0.9
4.6 1
4.6 1.1
4.6 1.2
4.6 1.3
4.6 1.4
4.6 1.5
4.6 1.6
4.6 1.7
4.6 1.8
4.6 1.9
4.6 2
4.6 2.1
4.6 2.2
4.6 2.3
4.6 2.4
4.6 2.5
4.6 2.6
4.6 2.7
4.6 2.8
4.6 2.9
4.7 0.4
4.7 2.5
4.7 2.6
4.7 2.7
4.7 2.8
bed: 3.5 0.75 3.1416 1 273
4.5 1.35
4.5 1.25
4.5 1.15
4.5 1.05
4.5 0.95
4.5 0.85
4.5 0.75
4.5 0.65
4.5 0.55
4.5 0.45
4.5 0.35
4.5 0.25
4.5 0.15
4.4 1.35
4.4 1.25
4.4 1.15
4.4 1.05
4.4 0.95
4.4 0.85
4.4 0.75
4.4 0.65
4.4 0.55
4.4 0.45
4.4 0.35
4.4 0.25
4.4 0.15
4.3 1.35
4.3 1.25
4.3 1.15
4.3 1.05
4.3 0.95
4.3 0.85
4.3 0.75
4.3 0.65
4.3 0.55
4.3 0.45
4.3 0.35
4.3 0.25
4.3 0.15
4.2 1.35
4.2 1.25
4.2 1.15
4.2 1.05
4.2 0.95
4.2 0.85
4.2 0.75
4.2 0.65
4.2 0.55
4.2 0.45
4.2 0.35
4.2 0.25
4.2 0.15
4.1 1.35
4.1 1.25
4.1 1.15
4.1 1.05
4.1 0.95
4.1 0.85
4.1 0.75
4.1 0.65
4.1 0.55
4.1 0.45
4.1 0.35
4.1 0.25
4.1 0.15
4 1.35
4 1.25
4 1.15
4 1.05
4 0.95
4 0.85
4 0.75
4 0.65
4 0.55
4 0.45
4 0.35
4 0.25
4 0.15
3.9 1.35
3.9 1.25
3.9 1.15
3.9 1.05
3.9 0.95
3.9 0.85
3.9 0.75
3.9 0.65
3.9 0.55
3.9 0.45
3.9 0.35
3.9 0.25
3.9 0.15
3.8 1.35
3.8 1.25
3.8 1.15
3.8 1.05
3.8 0.95
3.8 0.85
3.8 0.75
3.8 0.65
3.8 0.55
3.8 0.45
3.8 0.35
3.8 0.25
3.8 0.15
3.7 1.35
3.7 1.25
3.7 1.15
3.7 1.05
3.7 0.95
3.7 0.85
3.7 0.75
3.7 0.65
3.7 0.55
3.7 0.45
3.7 0.35
3.7 0.25
3.7 0.15
3.6 1.35
3.6 1.25
3.6 1.15
3.6 1.05
3.6 0.95
3.6 0.85
3.6 0.75
3.6 0.65
3.6 0.55
3.6 0.45
3.6 0.35
3.6 0.25
3.6 0.15
3.5 1.35
3.5 1.25
3.5 1.15
3.5 1.05
3.5 0.95
3.5 0.85
3.5 0.75
3.5 0.65
3.5 0.55
3.5 0.45
3.5 0.35
3.5 0.25
3.5 0.15
3.4 1.35
3.4 1.25
3.4 1.15
3.4 1.05
3.4 0.95
3.4 0.85
3.4 0.75
3.4 0.65
3.4 0.55
3.4 0.45
3.4 0.35
3.4 0.25
3.4 0.15
3.3 1.35
3.3 1.25
3.3 1.15
3.3 1.05
3.3 0.95
3.3 0.85
3.3 0.75
3.3 0.65
3.3 0.55
3.3 0.45
3.3 0.35
3.3 0.25
3.3 0.15
3.2 1.35
3.2 1.25
3.2 1.15
3.2 1.05
3.2 0.95
3.2 0.85
3.2 0.75
3.2 0.65
3.2 0.55
3.2 0.45
3.2 0.35
3.2 0.25
3.2 0.15
3.1 1.35
3.1 1.25
3.1 1.15
3.1 1.05
3.1 0.95
3.1 0.85
3.1 0.75
3.1 0.65
3.1 0.55
3.1 0.45
3.1 0.35
3.1 0.25
3.1 0.15
3 1.35
3 1.25
3 1.15
3 1.05
3 0.95
3 0.85
3 0.75
3 0.65
3 0.55
3 0.45
3 0.35
3 0.25
3 0.15
2.9 1.35
2.9 1.25
2.9 1.15
2.9 1.05
2.9 0.95
2.9 0.85
2.9 0.75
2.9 0.65
2.9 0.55
2.9 0.45
2.9 0.35
2.9 0.25
2.9 0.15
2.8 1.35
2.8 1.25
2.8 1.15
2.8 1.05
2.8 0.95
2.8 0.85
2.8 0.75
2.8 0.65
2.8 0.55
2.8 0.45
2.8 0.35
2.8 0.25
2.8 0.15
2.7 1.35
2.7 1.25
2.7 1.15
2.7 1.05
2.7 0.95
2.7 0.85
2.7 0.75
2.7 0.65
2.7 0.55
2.7 0.45
2.7 0.35
2.7 0.25
2.7 0.15
2.6 1.35
2.6 1.25
2.6 1.15
2.6 1.05
2.6 0.95
2.6 0.85
2.6 0.75
2.6 0.65
2.6 0.55
2.6 0.45
2.6 0.35
2.6 0.25
2.6 0.15
2.5 1.35
2.5 1.25
2.5 1.15
2.5 1.05
2.5 0.95
2.5 0.85
2.5 0.75
2.5 0.65
2.5 0.55
2.5 0.45
2.5 0.35
2.5 0.25
2.5 0.15
room: 3.35496 7.01298 1.5708 1 131
1.9 5.1
1.9 5.2
1.9 5.3
1.9 5.5
1.9 5.6
1.9 5.7
1.9 5.8
1.9 5.9
1.9 6
1.9 6.1
1.9 6.2
1.9 6.3
1.9 6.4
1.9 6.5
1.9 6.6
1.9 6.7
1.9 6.8
1.9 6.9
1.9 7
1.9 7.1
1.9 7.2
1.9 7.3
1.9 7.4
1.9 7.5
1.9 7.6
1.9 7.7
1.9 7.8
1.9 7.9
1.9 8
1.9 8.1
1.9 8.2
2 5.5
2 7.4
2 7.5
2 7.6
2 7.7
2 7.8
2 7.9
2 8
2 8.1
2 8.2
2 8.3
2.1 5.5
2.1 8.2
2.2 8.2
2.3 8.2
2.4 8.2
2.5 8.2
2.6 8.2
2.7 8.2
2.8 8.2
2.9 8.2
3 8.2
3.1 5.6
3.1 8.2
3.2 5.6
3.2 8.2
3.3 5.6
3.3 8.2
3.4 5.6
3.4 8.2
3.5 5.6
3.5 8.2
3.6 5.6
3.6 8.2
3.7 5.6
3.7 8.2
3.8 5.6
3.8 8.2
3.9 5.5
3.9 5.6
3.9 8.2
4 5.5
4 5.6
4 8.1
4 8.2
4.1 5.5
4.1 5.6
4.1 8.1
4.1 8.2
4.2 5.5
4.2 5.6
4.2 8.1
4.2 8.2
4.3 5.5
4.3 5.6
4.3 8.2
4.4 5.5
4.4 5.6
4.4 8.1
4.4 8.2
4.5 5.5
4.5 5.6
4.5 8.1
4.5 8.2
4.6 5.5
4.6 5.6
4.6 5.7
4.6 5.8
4.6 5.9
4.6 6
4.6 6.1
4.6 6.2
4.6 6.3
4.6 6.4
4.6 6.5
4.6 6.6
4.6 6.7
4.6 6.8
4.6 6.9
4.6 7
4.6 7.1
4.6 7.2
4.6 7.3
4.6 7.4
4.6 7.5
4.6 7.6
4.6 7.7
4.6 7.8
4.6 7.9
4.6 8
4.6 8.1
4.6 8.2
4.7 7.4
4.7 7.5
4.7 7.6
4.7 7.7
4.7 7.8
4.7 7.9
4.7 8
4.7 8.1
table: 3.93272 1.81136 -1 0.955471 43
3.76174 1.7429
3.74206 1.69694
4.0506 1.78239
4.03092 1.73642
4.07028 1.82835
4.01124 1.69046
4.08996 1.87431
4.044 1.894
4.02432 1.84803
4.00464 1.80207
3.98495 1.75611
3.96527 1.71014
3.94559 1.66418
4.06368 1.93996
3.92591 1.61821
3.99803 1.91368
3.97835 1.86771
3.95867 1.82175
3.93899 1.77579
3.91931 1.72982
3.89963 1.68386
3.8077 1.72322
4.01772 1.95964
3.87995 1.6379
4.0374 2.0056
3.99143 2.02529
3.97175 1.97932
3.95207 1.93336
3.93239 1.88739
3.91271 1.84143
3.89303 1.79547
3.87335 1.7495
3.85366 1.70354
3.8143 1.61161
3.92579 1.999
3.90611 1.95304
3.88643 1.90708
3.86674 1.86111
3.84706 1.81515
3.82738 1.76919
3.94547 2.04497
3.76834 1.63129
3.78802 1.67726
chair: 3.41267 7.31442 2.64906 0.718581 107
3.65759 7.36175
3.62091 7.4222
3.66947 7.41031
3.6457 7.31318
3.69426 7.30129
3.6328 7.47077
3.63381 7.26461
3.68237 7.25273
3.64469 7.51933
3.62192 7.21605
3.67049 7.20416
3.6586 7.15559
3.64671 7.10703
3.59612 7.53122
3.69528 7.09514
3.49899 7.555
3.54755 7.54311
3.38997 7.53021
3.43853 7.51832
3.4871 7.50643
3.53566 7.49454
3.58423 7.48266
3.3414 7.5421
3.32951 7.49353
3.37808 7.48164
3.42664 7.46975
3.29283 7.55399
3.28095 7.50542
3.54958 7.1308
3.59814 7.11892
3.50101 7.14269
3.40388 7.16647
3.45245 7.15458
3.34342 7.12979
3.39199 7.1179
3.44056 7.10602
3.48912 7.09413
3.53769 7.08224
3.33154 7.08123
3.23238 7.51731
3.29486 7.14168
3.28297 7.09311
3.57234 7.43409
3.47521 7.45787
3.52378 7.44598
3.60902 7.37363
3.17192 7.48063
3.22049 7.46874
3.26906 7.45685
3.31762 7.44497
3.36619 7.43308
3.56045 7.38552
3.41476 7.42119
3.46332 7.4093
3.51189 7.39741
3.59713 7.32507
3.16004 7.43206
3.2086 7.42018
3.54856 7.33696
3.25717 7.40829
3.30573 7.3964
3.3543 7.38451
3.5 7.34885
3.40287 7.37262
3.45143 7.36073
3.58524 7.2765
3.53668 7.28839
3.14815 7.3835
3.19671 7.37161
3.24528 7.35972
3.29385 7.34783
3.48811 7.30028
3.34241 7.33595
3.2344 7.105
3.57335 7.22794
3.39098 7.32406
3.43954 7.31217
3.13626 7.33493
3.18483 7.32304
3.23339 7.31116
3.28196 7.29927
3.47622 7.25171
3.52479 7.23983
3.33052 7.28738
3.61003 7.16748
3.37909 7.27549
3.42766 7.2636
3.56147 7.17937
3.17294 7.27448
3.2215 7.26259
3.27007 7.2507
3.46433 7.20315
3.5129 7.19126
3.12437 7.28637
3.31864 7.23881
3.3672 7.22692
3.41577 7.21504
3.16105 7.22591
3.20961 7.21402
3.25818 7.20214
3.30675 7.19025
3.35531 7.17836
3.24629 7.15357
3.18381 7.5292
3.14916 7.17735
3.19773 7.16546
3.18584 7.11689
table: 2.57607 7.34349 -1 0.995931 444
2.16713 8.06028
2.14648 8.01474
2.17137 7.94855
2.19202 7.99409
2.21267 8.03963
2.15072 7.90302
2.1756 7.83683
2.19625 7.88237
2.2169 7.9279
2.23756 7.97344
2.25821 8.01897
2.27886 8.06451
2.15495 7.79129
2.17984 7.72511
2.20049 7.77064
2.22114 7.81618
2.24179 7.86172
2.26244 7.90725
2.28309 7.95279
2.30374 7.99832
2.32439 8.04386
2.15919 7.67957
2.18407 7.61338
2.20473 7.65892
2.22538 7.70446
2.24603 7.74999
2.26668 7.79553
2.28733 7.84106
2.30798 7.8866
2.32863 7.93214
2.34928 7.97767
2.36993 8.02321
2.16342 7.56785
2.39058 8.06875
2.14277 7.52231
2.18831 7.50166
2.20896 7.5472
2.22961 7.59273
2.25026 7.63827
2.27091 7.68381
2.29156 7.72934
2.31221 7.77488
2.33286 7.82041
2.35351 7.86595
2.37416 7.91149
2.39481 7.95702
2.41546 8.00256
2.43612 8.0481
2.16766 7.45612
2.14701 7.41059
2.1719 7.3444
2.19255 7.38994
2.2132 7.43547
2.23385 7.48101
2.2545 7.52655
2.27515 7.57208
2.2958 7.61762
2.31645 7.66316
2.3371 7.70869
2.35775 7.75423
2.3784 7.79976
2.39905 7.8453
2.4197 7.89084
2.44035 7.93637
2.461 7.98191
2.48165 8.02745
2.15124 7.29886
2.5023 8.07298
2.17613 7.23268
2.19678 7.27821
2.21743 7.32375
2.23808 7.36929
2.25873 7.41482
2.27938 7.46036
2.30003 7.5059
2.32068 7.55143
2.34133 7.59697
2.36198 7.6425
2.38264 7.68804
2.40329 7.73358
2.42394 7.77911
2.44459 7.82465
2.46524 7.87019
2.48589 7.91572
2.50654 7.96126
2.52719 8.00679
2.54784 8.05233
2.15548 7.18714
2.13483 7.1416
2.18037 7.12095
2.20102 7.16649
2.22167 7.21203
2.24232 7.25756
2.26297 7.3031
2.28362 7.34864
2.30427 7.39417
2.32492 7.43971
2.34557 7.48524
2.36622 7.53078
2.38687 7.57632
2.40752 7.62185
2.42817 7.66739
2.44882 7.71293
2.46947 7.75846
2.49012 7.804
2.51077 7.84954
2.53142 7.89507
2.55207 7.94061
2.57272 7.98615
2.59337 8.03168
2.15972 7.07542
2.13907 7.02988
2.1846 7.00923
2.20525 7.05477
2.2259 7.1003
2.24655 7.14584
2.2672 7.19138
2.28785 7.23691
2.3085 7.28245
2.32915 7.32799
2.3498 7.37352
2.37046 7.41906
2.39111 7.46459
2.41176 7.51013
2.43241 7.55567
2.45306 7.6012
2.47371 7.64674
2.49436 7.69228
2.51501 7.73781
2.53566 7.78335
2.55631 7.82889
2.57696 7.87442
2.59761 7.91996
2.61826 7.96549
2.63891 8.01103
2.16395 6.96369
2.1433 6.91816
2.18884 6.89751
2.20949 6.94304
2.23014 6.98858
2.25079 7.03412
2.27144 7.07965
2.29209 7.12519
2.31274 7.17073
2.33339 7.21626
2.35404 7.2618
2.37469 7.30733
2.39534 7.35287
2.41599 7.39841
2.43664 7.44394
2.45729 7.48948
2.47794 7.53502
2.49859 7.58055
2.51924 7.62609
2.53989 7.67163
2.56054 7.71716
2.5812 7.7627
2.60185 7.80824
2.6225 7.85377
2.64315 7.89931
2.6638 7.94484
2.16819 6.85197
2.14754 6.80644
2.19307 6.78578
2.21372 6.83132
2.23437 6.87686
2.25502 6.92239
2.27567 6.96793
2.29632 7.01347
2.31698 7.059
2.33763 7.10454
2.35828 7.15008
2.37893 7.19561
2.39958 7.24115
2.42023 7.28668
2.44088 7.33222
2.46153 7.37776
2.48218 7.42329
2.50283 7.46883
2.52348 7.51437
2.54413 7.5599
2.56478 7.60544
2.58543 7.65098
2.60608 7.69651
2.62673 7.74205
2.64738 7.78758
2.66803 7.83312
2.68868 7.87866
2.17242 6.74025
2.65214 7.07171
2.67703 7.00552
2.69768 7.05106
2.65638 6.95999
2.63573 6.91445
2.21796 6.7196
2.23861 6.76513
2.25926 6.81067
2.27991 6.85621
2.30056 6.90174
2.32121 6.94728
2.40381 7.12943
2.42446 7.17496
2.44511 7.2205
2.46576 7.26603
2.48641 7.31157
2.50706 7.35711
2.52771 7.40264
2.54837 7.44818
2.56902 7.49372
2.58967 7.53925
2.61032 7.58479
2.63097 7.63032
2.65162 7.67586
2.67227 7.7214
2.69292 7.76693
2.71357 7.81247
2.73422 7.85801
2.28415 6.74448
2.3048 6.79002
2.32545 6.83556
2.3461 6.88109
2.36675 6.92663
2.44935 7.10877
2.47 7.15431
2.49065 7.19985
2.5113 7.24538
2.53195 7.29092
2.5526 7.33646
2.57325 7.38199
2.5939 7.42753
2.61455 7.47307
2.6352 7.5186
2.65585 7.56414
2.6765 7.60967
2.69715 7.65521
2.7178 7.70075
2.73845 7.74628
2.75911 7.79182
2.32968 6.72383
2.35033 6.76937
2.37098 6.81491
2.39163 6.86044
2.41228 6.90598
2.49488 7.08812
2.51554 7.13366
2.53619 7.1792
2.55684 7.22473
2.57749 7.27027
2.59814 7.31581
2.61879 7.36134
2.63944 7.40688
2.66009 7.45241
2.68074 7.49795
2.70139 7.54349
2.72204 7.58902
2.74269 7.63456
2.76334 7.6801
2.78399 7.72563
2.80464 7.77117
2.43293 6.95152
2.39587 6.74872
2.41652 6.79426
2.43717 6.83979
2.45782 6.88533
2.47847 6.93086
2.54042 7.06747
2.56107 7.11301
2.58172 7.15855
2.60237 7.20408
2.62302 7.24962
2.64367 7.29516
2.66432 7.34069
2.68497 7.38623
2.70563 7.43176
2.72628 7.4773
2.74693 7.52284
2.76758 7.56837
2.78823 7.61391
2.80888 7.65945
2.82953 7.70498
2.4414 6.72807
2.46206 6.77361
2.48271 6.81914
2.50336 6.86468
2.52401 6.91021
2.60661 7.09236
2.62726 7.1379
2.64791 7.18343
2.66856 7.22897
2.68921 7.27451
2.70986 7.32004
2.73051 7.36558
2.75116 7.41111
2.77181 7.45665
2.79246 7.50219
2.81311 7.54772
2.83376 7.59326
2.85441 7.6388
2.87506 7.68433
2.50759 6.75295
2.52824 6.79849
2.54889 6.84403
2.56954 6.88956
2.6728 7.11725
2.69345 7.16278
2.7141 7.20832
2.73475 7.25385
2.7554 7.29939
2.77605 7.34493
2.7967 7.39046
2.81735 7.436
2.838 7.48154
2.85865 7.52707
2.8793 7.57261
2.89995 7.61815
2.63149 7.02617
2.61084 6.98064
2.59019 6.9351
2.55313 6.7323
2.57378 6.77784
2.59443 6.82338
2.61508 6.86891
2.71833 7.0966
2.73898 7.14213
2.75963 7.18767
2.78028 7.2332
2.80093 7.27874
2.82158 7.32428
2.84223 7.36981
2.86288 7.41535
2.88353 7.46089
2.90419 7.50642
2.92484 7.55196
2.94549 7.5975
2.70192 6.93934
2.61931 6.75719
2.63997 6.80273
2.66062 6.84826
2.68127 6.8938
2.72257 6.98487
2.74322 7.03041
2.76387 7.07594
2.78452 7.12148
2.80517 7.16702
2.82582 7.21255
2.84647 7.25809
2.86712 7.30363
2.88777 7.34916
2.90842 7.3947
2.92907 7.44024
2.94972 7.48577
2.97037 7.53131
2.66485 6.73654
2.6855 6.78208
2.70615 6.82761
2.7268 6.87315
2.74745 6.91869
2.7681 6.96422
2.78875 7.00976
2.8094 7.05529
2.83005 7.10083
2.8507 7.14637
2.87136 7.1919
2.89201 7.23744
2.91266 7.28298
2.93331 7.32851
2.95396 7.37405
2.97461 7.41959
2.99526 7.46512
3.01591 7.51066
2.71039 6.71589
2.73104 6.76143
2.75169 6.80696
2.77234 6.8525
2.79299 6.89804
2.81364 6.94357
2.83429 6.98911
2.85494 7.03464
2.87559 7.08018
2.89624 7.12572
2.91689 7.17125
2.93754 7.21679
2.95819 7.26233
2.97884 7.30786
2.99949 7.3534
3.02014 7.39893
3.04079 7.44447
2.77657 6.74078
2.79722 6.78631
2.81787 6.83185
2.83853 6.87738
2.85918 6.92292
2.87983 6.96846
2.90048 7.01399
2.92113 7.05953
2.94178 7.10507
2.96243 7.1506
2.98308 7.19614
3.00373 7.24168
3.02438 7.28721
3.04503 7.33275
3.06568 7.37828
3.08633 7.42382
2.82211 6.72012
2.84276 6.76566
2.86341 6.8112
2.88406 6.85673
2.90471 6.90227
2.92536 6.94781
2.94601 6.99334
2.96666 7.03888
2.98731 7.08442
3.00796 7.12995
3.02861 7.17549
3.04927 7.22102
3.06992 7.26656
3.09057 7.3121
3.11122 7.35763
2.8883 6.74501
2.90895 6.79055
2.9296 6.83608
2.95025 6.88162
2.9709 6.92716
2.99155 6.97269
3.0122 7.01823
3.03285 7.06377
3.0535 7.1093
3.07415 7.15484
3.0948 7.20037
3.11545 7.24591
3.1361 7.29145
2.93383 6.72436
2.95448 6.7699
2.97513 6.81543
2.99578 6.86097
3.01644 6.90651
3.03709 6.95204
3.05774 6.99758
3.07839 7.04311
3.09904 7.08865
3.11969 7.13419
3.14034 7.17972
3.16099 7.22526
3.18164 7.2708
