OR: 0.106802 6.06421 0.0698156 1.9503e-38 16
-0.0431981 5.91421
-0.0431981 6.01421
-0.0431981 6.11421
-0.0431981 6.21421
0.0568019 5.91421
0.0568019 6.01421
0.0568019 6.11421
0.0568019 6.21421
0.156802 5.91421
0.156802 6.01421
0.156802 6.11421
0.156802 6.21421
0.256802 5.91421
0.256802 6.01421
0.256802 6.11421
0.256802 6.21421
CR: -0.800547 2.78117 4.28187 0.721728 16
-0.950547 2.63117
-0.950547 2.73117
-0.950547 2.83117
-0.950547 2.93117
-0.850547 2.63117
-0.850547 2.73117
-0.850547 2.83117
-0.850547 2.93117
-0.750547 2.63117
-0.750547 2.73117
-0.750547 2.83117
-0.750547 2.93117
-0.650547 2.63117
-0.650547 2.73117
-0.650547 2.83117
-0.650547 2.93117
meetingroom: 0.566326 6.78776 1.5708 1 98
-1.7 4.4
-1.7 4.5
-1.7 4.6
-1.7 4.7
-1.7 4.8
-1.7 4.9
-1.7 5
-1.7 5.1
-1.7 5.2
-1.7 5.3
-1.7 5.4
-1.7 5.5
-1.7 5.6
-1.7 5.7
-1.7 5.8
-1.7 5.9
-1.7 6
-1.7 6.1
-1.7 6.2
-1.7 6.3
-1.7 6.4
-1.7 6.5
-1.7 6.6
-1.7 6.7
-1.7 6.8
-1.7 6.9
-1.7 7
-0.2 7.3
-0.2 7.4
-0.2 7.5
-0.2 7.6
-0.2 7.7
-0.1 7.3
1.1 9.9
1.2 9.9
1.3 9.9
1.4 9.9
1.5 9.9
1.6 4
1.6 4.1
1.6 4.2
1.6 4.3
1.6 4.4
1.6 4.5
1.6 4.6
1.6 4.7
1.6 4.8
1.6 4.9
1.6 5
1.6 5.1
1.6 5.2
1.6 5.3
1.6 5.4
1.6 5.5
1.6 5.6
1.6 5.7
1.6 5.8
1.6 5.9
1.6 6
1.6 6.1
1.6 6.2
1.6 6.3
1.6 6.4
1.6 6.5
1.6 6.6
1.6 6.7
1.6 6.8
1.6 6.9
1.6 7
1.6 7.1
1.6 7.2
1.6 7.3
1.6 7.4
1.6 7.5
1.6 7.6
1.6 7.7
1.6 7.8
1.6 7.9
1.6 8
1.6 8.1
1.6 8.2
1.6 8.3
1.6 8.4
1.6 8.5
1.6 8.6
1.6 8.7
1.6 8.8
1.6 8.9
1.6 9
1.6 9.1
1.6 9.2
1.6 9.3
1.6 9.4
1.6 9.5
1.6 9.6
1.6 9.7
1.6 9.8
1.6 9.9
officeroom: 3.35496 7.01298 1.5708 1 131
1.9 5.1
1.9 5.2
1.9 5.3
1.9 5.5
1.9 5.6
1.9 5.7
1.9 5.8
1.9 5.9
1.9 6
1.9 6.1
1.9 6.2
1.9 6.3
1.9 6.4
1.9 6.5
1.9 6.6
1.9 6.7
1.9 6.8
1.9 6.9
1.9 7
1.9 7.1
1.9 7.2
1.9 7.3
1.9 7.4
1.9 7.5
1.9 7.6
1.9 7.7
1.9 7.8
1.9 7.9
1.9 8
1.9 8.1
1.9 8.2
2 5.5
2 7.4
2 7.5
2 7.6
2 7.7
2 7.8
2 7.9
2 8
2 8.1
2 8.2
2 8.3
2.1 5.5
2.1 8.2
2.2 8.2
2.3 8.2
2.4 8.2
2.5 8.2
2.6 8.2
2.7 8.2
2.8 8.2
2.9 8.2
3 8.2
3.1 5.6
3.1 8.2
3.2 5.6
3.2 8.2
3.3 5.6
3.3 8.2
3.4 5.6
3.4 8.2
3.5 5.6
3.5 8.2
3.6 5.6
3.6 8.2
3.7 5.6
3.7 8.2
3.8 5.6
3.8 8.2
3.9 5.5
3.9 5.6
3.9 8.2
4 5.5
4 5.6
4 8.1
4 8.2
4.1 5.5
4.1 5.6
4.1 8.1
4.1 8.2
4.2 5.5
4.2 5.6
4.2 8.1
4.2 8.2
4.3 5.5
4.3 5.6
4.3 8.2
4.4 5.5
4.4 5.6
4.4 8.1
4.4 8.2
4.5 5.5
4.5 5.6
4.5 8.1
4.5 8.2
4.6 5.5
4.6 5.6
4.6 5.7
4.6 5.8
4.6 5.9
4.6 6
4.6 6.1
4.6 6.2
4.6 6.3
4.6 6.4
4.6 6.5
4.6 6.6
4.6 6.7
4.6 6.8
4.6 6.9
4.6 7
4.6 7.1
4.6 7.2
4.6 7.3
4.6 7.4
4.6 7.5
4.6 7.6
4.6 7.7
4.6 7.8
4.6 7.9
4.6 8
4.6 8.1
4.6 8.2
4.7 7.4
4.7 7.5
4.7 7.6
4.7 7.7
4.7 7.8
4.7 7.9
4.7 8
4.7 8.1
livingroom: -0.129687 0.907812 -1.5708 1 128
-1.8 0.1
-1.8 0.2
-1.8 0.3
-1.8 0.4
-1.8 0.5
-1.8 0.6
-1.8 0.7
-1.8 0.8
-1.8 0.9
-1.8 1
-1.8 1.1
-1.8 1.2
-1.8 1.3
-1.8 1.4
-1.8 1.5
-1.8 1.6
-1.8 1.7
-1.8 1.8
-1.8 1.9
-1.7 0.1
-1.7 0.2
-1.7 0.3
-1.7 0.4
-1.7 0.5
-1.7 0.6
-1.7 0.7
-1.7 0.8
-1.7 0.9
-1.7 1
-1.7 1.1
-1.7 1.2
-1.7 1.3
-1.7 1.4
-1.7 1.5
-1.7 1.6
-1.7 1.7
-1.7 1.8
-1.7 1.9
-1.7 2
-1.7 2.1
-1.7 2.2
-1.7 2.3
-1.7 2.4
-1.7 2.5
-1.7 2.6
-1.7 2.7
-1.7 2.8
-1.7 2.9
-1.7 3
-1.7 3.1
-1.6 0.1
-1.5 0.1
-1.4 0.1
-1.3 0.1
-1.2 0.1
-1.1 0.1
-1 0.1
-0.9 0.1
-0.8 0.1
-0.7 0.1
-0.6 0.1
-0.5 0.1
-0.4 0.1
-0.3 0.1
-0.2 0.1
-0.1 0.1
0 0.1
0.1 0.1
0.2 0.1
0.3 0.1
0.4 0.1
0.5 0.1
0.6 0.1
0.7 0.1
0.8 0.1
0.9 0
0.9 0.1
1 0
1 0.1
1.1 0
1.1 0.1
1.2 0
1.2 0.1
1.3 0
1.3 0.1
1.4 0
1.4 0.1
1.5 0
1.5 0.1
1.6 0
1.6 0.1
1.6 0.2
1.6 0.3
1.6 0.4
1.6 0.5
1.6 0.6
1.6 0.7
1.6 0.8
1.6 0.9
1.6 1
1.6 1.1
1.6 1.2
1.6 1.3
1.6 1.4
1.6 1.5
1.6 1.6
1.6 1.7
1.6 1.8
1.6 1.9
1.6 2
1.6 2.1
1.6 2.2
1.6 2.3
1.6 2.4
1.6 2.5
1.6 2.6
1.6 2.7
1.7 0.1
1.7 0.2
1.7 0.3
1.7 0.4
1.7 0.5
1.7 0.6
1.7 0.7
1.7 0.8
1.7 0.9
1.7 1
1.7 1.1
bedroom: 3.25427 1.36899 -1.5708 1 129
1.8 0.2
1.8 0.3
1.8 0.4
1.8 0.5
1.8 0.6
1.8 0.7
1.8 0.8
1.8 0.9
1.8 1
1.9 0
1.9 0.1
1.9 0.2
1.9 0.3
1.9 0.4
1.9 0.5
1.9 0.6
1.9 0.7
1.9 0.8
1.9 0.9
1.9 1
1.9 1.1
1.9 1.2
1.9 1.3
1.9 1.4
1.9 1.5
1.9 1.6
1.9 1.7
1.9 1.8
1.9 1.9
1.9 2
1.9 2.1
1.9 2.2
1.9 2.3
1.9 2.4
1.9 2.5
1.9 2.6
1.9 2.7
1.9 2.8
1.9 2.9
2 0
2 0.1
2 0.2
2 2.9
2.1 0
2.1 0.1
2.1 2.9
2.2 0
2.2 0.1
2.3 0
2.3 0.1
2.4 0.1
2.5 0.1
2.6 0.1
2.7 0.1
2.8 0.1
2.9 0.1
3 0.1
3 2.8
3.1 0.1
3.1 2.8
3.2 0.1
3.2 2.8
3.3 0.1
3.3 2.8
3.4 0.1
3.4 2.8
3.5 0.1
3.5 2.8
3.6 0.1
3.6 2.8
3.7 0.1
3.7 2.8
3.8 0.1
3.8 2.8
3.9 0.1
3.9 2.8
4 0.1
4 2.8
4.1 0.1
4.1 2.8
4.1 2.9
4.2 0.1
4.2 2.8
4.2 2.9
4.3 0.1
4.3 2.8
4.3 2.9
4.4 0.1
4.4 2.8
4.4 2.9
4.5 0.1
4.5 2.6
4.5 2.7
4.5 2.8
4.5 2.9
4.6 0.1
4.6 0.2
4.6 0.3
4.6 0.4
4.6 0.5
4.6 0.6
4.6 0.7
4.6 0.8
4.6 0.9
4.6 1
4.6 1.1
4.6 1.2
4.6 1.3
4.6 1.4
4.6 1.5
4.6 1.6
4.6 1.7
4.6 1.8
4.6 1.9
4.6 2
4.6 2.1
4.6 2.2
4.6 2.3
4.6 2.4
4.6 2.5
4.6 2.6
4.6 2.7
4.6 2.8
4.6 2.9
4.7 0.4
4.7 2.5
4.7 2.6
4.7 2.7
4.7 2.8
bed: 3.5 0.75 3.1416 1 273
4.5 1.35
4.5 1.25
4.5 1.15
4.5 1.05
4.5 0.95
4.5 0.85
4.5 0.75
4.5 0.65
4.5 0.55
4.5 0.45
4.5 0.35
4.5 0.25
4.5 0.15
4.4 1.35
4.4 1.25
4.4 1.15
4.4 1.05
4.4 0.95
4.4 0.85
4.4 0.75
4.4 0.65
4.4 0.55
4.4 0.45
4.4 0.35
4.4 0.25
4.4 0.15
4.3 1.35
4.3 1.25
4.3 1.15
4.3 1.05
4.3 0.95
4.3 0.85
4.3 0.75
4.3 0.65
4.3 0.55
4.3 0.45
4.3 0.35
4.3 0.25
4.3 0.15
4.2 1.35
4.2 1.25
4.2 1.15
4.2 1.05
4.2 0.95
4.2 0.85
4.2 0.75
4.2 0.65
4.2 0.55
4.2 0.45
4.2 0.35
4.2 0.25
4.2 0.15
4.1 1.35
4.1 1.25
4.1 1.15
4.1 1.05
4.1 0.95
4.1 0.85
4.1 0.75
4.1 0.65
4.1 0.55
4.1 0.45
4.1 0.35
4.1 0.25
4.1 0.15
4 1.35
4 1.25
4 1.15
4 1.05
4 0.95
4 0.85
4 0.75
4 0.65
4 0.55
4 0.45
4 0.35
4 0.25
4 0.15
3.9 1.35
3.9 1.25
3.9 1.15
3.9 1.05
3.9 0.95
3.9 0.85
3.9 0.75
3.9 0.65
3.9 0.55
3.9 0.45
3.9 0.35
3.9 0.25
3.9 0.15
3.8 1.35
3.8 1.25
3.8 1.15
3.8 1.05
3.8 0.95
3.8 0.85
3.8 0.75
3.8 0.65
3.8 0.55
3.8 0.45
3.8 0.35
3.8 0.25
3.8 0.15
3.7 1.35
3.7 1.25
3.7 1.15
3.7 1.05
3.7 0.95
3.7 0.85
3.7 0.75
3.7 0.65
3.7 0.55
3.7 0.45
3.7 0.35
3.7 0.25
3.7 0.15
3.6 1.35
3.6 1.25
3.6 1.15
3.6 1.05
3.6 0.95
3.6 0.85
3.6 0.75
3.6 0.65
3.6 0.55
3.6 0.45
3.6 0.35
3.6 0.25
3.6 0.15
3.5 1.35
3.5 1.25
3.5 1.15
3.5 1.05
3.5 0.95
3.5 0.85
3.5 0.75
3.5 0.65
3.5 0.55
3.5 0.45
3.5 0.35
3.5 0.25
3.5 0.15
3.4 1.35
3.4 1.25
3.4 1.15
3.4 1.05
3.4 0.95
3.4 0.85
3.4 0.75
3.4 0.65
3.4 0.55
3.4 0.45
3.4 0.35
3.4 0.25
3.4 0.15
3.3 1.35
3.3 1.25
3.3 1.15
3.3 1.05
3.3 0.95
3.3 0.85
3.3 0.75
3.3 0.65
3.3 0.55
3.3 0.45
3.3 0.35
3.3 0.25
3.3 0.15
3.2 1.35
3.2 1.25
3.2 1.15
3.2 1.05
3.2 0.95
3.2 0.85
3.2 0.75
3.2 0.65
3.2 0.55
3.2 0.45
3.2 0.35
3.2 0.25
3.2 0.15
3.1 1.35
3.1 1.25
3.1 1.15
3.1 1.05
3.1 0.95
3.1 0.85
3.1 0.75
3.1 0.65
3.1 0.55
3.1 0.45
3.1 0.35
3.1 0.25
3.1 0.15
3 1.35
3 1.25
3 1.15
3 1.05
3 0.95
3 0.85
3 0.75
3 0.65
3 0.55
3 0.45
3 0.35
3 0.25
3 0.15
2.9 1.35
2.9 1.25
2.9 1.15
2.9 1.05
2.9 0.95
2.9 0.85
2.9 0.75
2.9 0.65
2.9 0.55
2.9 0.45
2.9 0.35
2.9 0.25
2.9 0.15
2.8 1.35
2.8 1.25
2.8 1.15
2.8 1.05
2.8 0.95
2.8 0.85
2.8 0.75
2.8 0.65
2.8 0.55
2.8 0.45
2.8 0.35
2.8 0.25
2.8 0.15
2.7 1.35
2.7 1.25
2.7 1.15
2.7 1.05
2.7 0.95
2.7 0.85
2.7 0.75
2.7 0.65
2.7 0.55
2.7 0.45
2.7 0.35
2.7 0.25
2.7 0.15
2.6 1.35
2.6 1.25
2.6 1.15
2.6 1.05
2.6 0.95
2.6 0.85
2.6 0.75
2.6 0.65
2.6 0.55
2.6 0.45
2.6 0.35
2.6 0.25
2.6 0.15
2.5 1.35
2.5 1.25
2.5 1.15
2.5 1.05
2.5 0.95
2.5 0.85
2.5 0.75
2.5 0.65
2.5 0.55
2.5 0.45
2.5 0.35
2.5 0.25
2.5 0.15
room: -0.129687 0.907812 -1.5708 1 128
-1.8 0.1
-1.8 0.2
-1.8 0.3
-1.8 0.4
-1.8 0.5
-1.8 0.6
-1.8 0.7
-1.8 0.8
-1.8 0.9
-1.8 1
-1.8 1.1
-1.8 1.2
-1.8 1.3
-1.8 1.4
-1.8 1.5
-1.8 1.6
-1.8 1.7
-1.8 1.8
-1.8 1.9
-1.7 0.1
-1.7 0.2
-1.7 0.3
-1.7 0.4
-1.7 0.5
-1.7 0.6
-1.7 0.7
-1.7 0.8
-1.7 0.9
-1.7 1
-1.7 1.1
-1.7 1.2
-1.7 1.3
-1.7 1.4
-1.7 1.5
-1.7 1.6
-1.7 1.7
-1.7 1.8
-1.7 1.9
-1.7 2
-1.7 2.1
-1.7 2.2
-1.7 2.3
-1.7 2.4
-1.7 2.5
-1.7 2.6
-1.7 2.7
-1.7 2.8
-1.7 2.9
-1.7 3
-1.7 3.1
-1.6 0.1
-1.5 0.1
-1.4 0.1
-1.3 0.1
-1.2 0.1
-1.1 0.1
-1 0.1
-0.9 0.1
-0.8 0.1
-0.7 0.1
-0.6 0.1
-0.5 0.1
-0.4 0.1
-0.3 0.1
-0.2 0.1
-0.1 0.1
0 0.1
0.1 0.1
0.2 0.1
0.3 0.1
0.4 0.1
0.5 0.1
0.6 0.1
0.7 0.1
0.8 0.1
0.9 0
0.9 0.1
1 0
1 0.1
1.1 0
1.1 0.1
1.2 0
1.2 0.1
1.3 0
1.3 0.1
1.4 0
1.4 0.1
1.5 0
1.5 0.1
1.6 0
1.6 0.1
1.6 0.2
1.6 0.3
1.6 0.4
1.6 0.5
1.6 0.6
1.6 0.7
1.6 0.8
1.6 0.9
1.6 1
1.6 1.1
1.6 1.2
1.6 1.3
1.6 1.4
1.6 1.5
1.6 1.6
1.6 1.7
1.6 1.8
1.6 1.9
1.6 2
1.6 2.1
1.6 2.2
1.6 2.3
1.6 2.4
1.6 2.5
1.6 2.6
1.6 2.7
1.7 0.1
1.7 0.2
1.7 0.3
1.7 0.4
1.7 0.5
1.7 0.6
1.7 0.7
1.7 0.8
1.7 0.9
1.7 1
1.7 1.1
table: -1.3113 0.677895 -1 0.853486 82
-1.3309 0.434261
-1.3775 0.452401
-1.42409 0.470541
-1.47068 0.48868
-1.26617 0.462715
-1.31276 0.480855
-1.35936 0.498994
-1.40595 0.517134
-1.45254 0.535274
-1.49914 0.553413
-1.21958 0.444575
-1.20144 0.491168
-1.24803 0.509308
-1.29462 0.527448
-1.34122 0.545588
-1.38781 0.563727
-1.4344 0.581867
-1.481 0.600007
-1.52759 0.618146
-1.1367 0.519622
-1.1833 0.537762
-1.22989 0.555902
-1.27648 0.574041
-1.32308 0.592181
-1.36967 0.610321
-1.41626 0.62846
-1.46286 0.6466
-1.50945 0.66474
-1.55604 0.68288
-1.11856 0.566216
-1.16516 0.584355
-1.21175 0.602495
-1.25834 0.620635
-1.30494 0.638775
-1.35153 0.656914
-1.39812 0.675054
-1.44472 0.693194
-1.49131 0.711333
-1.5379 0.729473
-1.10042 0.612809
-1.14702 0.630949
-1.19361 0.649089
-1.2402 0.667228
-1.2868 0.685368
-1.33339 0.703508
-1.37998 0.721648
-1.42658 0.739787
-1.47317 0.757927
-1.51976 0.776067
-1.08228 0.659403
-1.12888 0.677542
-1.17547 0.695682
-1.22206 0.713822
-1.26866 0.731962
-1.31525 0.750101
-1.36184 0.768241
-1.40844 0.786381
-1.45503 0.80452
-1.50162 0.82266
-1.06414 0.705996
-1.11074 0.724136
-1.15733 0.742276
-1.20392 0.760415
-1.25052 0.778555
-1.29711 0.796695
-1.3437 0.814834
-1.3903 0.832974
-1.43689 0.851114
-1.0926 0.770729
-1.13919 0.788869
-1.18578 0.807009
-1.23238 0.825149
-1.27897 0.843288
-1.32557 0.861428
-1.37216 0.879568
-1.41875 0.897707
-1.12105 0.835463
-1.16764 0.853602
-1.21424 0.871742
-1.26083 0.889882
-1.30743 0.908021
-1.35402 0.926161
chair: -0.636409 0.666529 0.956756 0 250
-0.319846 0.327331
-0.343689 0.283381
-0.363796 0.351173
-0.387638 0.307224
-0.407745 0.375015
-0.431587 0.331066
-0.45543 0.287117
-0.902394 0.302058
-0.834602 0.322165
-0.878551 0.346007
-0.9225 0.369849
-0.946343 0.3259
-0.854709 0.389956
-0.475537 0.354908
-0.790652 0.298322
-0.81076 0.366114
-0.96645 0.393692
-0.990292 0.349742
-0.499379 0.310959
-0.76681 0.342272
-1.01413 0.305793
-1.03424 0.373584
-1.05808 0.329635
-0.722861 0.318429
-0.742968 0.386221
-1.0104 0.417534
-0.519486 0.37875
-0.543328 0.334801
-0.567171 0.290852
-0.942608 0.437641
-0.296004 0.37128
-0.61112 0.314694
-0.678911 0.294587
-0.699019 0.362379
-0.986557 0.461483
-0.587278 0.358644
-0.655069 0.338537
-0.898658 0.413799
-0.631227 0.382486
-0.918765 0.48159
-0.962715 0.505432
-1.05435 0.441376
-1.03051 0.485325
-0.938872 0.549382
-1.00666 0.529275
-0.982822 0.573224
-0.894923 0.52554
-0.874816 0.457748
-0.95898 0.617173
-1.05061 0.553117
-0.91503 0.593331
-1.02677 0.597066
-0.935137 0.661123
-1.00293 0.641016
-0.979087 0.684965
-0.871081 0.569489
-0.891188 0.63728
-0.955244 0.728914
-1.04688 0.664858
-0.911295 0.705072
-1.02304 0.708807
-0.999194 0.752757
-0.931402 0.772864
-0.975351 0.796706
-0.887453 0.749021
-0.867346 0.68123
-1.04314 0.776599
-0.86361 0.792971
-0.90756 0.816813
-0.951509 0.840655
-0.252055 0.347438
-0.883717 0.860762
-0.927667 0.884605
-0.971616 0.908447
-0.859875 0.904712
-0.903824 0.928554
-0.947774 0.952397
-0.879982 0.972503
-0.923931 0.996346
-0.967881 1.02019
-0.786917 0.410063
-0.830867 0.433906
-0.85614 1.01645
-0.900089 1.04029
-0.944039 1.06414
-0.675176 0.406328
-0.719126 0.43017
-0.763075 0.454013
-0.807024 0.477855
-0.850974 0.501697
-0.563435 0.402593
-0.607385 0.426435
-0.651334 0.450277
-0.695283 0.474119
-0.739233 0.497962
-0.783182 0.521804
-0.827131 0.545646
-0.451694 0.398858
-0.495644 0.4227
-0.539593 0.446542
-0.583542 0.470385
-0.627492 0.494227
-0.671441 0.518069
-0.71539 0.541911
-0.75934 0.565754
-0.803289 0.589596
-0.847239 0.613438
-0.339953 0.395123
-0.383903 0.418965
-0.427852 0.442807
-0.471801 0.466649
-0.515751 0.490492
-0.5597 0.514334
-0.603649 0.538176
-0.647599 0.562019
-0.691548 0.585861
-0.735497 0.609703
-0.779447 0.633545
-0.823396 0.657388
-0.272162 0.415229
-0.316111 0.439072
-0.36006 0.462914
-0.40401 0.486756
-0.447959 0.510598
-0.491909 0.534441
-0.535858 0.558283
-0.579807 0.582125
-0.623757 0.605968
-0.667706 0.62981
-0.711655 0.653652
-0.755605 0.677495
-0.799554 0.701337
-0.843503 0.725179
-0.24832 0.459179
-0.292269 0.483021
-0.336218 0.506863
-0.380168 0.530706
-0.424117 0.554548
-0.468066 0.57839
-0.512016 0.602232
-0.555965 0.626075
-0.599914 0.649917
-0.643864 0.673759
-0.687813 0.697602
-0.731762 0.721444
-0.775712 0.745286
-0.819661 0.769128
-0.268427 0.52697
-0.312376 0.550813
-0.356325 0.574655
-0.400275 0.598497
-0.444224 0.622339
-0.488173 0.646182
-0.532123 0.670024
-0.576072 0.693866
-0.620021 0.717709
-0.663971 0.741551
-0.70792 0.765393
-0.751869 0.789236
-0.795819 0.813078
-0.839768 0.83692
-0.244584 0.57092
-0.288534 0.594762
-0.332483 0.618604
-0.376432 0.642447
-0.420382 0.666289
-0.464331 0.690131
-0.50828 0.713974
-0.55223 0.737816
-0.596179 0.761658
-0.640128 0.785501
-0.684078 0.809343
-0.728027 0.833185
-0.771976 0.857027
-0.815926 0.88087
-0.264691 0.638711
-0.308641 0.662554
-0.35259 0.686396
-0.396539 0.710238
-0.440489 0.734081
-0.484438 0.757923
-0.528387 0.781765
-0.572337 0.805607
-0.616286 0.82945
-0.660235 0.853292
-0.704185 0.877134
-0.748134 0.900976
-0.792083 0.924819
-0.836033 0.948661
-0.240849 0.682661
-0.284798 0.706503
-0.328748 0.730345
-0.372697 0.754188
-0.416646 0.77803
-0.460596 0.801872
-0.504545 0.825714
-0.548494 0.849557
-0.592444 0.873399
-0.636393 0.897241
-0.680343 0.921084
-0.724292 0.944926
-0.768241 0.968768
-0.812191 0.99261
-0.260956 0.750452
-0.304905 0.774295
-0.348855 0.798137
-0.392804 0.821979
-0.436754 0.845822
-0.480703 0.869664
-0.524652 0.893506
-0.568602 0.917348
-0.612551 0.941191
-0.6565 0.965033
-0.70045 0.988875
-0.744399 1.01272
-0.788348 1.03656
-0.237114 0.794402
-0.281063 0.818244
-0.325013 0.842086
-0.368962 0.865929
-0.412911 0.889771
-0.456861 0.913613
-0.50081 0.937455
-0.544759 0.961298
-0.588709 0.98514
-0.632658 1.00898
-0.676607 1.03282
-0.257221 0.862193
-0.30117 0.886036
-0.345119 0.909878
-0.389069 0.93372
-0.433018 0.957563
-0.476968 0.981405
-0.520917 1.00525
-0.564866 1.02909
-0.233379 0.906143
-0.277328 0.929985
-0.321277 0.953827
-0.365227 0.97767
-0.409176 1.00151
-0.453125 1.02535
-0.253486 0.973934
-0.297435 0.997777
-0.341384 1.02162
-0.229643 1.01788
-0.832298 1.0604
-0.720557 1.05667
-0.608816 1.05293
-0.497075 1.0492
-0.385334 1.04546
table: -1.1653 2.17489 -1 0.679582 226
-1.4072 1.77299
-1.30088 1.80756
-1.35032 1.815
-1.39977 1.82244
-1.44921 1.82987
-1.25143 1.80012
-1.20199 1.79269
-1.15255 1.78525
-1.05366 1.77037
-1.1031 1.77781
-0.996778 1.81238
-1.04622 1.81982
-1.09567 1.82725
-1.14511 1.83469
-1.19455 1.84213
-1.244 1.84957
-1.29344 1.857
-1.34288 1.86444
-1.39233 1.87188
-1.44177 1.87932
-0.947334 1.80494
-1.49121 1.88675
-1.10792 2.08191
-1.10048 2.13135
-1.15736 2.08935
-1.14993 2.13879
-0.939896 1.85438
-0.98934 1.86182
-1.03878 1.86926
-1.08823 1.8767
-1.13767 1.88414
-1.18712 1.89157
-1.286 1.90645
-1.33545 1.91389
-1.38489 1.92132
-1.43433 1.92876
-1.48378 1.9362
-1.05104 2.12392
-1.53322 1.94364
-1.23656 1.89901
-1.09305 2.1808
-1.14249 2.18824
-0.932459 1.90383
-0.981903 1.91127
-1.03135 1.9187
-1.08079 1.92614
-1.13023 1.93358
-1.22912 1.94845
-1.27856 1.95589
-1.32801 1.96333
-1.37745 1.97077
-1.4269 1.9782
-1.47634 1.98564
-1.52578 1.99308
-0.883015 1.89639
-1.57523 2.00052
-0.875578 1.94583
-0.925021 1.95327
-0.974465 1.96071
-1.02391 1.96815
-1.07335 1.97558
-1.1228 1.98302
-1.22168 1.9979
-1.27113 2.00534
-1.32057 2.01277
-1.37001 2.02021
-1.41946 2.02765
-1.4689 2.03509
-1.51835 2.04252
-1.56779 2.04996
-0.86814 1.99528
-0.917584 2.00272
-0.967027 2.01015
-1.01647 2.01759
-1.06591 2.02503
-1.11536 2.03247
-1.0436 2.17336
-1.21425 2.04734
-1.26369 2.05478
-1.31313 2.06222
-1.36258 2.06965
-1.41202 2.07709
-1.46146 2.08453
-1.51091 2.09197
-1.56035 2.0994
-1.6098 2.10684
-0.811259 2.03728
-0.860702 2.04472
-0.910146 2.05216
-0.95959 2.0596
-1.00903 2.06703
-1.05848 2.07447
-1.20681 2.09679
-1.25625 2.10422
-1.3057 2.11166
-1.35514 2.1191
-1.40458 2.12654
-1.45403 2.13397
-1.50347 2.14141
-1.55291 2.14885
-1.60236 2.15629
-0.803821 2.08673
-0.853265 2.09417
-0.902709 2.1016
-0.952152 2.10904
-1.0016 2.11648
-1.19937 2.14623
-1.24881 2.15367
-1.29826 2.1611
-1.3477 2.16854
-1.39715 2.17598
-1.44659 2.18342
-1.49603 2.19085
-1.54548 2.19829
-0.796384 2.13617
-0.845827 2.14361
-0.895271 2.15105
-0.944715 2.15848
-0.994158 2.16592
-1.19193 2.19567
-1.24138 2.20311
-1.29082 2.21055
-1.34026 2.21799
-1.38971 2.22542
-1.43915 2.23286
-1.4886 2.2403
-1.53804 2.24774
-0.74694 2.12873
-0.739502 2.17818
-0.788946 2.18562
-0.83839 2.19305
-0.887833 2.20049
-0.937277 2.20793
-0.986721 2.21537
-1.03616 2.2228
-1.08561 2.23024
-1.13505 2.23768
-1.1845 2.24512
-1.23394 2.25255
-1.28338 2.25999
-1.33283 2.26743
-1.38227 2.27487
-1.43171 2.2823
-1.48116 2.28974
-0.732065 2.22762
-0.781508 2.23506
-0.830952 2.2425
-0.880396 2.24993
-0.92984 2.25737
-0.979283 2.26481
-1.02873 2.27225
-1.07817 2.27969
-1.12761 2.28712
-1.17706 2.29456
-1.2265 2.302
-1.27595 2.30944
-1.32539 2.31687
-1.37483 2.32431
-1.42428 2.33175
-1.47372 2.33919
-0.774071 2.2845
-0.823514 2.29194
-0.872958 2.29938
-0.922402 2.30682
-0.971846 2.31425
-1.02129 2.32169
-1.07073 2.32913
-1.12018 2.33657
-1.16962 2.344
-1.21906 2.35144
-1.26851 2.35888
-1.31795 2.36632
-1.3674 2.37375
-1.41684 2.38119
-0.816077 2.34138
-0.865521 2.34882
-0.914964 2.35626
-0.964408 2.3637
-1.01385 2.37113
-1.0633 2.37857
-1.11274 2.38601
-1.16218 2.39345
-1.21163 2.40089
-1.26107 2.40832
-1.31051 2.41576
-1.35996 2.4232
-1.4094 2.43064
-0.858083 2.39827
-0.907527 2.4057
-0.956971 2.41314
-1.00641 2.42058
-1.05586 2.42802
-1.1053 2.43545
-1.15475 2.44289
-1.20419 2.45033
-1.25363 2.45777
-1.30308 2.4652
-1.35252 2.47264
-0.850645 2.44771
-0.900089 2.45515
-0.949533 2.46258
-0.998977 2.47002
-1.04842 2.47746
-1.09786 2.4849
-1.14731 2.49233
-1.19675 2.49977
-1.2462 2.50721
-1.29564 2.51465
-1.34508 2.52209
-0.942095 2.51203
-0.991539 2.51947
-1.04098 2.5269
-1.09043 2.53434
-1.13987 2.54178
-1.18931 2.54922
-1.23876 2.55665
-1.2882 2.56409
-0.892652 2.50459
-0.934658 2.56147
-0.984102 2.56891
-1.03355 2.57635
-1.08299 2.58378
-1.13243 2.59122
-1.18188 2.59866
-1.23132 2.6061
-1.33765 2.57153
