0
0
0
0
0
0
0
0
0
0
0
0
0
0
0
0
0
0
0
0
0
0
0
0
0
0
0
0
0.070286
0.10797
0.064892
0.074973
0.1741
0.23669
0.33469
0.029523
0.22761
0.069984
0.13963
0.054265
0.0079486
0.21047
0.21865
0.33344
0.066292
0.11588
0.077704
0.16063
0.085301
0.022389
0.04695
0.041971
0
0
0
0
0
0
0
0
0
0
0
0
0
0
0
0
0
0
0
0
0
0
0
0
0
0
0
0
0
0
0
0
0
0.19229
0.057088
0.19567
0.14766
0.073698
0.090309
0.16403
0.11689
0.14615
0.20095
0.20121
0.18663
0.068743
0.16422
0.22472
0.13957
0.11433
0.15825
0.11169
0.15269
0.10557
0.08481
0.098488
0.15788
0
0
0
0
0
0
0
0
0
0
0
0
0
0
0
0
0
0
0
0
0
0
0
0
0
0
0
0
0
0
0
0
0
0
0.006501
0.091195
0.19073
0.14302
0.18951
0.091033
0.18998
0.0089643
0.070832
0.021441
0.068634
0.047658
0.079871
0.052278
0.11285
0.076583
0.086432
0.11217
0.12229
0.33834
0.13261
0.017109
0.067977
0.072961
0.086617
0.049847
0.060499
0.056826
0.14186
0.18845
0.13909
0.13765
0.19998
0.20013
0.20013
0.19464
0.2
0.17242
0.20003
0.19993
0.19946
0.19948
0.19788
0.19947
0.49493
0.19997
0.20005
0.19999
0.20005
0.20007
0.19727
0.19962
0.1514
0.14618
0.18274
0.16201
0.23967
0.24999
0.10983
0.10944
0.13632
0.14131
0.13853
0.13786
0.16405
0.16682
0.15427
0.18434
0.18013
0.19356
0.25997
0.14695
0.1781
0.17961
0.1735
0.14476
0.15993
0.16617
