0.078339
0.22323
0.16845
0.17911
0.047628
0.078794
0.078236
0.05183
0.050564
0.028969
0.022917
0.024463
0.22324
0.019257
0.058819
0.085323
0.031488
0.07153
0.067729
0.10999
0.010176
0.0085678
0.021027
0.021511
0.012864
0.077186
0.0043515
0.17197
0.13541
0.0065052
0.032381
0.0017701
0.17252
0.17573
0.0061584
0.19595
0.091385
0.098727
0.028355
0.01787
0.037016
0.014031
0.064937
0.42687
0.0076815
0.27429
0.16672
0.24307
0.44406
0.10495
0.30059
0.12648
0.11767
0.15211
0.17501
0.13907
0.62737
-0.27478
-1.2807
-0.40882
-0.57683
-0.58187
-0.37498
-0.4008
-0.30194
-0.93802
-0.31074
-0.52599
-0.43677
