0,0,0,0,0,0,0,0,0,0,0,1.2206,1.0971,0,0,0,0,0,0,0,0,0.91522,0.69076,0,0,0,0,0,0,0,0,0.26184,0.2547,0,0,0,0,0,0,0,0.99877,0.70785,0.30974,0,0,0,0,0,0,0,1.7471,1.4109,1.343,0,0,0,0,0,0,0,0,0,0,0,0,0,0,0,0,0,0,0,0,0,0,0,0,0,0,0,0,0,0,0,0,0,0,0,0,0,0,0,0,0,0,0,0,0,0,0
0,0,0,0,0,0,0,0,0,0,0,1.2331,1.0319,0,0,0,0,0,0,0,0,1.0025,0.74945,0,0,0,0,0,0,0,0,0.15268,0.2936,0,0,0,0,0,0,0,0.97881,0.81721,0.28592,0,0,0,0,0,0,0,1.7491,1.4187,1.2336,0,0,0,0,0,0,0,0,0,0,0,0,0,0,0,0,0,0,0,0,0,0,0,0,0,0,0,0,0,0,0,0,0,0,0,0,0,0,0,0,0,0,0,0,0,0,0
0,0,0,0,0,0,0,0,0,0,0,0,0,0,0,0,0,0,0,0,0,0,0,0,0,0,0,0,0,0,0,0,0,0,0,0,0,0,0,0,0,0,0,0,0,0,0,0,0,0,1.7494,1.4285,1.3414,0,0,0,0,0,0,0,0,0,0,0,0,0,0,0,0,0,0,0,0,0,0,0,0,0,0,0,0,0,0,0,0,0,0,0,0,0,0,0,0,0,0,0,0,0,0,0
0,0,0,0,0,0,0,0,0,0,0,0,0,0,0,0,0,0,0,0,0,0,0,0,0,0,0,0,0,0,0,0,0,0,0,0,0,0,0,0,0,0,0,0,0,0,0,0,0,0,1.7494,1.429,1.3418,0,0,0,0,0,0,0,0,0,0,0,0,0,0,0,0,0,0,0,0,0,0,0,0,0,0,0,0,0,0,0,0,0,0,0,0,0,0,0,0,0,0,0,0,0,0,0
0,0,0,0,0,0,0,0,0,0,0,0,0,0,0,0,0,0,0,0,0,0,0,0,0,0,0,0,0,0,0,0,0,0,0,0,0,0,0,0,0,0,0,0,0,0,0,0,0,0,1.5926,1.3032,1.34,0,0,0,0,0,0,0,1.94,1.4504,0,0,0,0,0,0,0,0,0,0,0,0,0,0,0,0,0,0,0,0,0,0,0,0,0,0,0,0,0,0,0,0,0,0,0,0,0,0
0,0,0,0,0,0,0,0,0,0,0,0,0,0,0,0,0,0,0,0,0,0,0,0,0,0,0,0,0,0,0,0,0,0,0,0,0,0,0,0,0,0,0,0,0,0,0,0,0,0,1.7131,1.3748,1.1788,0,0,0,0,0,0,0,2.2136,1.6226,1.336,0,0,0,0,0,0,0,0,0,0,0,0,0,0,0,0,0,0,0,0,0,0,0,0,0,0,0,0,0,0,0,0,0,0,0,0,0
0,0,0,0,0,0,0,0,0,0,0,0,0,0,0,0,0,0,0,0,0,0,0,0,0,0,0,0,0,0,0,0,0,0,0,0,0,0,0,0,0,0,0,0,0,0,0,0,0,0,1.7456,1.4131,1.3395,0,0,0,0,0,0,0,0,1.6271,1.2925,0,0,0,0,0,0,0,0,0,0,0,0,0,0,0,0,0,0,0,0,0,0,0,0,0,0,0,0,0,0,0,0,0,0,0,0,0
0,0,0,0,0,0,0,0,0,0,0,0,0,0,0,0,0,0,0,0,0,0,0,0,0,0,0,0,0,0,0,0,0,0,0,0,0,0,0,0,0,0,0,0,0,0,0,0,0,0,1.5144,1.3633,1.3306,0,0,0,0,0,0,0,1.9618,1.5092,0,0,0,0,0,0,0,0,0,0,0,0,0,0,0,0,0,0,0,0,0,0,0,0,0,0,0,0,0,0,0,0,0,0,0,0,0,0
0,0,0,0,0,0,0,0,0,0,0,1.3026,1.057,0,0,0,0,0,0,0,0,0.9046,0.7769,0,0,0,0,0,0,0,0.9832,0.20554,0.23381,0,0,0,0,0,0,0,0.99878,0.57504,0.47141,0,0,0,0,0,0,0,1.7457,1.4106,1.2592,0,0,0,0,0,0,0,0,0,0,0,0,0,0,0,0,0,0,0,0,0,0,0,0,0,0,0,0,0,0,0,0,0,0,0,0,0,0,0,0,0,0,0,0,0,0,0
0,0,0,0,0,0,0,0,0,0,0,1.2904,1.0779,0,0,0,0,0,0,0,0,0.90861,0.7569,0,0,0,0,0,0,0,0.40635,0.18086,0.29134,0,0,0,0,0,0,0,0.98831,0.55332,0.49201,0,0,0,0,0,0,0,1.745,1.4079,1.209,0,0,0,0,0,0,0,0,0,0,0,0,0,0,0,0,0,0,0,0,0,0,0,0,0,0,0,0,0,0,0,0,0,0,0,0,0,0,0,0,0,0,0,0,0,0,0
0,0,0,0,0,0,0,0,0,0,0,1.3119,1.1009,0,0,0,0,0,0,0,0,0.91335,0.80315,0,0,0,0,0,0,0,0,0.18743,0.26986,0,0,0,0,0,0,0,0.99496,0.61969,0.39009,0,0,0,0,0,0,0,1.7433,1.4126,1.2694,0,0,0,0,0,0,0,0,0,0,0,0,0,0,0,0,0,0,0,0,0,0,0,0,0,0,0,0,0,0,0,0,0,0,0,0,0,0,0,0,0,0,0,0,0,0,0
0,0,0,0,0,0,0,0,0,0,0,1.2775,1.0715,0,0,0,0,0,0,0,2.5888,0.93219,0.74395,0,0,0,0,0,0,0,0,0.17214,0.25013,0,0,0,0,0,0,0,0.98939,0.70494,0.29169,0,0,0,0,0,0,0,1.7443,1.4132,1.3228,0,0,0,0,0,0,0,0,0,0,0,0,0,0,0,0,0,0,0,0,0,0,0,0,0,0,0,0,0,0,0,0,0,0,0,0,0,0,0,0,0,0,0,0,0,0,0
0,0,0,0,0,0,0,0,0,0,0,1.2241,1.2155,0,0,0,0,0,0,0,0,0.89811,0.66029,0,0,0,0,0,0,0,0,0.2433,0.21237,0,0,0,0,0,0,0,0.98911,0.66303,0.34994,0,0,0,0,0,0,0,1.7417,1.4057,1.3274,0,0,0,0,0,0,0,0,0,0,0,0,0,0,0,0,0,0,0,0,0,0,0,0,0,0,0,0,0,0,0,0,0,0,0,0,0,0,0,0,0,0,0,0,0,0,0
0,0,0,0,0,0,0,0,0,0,0,1.3245,1.0644,0,0,0,0,0,0,0,0,0.91513,0.79909,0,0,0,0,0,0,0,0,0.17855,0.30235,0,0,0,0,0,0,0,0.93676,0.42139,0.40797,0,0,0,0,0,0,0,1.2693,1.0013,0.99716,0,0,0,0,0,0,0,0,1.6529,0,0,0,0,0,0,0,0,0,0,0,0,0,0,0,0,0,0,0,0,0,0,0,0,0,0,0,0,0,0,0,0,0,0,0,0,0,0
0,0,0,0,0,0,0,0,0,0,0,1.3222,1.0793,0,0,0,0,0,0,0,0,1.0991,0.74861,0,0,0,0,0,0,0,0,1.2122,0.26344,0,0,0,0,0,0,0,0.94945,0.91972,0.25808,0,0,0,0,0,0,0,1.3978,1.1764,1.063,0,0,0,0,0,0,0,0,0,0,0,0,0,0,0,0,0,0,0,0,0,0,0,0,0,0,0,0,0,0,0,0,0,0,0,0,0,0,0,0,0,0,0,0,0,0,0
0,0,0,0,0,0,0,0,0,0,0,1.5655,1.5644,2.4999,0,0,0,0,0,0,0,1.462,1.0723,0,0,0,0,0,0,0,0,0.68006,0.41039,0,0,0,0,0,0,0,0.9835,0.87065,0.32013,0,0,0,0,0,0,0,0,0,0,0,0,0,0,0,0,0,0,0,0,0,0,0,0,0,0,0,0,0,0,0,0,0,0,0,0,0,0,0,0,0,0,0,0,0,0,0,0,0,0,0,0,0,0,0,0,0
0,0,0,0,0,0,0,0,0,0,0,1.4105,1.4781,2.3855,0,0,0,0,0,0,0,0.97016,1.1024,2.2777,0,0,0,0,0,0,0,0.6651,0.45282,0.67494,0,0,0,0,0,0,0.99893,0.90181,0.42029,0,0,0,0,0,0,0,0,0,0,0,0,0,0,0,0,0,0,0,0,0,0,0,0,0,0,0,0,0,0,0,0,0,0,0,0,0,0,0,0,0,0,0,0,0,0,0,0,0,0,0,0,0,0,0,0,0
0,0,0,0,0,0,0,0,0,0,0,1.3645,1.4495,2.4434,0,0,0,0,0,0,0,1.6046,1.036,0,0,0,0,0,0,0,0,0.56252,0.41669,0,0,0,0,0,0,0,0.97498,0.89894,0.40522,0,0,0,0,0,0,0,0,0,0,0,0,0,0,0,0,0,0,0,0,0,0,0,0,0,0,0,0,0,0,0,0,0,0,0,0,0,0,0,0,0,0,0,0,0,0,0,0,0,0,0,0,0,0,0,0,0
0,0,0,0,0,0,0,0,0,0,0,1.3366,1.5042,0,0,0,0,0,0,0,0,1.4468,1.0571,0,0,0,0,0,0,0,0.8358,0.81659,0.45325,0,0,0,0,0,0,0,0.99643,0.89489,0.36903,0,0,0,0,0,0,0,0,0,0,0,0,0,0,0,0,0,0,0,0,0,0,0,0,0,0,0,0,0,0,0,0,0,0,0,0,0,0,0,0,0,0,0,0,0,0,0,0,0,0,0,0,0,0,0,0,0
0,0,0,0,0,0,0,0,0,0,0,1.6448,1.4104,2.0935,0,0,0,0,0,0,0,1.4846,1.0367,0,0,0,0,0,0,0,0,0.64272,0.40094,0,0,0,0,0,0,0,0.84053,0.80091,0.26015,0,0,0,0,0,0,0,0,1.0455,0.92952,0,0,0,0,0,0,0,0,0,0,0,0,0,0,0,0,0,0,0,0,0,0,0,0,0,0,0,0,0,0,0,0,0,0,0,0,0,0,0,0,0,0,0,0,0,0,0
0,0,0,0,0,0,0,0,0,0,0,1.3501,1.0597,0,0,0,0,0,0,0,0,0.9718,0.72122,0,0,0,0,0,0,0,0,0.33929,0.25522,0,0,0,0,0,0,0,0.9967,0.90251,0.20767,0,0,0,0,0,0,0,1.7388,1.4129,1.1964,0,0,0,0,0,0,0,0,0,0,0,0,0,0,0,0,0,0,0,0,0,0,0,0,0,0,0,0,0,0,0,0,0,0,0,0,0,0,0,0,0,0,0,0,0,0,0
0,0,0,0,0,0,0,0,0,0,0,1.6575,1.4291,2.1483,0,0,0,0,0,0,0,1.2943,1.0411,0,0,0,0,0,0,0,0,0.73819,0.42616,0,0,0,0,0,0,0,0.95063,0.90158,0.46235,0,0,0,0,0,0,0,0,0,0,0,0,0,0,0,0,0,0,0,0,0,0,0,0,0,0,0,0,0,0,0,0,0,0,0,0,0,0,0,0,0,0,0,0,0,0,0,0,0,0,0,0,0,0,0,0,0
0,0,0,0,0,0,0,0,0,0,3.8293,1.3755,1.4575,0,0,0,0,0,0,0,0,1.1945,1.0339,0,0,0,0,0,0,0,0,0.79315,0.38062,0,0,0,0,0,0,0,0.97731,0.90095,0.50468,0,0,0,0,0,0,0,0,0,0,0,0,0,0,0,0,0,0,0,0,0,0,0,0,0,0,0,0,0,0,0,0,0,0,0,0,0,0,0,0,0,0,0,0,0,0,0,0,0,0,0,0,0,0,0,0,0
0,0,0,0,0,0,0,0,0,0,0,1.2003,1.1077,0,0,0,0,0,0,0,0,0.91154,0.80576,0,0,0,0,0,0,0,0,0.15609,0.23549,0,0,0,0,0,0,0,0.99446,0.63578,0.34606,0,0,0,0,0,0,0,1.7476,1.4114,1.3057,0,0,0,0,0,0,0,0,0,0,0,0,0,0,0,0,0,0,0,0,0,0,0,0,0,0,0,0,0,0,0,0,0,0,0,0,0,0,0,0,0,0,0,0,0,0,0
0,0,0,0,0,0,0,0,0,0,0,1.2714,1.0406,0,0,0,0,0,0,0,0,0.96337,0.74475,0,0,0,0,0,0,0,0,0.23238,0.28359,0,0,0,0,0,0,0,0.96978,0.55447,0.58436,0,0,0,0,0,0,0,1.7497,1.4055,1.3138,0,0,0,0,0,0,0,0,0,0,0,0,0,0,0,0,0,0,0,0,0,0,0,0,0,0,0,0,0,0,0,0,0,0,0,0,0,0,0,0,0,0,0,0,0,0,0
0,0,0,0,0,0,0,0,0,0,0,0,0,0,0,0,0,0,0,0,0,0,0,0,0,0,0,0,0,0,0,0,0,0,0,0,0,0,0,0,0,0,0,0,0,0,0,0,0,0,1.7494,1.4289,1.3413,0,0,0,0,0,0,0,0,0,0,0,0,0,0,0,0,0,0,0,0,0,0,0,0,0,0,0,0,0,0,0,0,0,0,0,0,0,0,0,0,0,0,0,0,0,0,0
0,0,0,0,0,0,0,0,0,0,0,0,0,0,0,0,0,0,0,0,0,0,0,0,0,0,0,0,0,0,0,0,0,0,0,0,0,0,0,0,0,0,0,0,0,0,0,0,0,0,1.7494,1.4287,1.341,0,0,0,0,0,0,0,0,0,0,0,0,0,0,0,0,0,0,0,0,0,0,0,0,0,0,0,0,0,0,0,0,0,0,0,0,0,0,0,0,0,0,0,0,0,0,0
0,0,0,0,0,0,0,0,0,0,0,0,0,0,0,0,0,0,0,0,0,0,1.5074,0,0,0,0,0,0,0,1.443,1.0698,1.0857,1.019,0,0,0,0,0,0,0,0.010265,0,0.30244,0,0,0,0,0,0,1.6234,0.52907,0.42632,0.91601,0,0,0,0,0,0,0,0.95953,0.89053,0.97096,0,0,0,0,0,0,0,0,2.1206,1.9712,0,0,0,0,0,0,0,0,0,0,0,0,0,0,0,0,0,0,0,0,0,0,0,0,0,0
0,0,0,0,0,0,0,0,0,0,0,0,0,0,0,0,0,0,0,0,0,0,1.829,0,0,0,0,0,0,0,1.4427,1.1872,1.0585,0.93254,0,0,0,0,0,0,0,0.08682,0,0.15623,0,0,0,0,0,0,0,0.64925,0.40485,0.71403,0,0,0,0,0,0,0,0,0.8958,1.0587,1.2725,0,0,0,0,0,0,0,1.2959,0,0,0,0,0,0,0,0,0,0,0,0,0,0,0,0,0,0,0,0,0,0,0,0,0,0,0
0,0,0,0,0,0,0,0,0,0,0,0,0,0,0,0,0,0,0,0,0,0,0,0,0,0,0,0,0,0,1.4715,1.114,1.1499,1.1099,0,0,0,0,0,0,0.9963,0.43312,0.61216,0.53874,0,0,0,0,0,0,0,0.42493,0.43252,0.74752,0,0,0,0,0,0,0,0.95674,1.0301,1.2473,0,0,0,0,0,0,0,3.6668,2.0746,2.0002,0,0,0,0,0,0,0,0,0,0,0,0,0,0,0,0,0,0,0,0,0,0,0,0,0,0
0,0,0,0,0,0,0,0,0,0,0,0,0,0,0,0,0,0,0,0,0,0,0,0,0,0,0,0,0,0,1.4619,1.219,1.3475,1.4966,0,0,0,0,0,0,0.97978,0.82497,0.79183,0.63964,0,0,0,0,0,0,0,0.40535,0.44014,0.74542,0,0,0,0,0,0,0,0.91593,1.1298,1.2735,0,0,0,0,0,0,0,3.8263,2.0996,1.9254,0,0,0,0,0,0,0,0,0,0,0,0,0,0,0,0,0,0,0,0,0,0,0,0,0,0
0,0,0,0,0,0,0,0,0,0,0,0,0,0,0,0,0,0,0,0,0,0,0,1.2009,0,0,0,0,0,0,0,1.1671,1.0079,0.91412,0,0,0,0,0,0,0,0.93354,0.10511,0.84066,0,0,0,0,0,0,0,0.58844,0.43883,0.78449,0,0,0,0,0,0,0,0,1.0983,0.98223,0,0,0,0,0,0,0,0,2.4295,1.5242,0,0,0,0,0,0,0,0,0,0,0,0,0,0,0,0,0,0,0,0,0,0,0,0,0,0
0,0,0,0,0,0,0,0,0,0,0,0,0,0,0,0,0,0,0,0,0,0,0.76806,0,0,0,0,0,0,0,0.77037,0.46836,0.43762,0,0,0,0,0,0,0,0.02328,0,0,0,0,0,0,0,0,0,0.81194,0.50934,0.33703,0,0,0,0,0,0,0,1.3768,0.95593,0.7621,0,0,0,0,0,0,0,3.0431,2.3474,1.486,0,0,0,0,0,0,0,0,0,0,0,0,0,0,0,0,0,0,0,0,0,0,0,0,0,0,0
0,0,0,0,0,0,0,0,0,0,0,0,0,0,0,0,0,0,0,0,0,0,0,0,0,0,0,0,0,0,1.4736,1.2245,1.2506,0,0,0,0,0,0,0,0.97387,0.93661,0.93072,0.42148,0,0,0,0,0,0,0,0,0.65854,0,0,0,0,0,0,0,0,0,1.481,1.5337,0,0,0,0,0,0,0,0,0,0,0,0,0,0,0,0,0,0,0,0,0,0,0,0,0,0,0,0,0,0,0,0,0,0,0,0
0,0,0,0,0,0,0,0,0,0,0,0,0,0,0,0,0,0,0,0,0,0,0,0,0,0,0,0,0,0,1.4648,1.2202,1.2955,1.4731,0,0,0,0,0,0,0.99302,0.53548,0.78566,0.55999,0,0,0,0,0,0,0,0.4358,0.46769,0.8664,0,0,0,0,0,0,0,0.93172,1.1352,1.1845,0,0,0,0,0,0,0,0,2.0818,1.6926,0,0,0,0,0,0,0,0,0,0,0,0,0,0,0,0,0,0,0,0,0,0,0,0,0,0
0,0,0,0,0,0,0,0,0,0,0,0,0,0,0,0,0,0,0,0,0,2.0569,1.4019,2.0041,0,0,0,0,0,0,1.4249,1.1633,0.94965,0.79467,0,0,0,0,0,0,0,0,0.014729,0.41516,0,0,0,0,0,0,0,0,0.8357,1.0427,0,0,0,0,0,0,0,0,0,0,0,0,0,0,0,0,0,0,0,0,0,0,0,0,0,0,0,0,0,0,0,0,0,0,0,0,0,0,0,0,0,0,0,0,0,0
0,0,0,0,0,0,0,0,0,0,0,0,0,0,0,0,0,0,0,0,0,1.3603,1.5153,1.9442,0,0,0,0,0,0,1.3524,0.94415,1.0201,1.0008,0,0,0,0,0,0,0,0.17543,0.2946,0.40187,0,0,0,0,0,0,0,0.4955,0.57362,0.87775,0,0,0,0,0,0,0,1.1163,0.96471,0.98979,0,0,0,0,0,0,0,0,0,0,0,0,0,0,0,0,0,0,0,0,0,0,0,0,0,0,0,0,0,0,0,0,0,0,0,0
0,0,0,0,0,0,0,0,0,0,0,0,0,0,0,0,0,0,0,0,2.4927,1.7043,1.4233,1.6176,2.4557,0,0,0,0,0,1.3843,0.99165,0.98568,1.1404,0,0,0,0,0,0,0,0.25504,0.28085,0.45426,0,0,0,0,0,0,0,0.72073,0.63833,0.95305,1.3732,0,0,0,0,0,0,0,1.1738,1.0946,0,0,0,0,0,0,0,0,0,0,0,0,0,0,0,0,0,0,0,0,0,0,0,0,0,0,0,0,0,0,0,0,0,0,0,0
0,0,0,0,0,0,0,0,0,0,0,0,0,0,0,0,0,0,0,0,1.599,1.8191,1.3112,1.7909,0,0,0,0,0,0,1.3302,0.91531,1.0401,1.1836,1.0815,0,0,0,0,0,0,0.38056,0.32544,0.45734,0,0,0,0,0,0,0,0.82199,0.74806,0.9852,0,0,0,0,0,0,0,1.4744,0.99628,1.0785,0,0,0,0,0,0,0,0,0,0,0,0,0,0,0,0,0,0,0,0,0,0,0,0,0,0,0,0,0,0,0,0,0,0,0,0
0,0,0,0,0,0,0,0,0,0,0,0,0,0,0,0,0,0,0,0,0,1.8819,1.4452,1.8423,0,0,0,0,0,0,1.4456,1.114,0.92422,1.1344,0,0,0,0,0,0,0,0,0.16015,0.58445,0,0,0,0,0,0,0,0,0.92194,1.1706,0,0,0,0,0,0,0,0,0,0,0,0,0,0,0,0,0,0,0,0,0,0,0,0,0,0,0,0,0,0,0,0,0,0,0,0,0,0,0,0,0,0,0,0,0,0
0,0,0,0,0,0,0,0,0,0,0,0,0,0,0,0,0,0,0,0,2.4559,1.43,1.2935,1.8411,0,0,0,0,0,0,1.0776,0.74335,0.8761,1.0551,0.73548,0,0,0,0,0,0.35025,0.0435,0,0.32519,0.43275,0,0,0,0,0,0,0.98657,0.51109,0.72693,0,0,0,0,0,0,0,0,0.83898,0.99149,0,0,0,0,0,0,0,0,0,0,0,0,0,0,0,0,0,0,0,0,0,0,0,0,0,0,0,0,0,0,0,0,0,0,0,0
0,0,0,0,0,0,0,0,0,0,0,0,0,0,0,0,0,0,0,0,2.561,1.539,1.3175,0,0,0,0,0,0,0,0.78655,0.46235,0.61094,0,0,0,0,0,0,0,0.24019,0.10925,0.12862,0.75328,0,0,0,0,0,0,0.90893,0.5437,0.45047,0,0,0,0,0,0,0,1.3787,1.0976,0.89252,0.66966,0,0,0,0,0,0,0,0,0,0,0,0,0,0,0,0,0,0,0,0,0,0,0,0,0,0,0,0,0,0,0,0,0,0,0,0
0,0,0,0,0,0,0,0,0,0,0,0,0,0,0,0,0,0,0,0,2.7242,1.5562,1.4363,2.1258,0,0,0,0,0,0,1.1704,0.83377,0.96622,1.346,0,0,0,0,0,0,0,0.17164,0.078404,1.0083,0,0,0,0,0,0,0,0.68587,0.69423,1.4727,0,0,0,0,0,0,0,1.0548,0.7979,0.50876,0,0,0,0,0,0,0,0,0,0,0,0,0,0,0,0,0,0,0,0,0,0,0,0,0,0,0,0,0,0,0,0,0,0,0,0
0,0,0,0,0,0,0,0,0,0,0,0,0,0,0,0,0,0,0,0,0,2.0151,1.5136,0,0,0,0,0,0,0,1.4748,1.212,1.1178,1.0127,0,0,0,0,0,0,0,0.20865,0,0.18533,0,0,0,0,0,0,1.1426,0,0.64354,1.0017,1.3988,0,0,0,0,0,0,0,1.019,0.88892,0,0,0,0,0,0,0,0,0,1.5625,0,0,0,0,0,0,0,0,0,0,0,0,0,0,0,0,0,0,0,0,0,0,0,0,0,0
0,0,0,0,0,0,0,0,0,0,0,0,0,0,0,0,0,0,0,0,0,1.5121,1.5146,0,0,0,0,0,0,0,1.2441,0.85112,0.86756,1.0932,0,0,0,0,0,0,0,0,0,0.26765,0,0,0,0,0,0,0,0.56058,0.46132,0.7837,0,0,0,0,0,0,0,1.6914,0.87159,0.82134,0,0,0,0,0,0,0,0,1.5877,0,0,0,0,0,0,0,0,0,0,0,0,0,0,0,0,0,0,0,0,0,0,0,0,0,0,0
0,0,0,0,0,0,0,0,0,0,0,0,0,0,0,0,0,0,0,0,1.9215,1.1795,1.5529,2.0951,0,0,0,0,0,0,0.77572,0.46836,0.54012,0,0,0,0,0,0,0,0.11879,0,0,0,0,0,0,0,0,0,0.80233,0.49201,0.37721,0,0,0,0,0,0,0,1.3696,0.99365,0.72171,0,0,0,0,0,0,0,3.2998,2.2155,1.3127,0,0,0,0,0,0,0,0,0,0,0,0,0,0,0,0,0,0,0,0,0,0,0,0,0,0,0
0,0,0,0,0,0,0,0,0,0,0,0,0,0,0,0,0,0,0,0,0,1.9964,1.6175,0,0,0,0,0,0,0,1.4518,1.1763,1.0443,1.1427,0,0,0,0,0,0,0,0.03136,0,0.29168,0,0,0,0,0,0,0.74732,0.57852,0.51651,0.97505,0,0,0,0,0,0,0,1.0794,0.91384,0.81946,0,0,0,0,0,0,0,0,2.085,1.8781,0,0,0,0,0,0,0,0,0,0,0,0,0,0,0,0,0,0,0,0,0,0,0,0,0,0
0,0,0,0,0,0,0,0,0,0,0,0,0,0,0,0,0,0,0,0,0,0,0,0,0,0,0,0,0,0,1.461,1.1185,1.0655,0.99781,0,0,0,0,0,0,0.9961,0.45685,0.67004,0.40444,0,0,0,0,0,0,0,0.42907,0.39801,0.76974,0,0,0,0,0,0,0,0.92549,1.0252,1.2497,0,0,0,0,0,0,0,0,2.0519,1.9619,0,0,0,0,0,0,0,0,0,0,0,0,0,0,0,0,0,0,0,0,0,0,0,0,0,0
0,0,0,0,0,0,0,0,0,0,0,0,0,0,0,0,0,0,0,0,0,0,0,0,0,0,0,0,0,0,1.4722,1.0738,1.1506,0.7937,0,0,0,0,0,0,0.99741,0.5261,0.66016,0.56975,0,0,0,0,0,0,0.78751,0.42461,0.31495,0.75266,0,0,0,0,0,0,0,0.96628,1.0813,1.2971,0,0,0,0,0,0,0,2.4986,2.0957,1.984,0,0,0,0,0,0,0,0,0,0,0,0,0,0,0,0,0,0,0,0,0,0,0,0,0,0
0,0,0,0,0,0,0,0,0,0,0,1.9196,1.1147,1.0759,1.271,0,0,0,0,0,0,1.9418,0.69041,0.92169,0,0,0,0,0,0,0,1.0792,0.25728,0.41246,0.62483,0,0,0,0,0,0.98339,0.91688,0.85383,1.0181,1.2368,0,0,0,0,0,0,0,0,0,0,0,0,0,0,0,0,0,0,0,0,0,0,0,0,0,0,0,0,0,0,0,0,0,0,0,0,0,0,0,0,0,0,0,0,0,0,0,0,0,0,0,0,0,0,0
0,0,0,0,0,0,0,0,0,0,0,0,0.99629,1.0341,0,0,0,0,0,0,0,0.87888,0.73456,0.87889,0,0,0,0,0,0,0,0,0.23081,0.36952,0,0,0,0,0,0,0.98784,0.83491,0.91584,0.78175,0,0,0,0,0,0,0,1.0733,1.0068,1.1007,0,0,0,0,0,0,0,0,0,0,0,0,0,0,0,0,0,0,0,0,0,0,0,0,0,0,0,0,0,0,0,0,0,0,0,0,0,0,0,0,0,0,0,0,0,0
0,0,0,0,0,0,0,0,0,0,0,0,1.7838,1.0224,0,0,0,0,0,0,0,0,1.4247,0.87822,0,0,0,0,0,0,0,0.29563,0,0.366,0,0,0,0,0,0,0.9917,0.83593,0.97129,0.88088,1.4394,0,0,0,0,0,0,0,0,0,0,0,0,0,0,0,0,0,0,0,0,0,0,0,0,0,0,0,0,0,0,0,0,0,0,0,0,0,0,0,0,0,0,0,0,0,0,0,0,0,0,0,0,0,0,0
0,0,0,0,0,0,0,0,0,0,0,0,0,0,0,0,0,0,0,0,0,0,0,0,0,0,0,0,0,0,0,0,0,0,0,0,0,0,0,0,0.98404,0.92588,1.0073,1.1794,0,0,0,0,0,0,1.7338,1.1545,1.1222,1.5336,0,0,0,0,0,0,0,0,0,0,0,0,0,0,0,0,0,0,0,0,0,0,0,0,0,0,0,0,0,0,0,0,0,0,0,0,0,0,0,0,0,0,0,0,0,0
0,0,0,0,0,0,0,0,0,0,0,0,0,0,0,0,0,0,0,0,0,0,0,0,0,0,0,0,0,0,0,0,0,0,0,0,0,0,0,0,1.0014,0.89273,0.97568,1.1396,0,0,0,0,0,0,0,1.2225,0.97851,1.433,0,0,0,0,0,0,0,0,0,0,0,0,0,0,0,0,0,0,0,0,0,0,0,0,0,0,0,0,0,0,0,0,0,0,0,0,0,0,0,0,0,0,0,0,0,0
0,0,0,0,0,0,0,0,0,0,0,0,0,0,0,0,0,0,0,0,0,0,0,0,0,0,0,0,0,0,0,0,0,0,0,0,0,0,0,0,1.0011,0.94492,1.0193,1.2054,0,0,0,0,0,0,0,1.3824,1.0406,0,0,0,0,0,0,0,0,1.822,0,0,0,0,0,0,0,0,0,0,0,0,0,0,0,0,0,0,0,0,0,0,0,0,0,0,0,0,0,0,0,0,0,0,0,0,0,0
0,0,0,0,0,0,0,0,0,0,3.2326,1.6664,1.2249,1.1115,1.3282,0,0,0,0,0,2.3891,1.0912,0.80987,1.0168,1.1554,0,0,0,0,0,1.1551,0.81207,0.72184,0.72867,1.2266,0,0,0,0,0,0.90793,0.34053,0.11745,0,0,0,0,0,0,0,0,0,0,0,0,0,0,0,0,0,0,0,0,0,0,0,0,0,0,0,0,0,0,0,0,0,0,0,0,0,0,0,0,0,0,0,0,0,0,0,0,0,0,0,0,0,0,0,0,0
0,0,0,0,0,0,0,0,0,0,0,1.328,1.6995,1.2387,1.0966,0,0,0,0,0,0,1.5784,1.1943,1.0154,1.2138,0,0,0,0,0,1.4168,1.1094,1.2608,0.787,0.82257,0,0,0,0,0,0,0.43897,0,1.0349,0,0,0,0,0,0,0,0,0,0,0,0,0,0,0,0,0,0,0,0,0,0,0,0,0,0,0,0,0,0,0,0,0,0,0,0,0,0,0,0,0,0,0,0,0,0,0,0,0,0,0,0,0,0,0,0
0,0,0,0,0,0,0,0,0,0,3.1028,1.7132,1.1991,1.1254,1.3617,0,0,0,0,0,2.1202,1.1008,0.80495,0.97876,1.1735,0,0,0,0,0,1.3408,0.80107,0.70176,0.77462,0.90326,0,0,0,0,0,0.91101,0.81774,0.56361,0,0,0,0,0,0,0,0,0,0,0,0,0,0,0,0,0,0,0,0,0,0,0,0,0,0,0,0,0,0,0,0,0,0,0,0,0,0,0,0,0,0,0,0,0,0,0,0,0,0,0,0,0,0,0,0,0
0,0,0,0,0,0,0,0,0,0,2.914,1.4771,1.2044,1.2081,1.335,0,0,0,0,0,2.2944,1.0283,0.84007,1.0231,1.1238,0,0,0,0,0,1.1902,0.88383,0.6568,0.64953,1.2886,0,0,0,0,0,0,0.89549,0.47163,0,0,0,0,0,0,0,0,0,0,0,0,0,0,0,0,0,0,0,0,0,0,0,0,0,0,0,0,0,0,0,0,0,0,0,0,0,0,0,0,0,0,0,0,0,0,0,0,0,0,0,0,0,0,0,0,0
0,0,0,0,0,0,0,0,0,0,0,2.5006,1.0935,1.1304,0,0,0,0,0,0,2.8678,1.5136,0.69648,0.9102,1.3428,0,0,0,0,0,0,0.46516,0.23906,0.42084,0.82039,0,0,0,0,0,0.9924,0.93868,0.85052,1.0011,1.565,0,0,0,0,0,0,0,0,0,0,0,0,0,0,0,0,0,0,0,0,0,0,0,0,0,0,0,0,0,0,0,0,0,0,0,0,0,0,0,0,0,0,0,0,0,0,0,0,0,0,0,0,0,0,0
0,0,0,0,0,0,0,0,0,0,0,0,0,1.041,0,0,0,0,0,0,0,0,0,0.94791,0,0,0,0,0,0,0,0,0,0.34791,0,0,0,0,0,0,1.0013,0.94333,1.0206,1.1501,0,0,0,0,0,0,0,0,0,0,0,0,0,0,0,0,0,0,0,0,0,0,0,0,0,0,0,0,0,0,0,0,0,0,0,0,0,0,0,0,0,0,0,0,0,0,0,0,0,0,0,0,0,0,0,0
0,0,0,0,0,0,0,0,0,0,0,0,0,0,0,0,0,0,0,0,0,0,0,0,0,0,0,0,0,0,0,0,0,0.43799,0,0,0,0,0,0,1.0011,0.94508,1.0205,1.1334,0,0,0,0,0,0,0,0,0,0,0,0,0,0,0,0,0,0,0,0,0,0,0,0,0,0,0,0,0,0,0,0,0,0,0,0,0,0,0,0,0,0,0,0,0,0,0,0,0,0,0,0,0,0,0,0
0,0,0,0,0,0,0,0,0,0,0,0,0,0,0,0,0,0,0,0,0,0,0,0,0,0,0,0,0,0,0,0,0,0.43895,0,0,0,0,0,0,1.001,0.94196,1.0205,1.1387,0,0,0,0,0,0,0,0,0,0,0,0,0,0,0,0,0,0,0,0,0,0,0,0,0,0,0,0,0,0,0,0,0,0,0,0,0,0,0,0,0,0,0,0,0,0,0,0,0,0,0,0,0,0,0,0
0,0,0,0,0,0,0,0,0,0,0,0,0,1.199,0,0,0,0,0,0,0,0,0,1.0892,0,0,0,0,0,0,0,0,0,0.47007,0,0,0,0,0,0,1.0011,0.94542,1.0205,1.1392,0,0,0,0,0,0,0,0,0,0,0,0,0,0,0,0,0,0,0,0,0,0,0,0,0,0,0,0,0,0,0,0,0,0,0,0,0,0,0,0,0,0,0,0,0,0,0,0,0,0,0,0,0,0,0,0
0,0,0,0,0,0,0,0,0,0,3.4764,1.9436,1.3316,1.1603,1.3614,0,0,0,0,0,2.6147,1.5302,0.91504,1.0708,1.1825,0,0,0,0,0,0,0.66452,0.47767,0.59902,1.1842,0,0,0,0,0,0,0,0.75398,1.063,0,0,0,0,0,0,0,0,0,0,0,0,0,0,0,0,0,0,0,0,0,0,0,0,0,0,0,0,0,0,0,0,0,0,0,0,0,0,0,0,0,0,0,0,0,0,0,0,0,0,0,0,0,0,0,0
0,0,0,0,0,0,0,0,0,0,0,2.0134,1.4316,1.2366,1.5212,0,0,0,0,0,1.6573,1.2491,0.92204,1.0905,1.1911,0,0,0,0,0,0,0.75876,0.49899,0.665,0.65168,0,0,0,0,0,0,0,0.089439,0,0,0,0,0,0,0,0,0,0,0,0,0,0,0,0,0,0,0,0,0,0,0,0,0,0,0,0,0,0,0,0,0,0,0,0,0,0,0,0,0,0,0,0,0,0,0,0,0,0,0,0,0,0,0,0,0
0,0,0,0,0,0,0,0,0,0,0,1.8689,1.1013,1.0557,0,0,0,0,0,0,0,2.2682,0.7076,0.9363,0,0,0,0,0,0,0,0.41353,0.24793,0.40765,0,0,0,0,0,0,0.98247,0.92362,0.82806,1.0693,1.5858,0,0,0,0,0,0,0,0,0,0,0,0,0,0,0,0,0,0,0,0,0,0,0,0,0,0,0,0,0,0,0,0,0,0,0,0,0,0,0,0,0,0,0,0,0,0,0,0,0,0,0,0,0,0,0
0,0,0,0,0,0,0,0,0,0,2.7743,1.667,1.2833,1.1366,1.4521,0,0,0,0,0,2.5427,1.3133,0.90252,1.0754,1.309,0,0,0,0,0,0.92712,0.50861,0.47042,0.41862,1.1777,0,0,0,0,0,0,0,0.75003,0.97394,0,0,0,0,0,0,0,0,0,0,0,0,0,0,0,0,0,0,0,0,0,0,0,0,0,0,0,0,0,0,0,0,0,0,0,0,0,0,0,0,0,0,0,0,0,0,0,0,0,0,0,0,0,0,0,0
0,0,0,0,0,0,0,0,0,0,3.2792,1.8321,1.2622,1.0923,1.3845,0,0,0,0,0,2.4641,1.3221,0.88467,1.0479,1.1493,0,0,0,0,0,1.1047,0.47718,0.48175,0.53283,0.99329,0,0,0,0,0,0,0,0.72508,0,0,0,0,0,0,0,0,0,0,0,0,0,0,0,0,0,0,0,0,0,0,0,0,0,0,0,0,0,0,0,0,0,0,0,0,0,0,0,0,0,0,0,0,0,0,0,0,0,0,0,0,0,0,0,0,0
0,0,0,0,0,0,0,0,0,0,3.3138,1.7691,1.3242,1.2885,1.626,0,0,0,0,0,2.7405,1.3632,0.98516,0.99112,1.2968,0,0,0,0,0,1.228,0.48196,0.53758,0.62613,1.3157,0,0,0,0,0,0,0,0,0,0,0,0,0,0,0,0,0,0,0,0,0,0,0,0,0,0,0,0,0,0,0,0,0,0,0,0,0,0,0,0,0,0,0,0,0,0,0,0,0,0,0,0,0,0,0,0,0,0,0,0,0,0,0,0,0
0,0,0,0,0,0,0,0,0,0,3.9942,1.7712,1.3876,1.2686,1.7262,0,0,0,0,0,2.7021,1.2787,1.0007,1.122,1.7798,0,0,0,0,0,0.85479,0.62793,0.54363,0.5066,0,0,0,0,0,0,0,0,0,0,0,0,0,0,0,0,0,0,0,0,0,0,0,0,0,0,0,0,0,0,0,0,0,0,0,0,0,0,0,0,0,0,0,0,0,0,0,0,0,0,0,0,0,0,0,0,0,0,0,0,0,0,0,0,0,0
0,0,0,0,0,0,0,0,0,0,3.3185,1.7554,1.4287,1.2521,1.4245,0,0,0,0,0,2.3465,1.2118,1.0368,1.0389,1.684,0,0,0,0,0,0.36814,0.59264,0.52552,0.45892,1.5074,0,0,0,0,0,0,0,0,0,0,0,0,0,0,0,0,0,0,0,0,0,0,0,0,0,0,0,0,0,0,0,0,0,0,0,0,0,0,0,0,0,0,0,0,0,0,0,0,0,0,0,0,0,0,0,0,0,0,0,0,0,0,0,0,0
0,0,0,0,0,0,0,0,0,0,3.6243,1.751,1.3921,1.284,1.3944,0,0,0,0,0,2.3768,1.3394,0.9309,1.1208,1.4209,0,0,0,0,0,0.46239,0.451,0.52494,0.57633,1.0703,0,0,0,0,0,0,0,0,0,0,0,0,0,0,0,0,0,0,0,0,0,0,0,0,0,0,0,0,0,0,0,0,0,0,0,0,0,0,0,0,0,0,0,0,0,0,0,0,0,0,0,0,0,0,0,0,0,0,0,0,0,0,0,0,0
0,0,0,0,0,0,0,0,0,0,3.9355,2.0295,1.0913,1.101,0,0,0,0,0,0,2.6631,1.3825,0.68414,0.91816,0,0,0,0,0,0,0,0.39917,0.25079,0.43538,0.70543,0,0,0,0,0,0.99546,0.92806,0.83991,1.0345,1.4406,0,0,0,0,0,0,0,0,0,0,0,0,0,0,0,0,0,0,0,0,0,0,0,0,0,0,0,0,0,0,0,0,0,0,0,0,0,0,0,0,0,0,0,0,0,0,0,0,0,0,0,0,0,0,0
0,0,0,0,0,0,0,0,0,0,0,2.3438,1.0733,1.103,0,0,0,0,0,0,0,1.9463,0.69161,0.90614,0,0,0,0,0,0,0,0.72612,0.23528,0.38016,0,0,0,0,0,0,0.98873,0.9271,0.83214,1.0686,1.5886,0,0,0,0,0,0,0,0,0,0,0,0,0,0,0,0,0,0,0,0,0,0,0,0,0,0,0,0,0,0,0,0,0,0,0,0,0,0,0,0,0,0,0,0,0,0,0,0,0,0,0,0,0,0,0
0,0,0,0,0,0,0,0,0,0,0,2.7261,1.1204,1.0279,0,0,0,0,0,0,1.8048,0,0.67585,0.88064,0,0,0,0,0,0,0.66768,0.47289,0.24241,0.34908,0,0,0,0,0,0,0.98099,0.84979,0.87236,0.80813,0,0,0,0,0,0,0,0.92873,0.78613,1.0471,0,0,0,0,0,0,0,0,0,0,0,0,0,0,0,0,0,0,0,0,0,0,0,0,0,0,0,0,0,0,0,0,0,0,0,0,0,0,0,0,0,0,0,0,0,0
0,0,0,0,0,0,0,0,0,0,0,2.0191,1.535,1.0412,0,0,0,0,0,0,0,1.0499,1.2698,0.87233,0,0,0,0,0,0,0,0.66059,0.64002,0.35559,0,0,0,0,0,0,0,0.9034,0.89463,0.82526,0,0,0,0,0,0,0,1.1358,0.97847,0.86058,0,0,0,0,0,0,0,0,0,0,0,0,0,0,0,0,0,0,0,0,0,0,0,0,0,0,0,0,0,0,0,0,0,0,0,0,0,0,0,0,0,0,0,0,0,0
0,0,0,0,0,0,0,0,0,0,0,2.2777,1.6413,1.4432,1.2758,0,0,0,0,0,0,0,0.88131,1.1391,1.1117,0,0,0,0,0,1.4276,1.2212,1.2549,1.0094,1.0282,0,0,0,0,0,0.10294,0.88822,0.27097,0.22835,0.72563,0,0,0,0,0,0,0,0.50234,0.80016,0.99602,0,0,0,0,0,0,0,0.96863,0.77664,0.90115,0,0,0,0,0,0,0,0,1.4887,1.3332,0,0,0,0,0,0,0,0,0,0,0,0,0,0,0,0,0,0,0,0,0,0,0,0,0
0,0,0,0,0,0,0,0,0,0,0,0,1.8826,1.7391,1.1048,0,0,0,0,0,0,0,0,1.2877,1.1057,0,0,0,0,0,1.4522,1.2213,1.3554,1.1441,1.268,0,0,0,0,0,0.5742,0.6995,0.061428,0.28731,0.59896,0,0,0,0,0,0,0,0.54158,0.89892,0.99188,0,0,0,0,0,0,1.2592,0.70127,0.83901,1.0935,0,0,0,0,0,0,0,1.5895,1.5154,1.623,0,0,0,0,0,0,0,0,0,0,0,0,0,0,0,0,0,0,0,0,0,0,0,0,0
0,0,0,0,0,0,0,0,0,0,0,0,1.0879,0,0,0,0,0,0,0,1.8248,1.1913,0.74496,0,0,0,0,0,0,0,0.84249,0.67927,0.72026,0,0,0,0,0,0,0,0.1761,0.049211,0,0,0,0,0,0,0,0,0.86826,0.56787,0.31779,0,0,0,0,0,0,0,1.1785,0.79074,0.60768,0,0,0,0,0,0,0,2.9444,2.2704,1.3967,1.1759,0,0,0,0,0,0,4.5736,3.653,3.186,2.1653,0,0,0,0,0,0,0,0,0,0,0,0,0,0,0,0
0,0,0,0,0,0,0,0,0,0,0,0,0,0,1.3305,0,0,0,0,0,0,0,0.63144,1.0306,1.129,0,0,0,0,0,0,0,1.0831,1.0533,1.6071,0,0,0,0,0,0,0.92532,0.67388,0.25897,0,0,0,0,0,0,0,0,0.57586,0.66382,0.94411,0,0,0,0,0,0,0,1.1509,0.73941,0.87328,0,0,0,0,0,0,0,1.4969,1.0941,1.3009,0,0,0,0,0,0,0,0,2.7557,3.1603,0,0,0,0,0,0,0,0,0,0,0,0,0,0,0
0,0,0,0,0,0,0,0,0,0,0,0,0,0,0,0,0,0,0,0,0,0,0,0,0,0,0,0,0,0,1.3944,1.1762,1.3612,1.4779,1.9054,0,0,0,0,0,0.99944,0.93374,0.93634,0.53931,0,0,0,0,0,0,0,0.54156,0.33575,0.64054,0.93037,0,0,0,0,0,0,1.1559,0.8405,1.0527,0.62813,0,0,0,0,0,0,0,1.5438,1.471,1.2594,0,0,0,0,0,0,0,0,2.9178,3.0429,0,0,0,0,0,0,0,0,0,0,0,0,0,0,0
0,0,0,0,0,0,0,0,0,0,0,0,0,0,0,0,0,0,0,0,0,0,0,0,0,0,0,0,0,0,1.1298,1.2004,1.3483,1.1989,0.87892,0,0,0,0,0,0.98652,0.9402,0.54013,0.62664,0.52195,0,0,0,0,0,0,0,0.30672,0.63529,0.76977,0,0,0,0,0,0,1.3597,0.85059,1.1213,0.89313,0,0,0,0,0,0,0,1.5971,1.4055,1.5402,0,0,0,0,0,0,0,3.2023,2.4283,2.2984,0,0,0,0,0,0,0,0,0,0,0,0,0,0,0
0,0,0,0,0,0,0,0,0,0,0,0,0,0,0,0,0,0,0,0,0,0,0,0,0,0,0,0,0,0,0,1.2201,1.3171,1.2792,0,0,0,0,0,0,0.96633,0.83975,0.64134,0.26832,0,0,0,0,0,0,1.005,0.42377,0.28669,0.57559,0,0,0,0,0,0,0,0.82024,0.85475,1.1621,0,0,0,0,0,0,0,2.2258,1.5877,1.3286,0,0,0,0,0,0,0,0,3.483,2.5592,0,0,0,0,0,0,0,0,0,0,0,0,0,0,0,0
0,0,0,0,0,0,0,0,0,0,0,0,0,0,0,0,0,0,0,0,0,0,0,0,1.0507,0,0,0,0,0,0.38773,1.1828,1.3542,1.1595,0.87735,0,0,0,0,0,0.99841,0.93991,0.61196,0.56776,0.45191,0,0,0,0,0,0,0,0.27162,0.61727,0.79935,0,0,0,0,0,0,0,0.83492,1.0802,1.4106,0,0,0,0,0,0,0,1.6221,1.4113,1.6011,0,0,0,0,0,0,0,3.2843,2.3518,2.7443,0,0,0,0,0,0,0,0,0,0,0,0,0,0,0
0,0,0,0,0,0,0,0,0,0,0,0,2.0753,1.8195,1.6406,0,0,0,0,0,0,0,1.073,1.4069,1.4961,2.0882,0,0,0,0,1.4574,1.1807,1.2585,1.1241,1.456,0,0,0,0,0,0,0,0,0.3925,1.0039,0,0,0,0,0,0,0,0.84106,1.0812,1.1718,0,0,0,0,0,0,0,0,1.4472,0.91847,0,0,0,0,0,0,0,0,0,0,0,0,0,0,0,0,0,0,0,0,0,0,0,0,0,0,0,0,0,0,0,0,0,0,0
0,0,0,0,0,0,0,0,0,0,0,0,1.9384,1.5109,1.5184,0,0,0,0,0,2.56,1.7927,1.0999,1.2337,1.2593,0,0,0,0,0,1.4129,1.1417,1.0912,0.91999,1.244,0,0,0,0,0,0,0.19778,0.025405,0.30765,0.72273,0,0,0,0,0,0,0.88665,0.66279,0.76507,1.0306,1.3971,0,0,0,0,0,0,0.62078,0.70605,1.1935,0,0,0,0,0,0,0,0,0,0,0,0,0,0,0,0,0,0,0,0,0,0,0,0,0,0,0,0,0,0,0,0,0,0,0
0,0,0,0,0,0,0,0,0,0,3.6479,2.2064,1.5057,1.4829,0,0,0,0,0,0,2.0553,1.3934,1.1221,1.2171,0,0,0,0,0,0,1.0997,0.91553,0.81565,0.50421,0,0,0,0,0,0,0.31372,0.10511,0.057493,0.13973,0,0,0,0,0,0,0.87344,0.5513,0.38693,0.61503,0,0,0,0,0,0,1.2024,0.84352,0.71449,0.79531,0,0,0,0,0,0,3.9306,3.0866,1.7498,1.0885,0,0,0,0,0,0,0,0,0,0,0,0,0,0,0,0,0,0,0,0,0,0,0,0,0,0
0,0,0,0,0,0,0,0,0,0,0,2.7607,1.9895,1.4098,1.4737,2.6981,0,0,0,0,0,1.3634,1.0173,1.2082,1.3642,0,0,0,0,0,1.2401,1.1181,1.0615,0.99582,1.2825,0,0,0,0,0,0,0,0.087037,0.22173,0.64901,0,0,0,0,0,0,0.82498,0.49744,0.75894,1.2936,0,0,0,0,0,0,0,0.62477,0.69716,1.0567,0,0,0,0,0,0,0,1.8412,1.3022,0,0,0,0,0,0,0,0,0,0,0,0,0,0,0,0,0,0,0,0,0,0,0,0,0,0
0,0,0,0,0,0,0,0,0,0,0,0,1.4036,1.4788,1.2096,0,0,0,0,0,0,0,0,1.0219,1.1751,0,0,0,0,0,1.4593,1.1697,1.3392,1.1303,1.1423,0,0,0,0,0,0.54964,0.84694,0.66518,0.19558,0.51338,0,0,0,0,0,0,0.68986,0.43244,0.8478,0.88676,0,0,0,0,0,0,1.4443,0.74378,0.94663,0.764,0,0,0,0,0,0,0,1.5849,1.3438,1.2198,0,0,0,0,0,0,0,0,0,0,0,0,0,0,0,0,0,0,0,0,0,0,0,0,0
0,0,0,0,0,0,0,0,0,0,0,0,2.1393,2.0591,1.533,0,0,0,0,0,0,0,1.3759,1.3665,1.3691,0,0,0,0,0,1.448,1.1478,1.2609,1.2324,1.2952,0,0,0,0,0,0,0.74825,0.37796,0.40855,0.82974,0,0,0,0,0,0,0,0.99156,1.0601,0.98317,0,0,0,0,0,0,0,0,1.3179,1.2467,0,0,0,0,0,0,0,0,0,0,0,0,0,0,0,0,0,0,0,0,0,0,0,0,0,0,0,0,0,0,0,0,0,0,0
0,0,0,0,0,0,0,0,0,0,0,0,2.1862,1.9762,1.6736,1.9842,0,0,0,0,0,1.4373,0,1.1976,1.3875,1.7134,0,0,0,0,1.443,1.1367,1.0978,1.2868,1.2938,1.8394,0,0,0,0,0,0.223,0.27998,0.4138,0.77485,1.1594,0,0,0,0,1.3741,1.0533,0.65313,1.0849,1.386,0,0,0,0,0,0,0,0.71909,0.84159,1.2785,0,0,0,0,0,0,0,0,0,0,0,0,0,0,0,0,0,0,0,0,0,0,0,0,0,0,0,0,0,0,0,0,0,0,0
0,0,0,0,0,0,0,0,0,0,0,0,1.3767,1.3005,1.5386,0,0,0,0,0,0,0,1.3192,1.4566,1.5036,3.0102,0,0,0,0,1.4257,1.1717,1.2697,1.0882,1.3258,0,0,0,0,0,0,0,0.21509,0.4645,0.91247,1.4745,0,0,0,0,1.4055,0,0.80988,1.0214,1.2913,0,0,0,0,0,0,0,1.3133,1.1204,1.2395,0,0,0,0,0,0,0,0,0,0,0,0,0,0,0,0,0,0,0,0,0,0,0,0,0,0,0,0,0,0,0,0,0,0,0
0,0,0,0,0,0,0,0,0,0,0,0,1.5725,1.9831,1.443,1.6403,0,0,0,0,0,0,1.4432,1.2824,1.4023,1.9293,0,0,0,0,1.4231,1.1377,1.2694,1.1479,1.1834,0,0,0,0,0,0,0,0.24912,0.41592,0.81484,0,0,0,0,0,1.4873,0.79358,0.63271,0.97455,1.2789,0,0,0,0,0,0,0,1.0512,0.98491,1.3992,0,0,0,0,0,0,0,0,0,0,0,0,0,0,0,0,0,0,0,0,0,0,0,0,0,0,0,0,0,0,0,0,0,0,0
0,0,0,0,0,0,0,0,0,0,0,1.8683,1.4781,1.5549,1.2989,0,0,0,0,0,1.9994,0.93099,0.93072,1.0929,1.08,0,0,0,0,0,1.3715,1.1788,0.85289,1.0848,0.93942,0,0,0,0,0,0.77526,0,0,0.16194,0.54728,0,0,0,0,0,0,0.47292,0.42771,0.67444,0.8652,0,0,0,0,0,0,1.7713,0.70365,0.58755,0.8231,0,0,0,0,0,0,0,1.4743,1.1267,1.5962,0,0,0,0,0,0,0,0,2.3136,0,0,0,0,0,0,0,0,0,0,0,0,0,0,0,0
0,0,0,0,0,0,0,0,0,0,0,0,1.1167,0,0,0,0,0,0,0,1.8226,1.2038,0.84921,0,0,0,0,0,0,0,1.0436,0.84642,0.76986,0.55504,0,0,0,0,0,0,0.13584,0.065026,0,0.14609,0,0,0,0,0,0,0.88268,0.56491,0.33329,0.81068,0,0,0,0,0,0,1.1229,0.73609,0.62347,0.8006,0,0,0,0,0,0,3.1285,2.4486,1.4429,1.1815,0,0,0,0,0,0,0,0,0,0,0,0,0,0,0,0,0,0,0,0,0,0,0,0,0,0
0,0,0,0,0,0,0,0,0,0,0,1.8237,1.334,1.5818,1.2169,0,0,0,0,0,0,1.0568,0.87924,1.1572,1.1587,0,0,0,0,0,1.3181,0.95332,0.86005,1.1087,1.0537,0,0,0,0,0,0.71819,0.0015594,0,0.20439,0.61716,0,0,0,0,0,1.7465,0.4853,0.4082,0.70085,0.93741,0,0,0,0,0,0,1.2939,0.5897,0.65274,0.86336,0,0,0,0,0,0,0,1.4378,1.2633,1.2961,0,0,0,0,0,0,0,2.9872,2.5003,0,0,0,0,0,0,0,0,0,0,0,0,0,0,0,0
0,0,0,0,0,0,0,0,0,0,0,0,1.4699,1.4581,1.203,0,0,0,0,0,0,0,0,1.0344,1.0532,0,0,0,0,0,1.4671,1.2,1.3491,1.1039,1.1207,0,0,0,0,0,0,0,0.34166,0.23134,0.56079,0,0,0,0,0,0,0.81833,0.49242,0.83972,0.84036,0,0,0,0,0,0,0,0.75176,0.95957,0.75051,0,0,0,0,0,0,0,0,1.3326,1.5951,0,0,0,0,0,0,0,0,0,0,0,0,0,0,0,0,0,0,0,0,0,0,0,0,0
0,0,0,0,0,0,0,0,0,0,0,0,2.0502,1.6603,1.0957,0,0,0,0,0,0,0,0.97144,1.2074,1.0837,0,0,0,0,0,1.4316,1.2071,1.3325,0.92021,0.94002,0,0,0,0,0,0.9139,0.86173,0.42411,0.34155,0.49267,0,0,0,0,0,0,0,0.40154,0.80599,0.9307,0,0,0,0,0,0,0,0.69225,0.87421,0.94223,0,0,0,0,0,0,0,1.4791,1.4773,1.4146,0,0,0,0,0,0,0,0,0,0,0,0,0,0,0,0,0,0,0,0,0,0,0,0,0
0,0,0,0,0,0,0,0,0,0,0,0,0,0,0,0,0,0,0,0,0,0,0,0,0,0,0,0,0,0,0.8391,1.1504,1.3524,1.5077,1.9097,0,0,0,0,0,0.99645,0.93358,0.93674,0.54912,0,0,0,0,0,0,0,1.3214,0.3089,0.55392,0.75078,0,0,0,0,0,0,0.92684,0.7858,0.96484,0.649,0,0,0,0,0,0,0,1.592,1.4356,1.2599,0,0,0,0,0,0,0,0,2.982,3.2976,0,0,0,0,0,0,0,0,0,0,0,0,0,0,0
0,0,0,0,0,0,0,0,0,0,0,0,0,1.555,1.2196,0,0,0,0,0,0,0,1.0139,1.1539,1.0429,0,0,0,0,0,0.62013,0,1.1238,1.0312,1.2965,0,0,0,0,0,0.9963,0.93335,0.89078,0.3198,0.55894,0,0,0,0,0,0,0,0.64889,0.66196,0.9206,0,0,0,0,0,0,0,1.3315,0.88996,0.78217,0,0,0,0,0,0,0,0,1.0456,1.1605,0,0,0,0,0,0,0,0,3.8174,3.2678,0,0,0,0,0,0,0,0,0,0,0,0,0,0,0
0,0,0,0,0,0,0,0,0,0,0,0,0,0,1.0526,1.6421,0,0,0,0,0,0,0,0,1.0578,1.3751,0,0,0,0,0,0,0,0.41827,0.72666,1.1178,0,0,0,0,0.9848,0.94076,1.0152,1.11,1.2539,1.4241,0,0,0,0,0,0,0,0,0,0,0,0,0,0,0,0,0,0,0,0,0,0,0,0,0,0,0,0,0,0,0,0,0,0,0,0,0,0,0,0,0,0,0,0,0,0,0,0,0,0,0,0,0,0
0,0,0,0,0,0,0,0,0,0,0,0,0,0,1.0811,1.5541,0,0,0,0,0,0,0,0,1.0369,1.3797,0,0,0,0,0,1.1148,0,0.42542,0.74287,1.1587,0,0,0,0,0.99347,0.93536,1.0131,1.1208,1.2629,1.4939,0,0,0,0,0,0,0,0,0,0,0,0,0,0,0,0,0,0,0,0,0,0,0,0,0,0,0,0,0,0,0,0,0,0,0,0,0,0,0,0,0,0,0,0,0,0,0,0,0,0,0,0,0,0
0,0,0,0,0,0,0,0,0,0,0,0,0,0,0,0,0,0,0,0,0,0,0,0,0,0,0,0,0,0,0,0,0,0,0,0,0,0,0,0,0.57011,0.88793,1.0199,1.2061,1.5788,0,0,0,0,0,1.2104,0.72424,0,0,0,0,0,0,0,0,0,0,0,0,0,0,0,0,0,0,0,0,0,0,0,0,0,0,0,0,0,0,0,0,0,0,0,0,0,0,0,0,0,0,0,0,0,0,0,0
0,0,0,0,0,0,0,0,0,0,0,0,0,0,0,0,0,0,0,0,0,0,0,0,0,0,0,0,0,0,0,0,0,0,0,0,0,0,0,0,0.97578,0.92784,0.96767,1.1513,1.5889,0,0,0,0,0,1.7412,1.0942,0.98087,1.2038,0,0,0,0,0,0,0,0,0,0,0,0,0,0,0,0,0,0,0,0,0,0,0,0,0,0,0,0,0,0,0,0,0,0,0,0,0,0,0,0,0,0,0,0,0,0
0,0,0,0,0,0,0,0,0,0,0,0,0,0,1.3097,1.9658,0,0,0,0,0,0,0,1.5112,1.5246,1.8259,0,0,0,0,1.446,1.2113,1.3324,1.3367,1.3764,1.715,0,0,0,0,0,0,0,0,1.2695,0,0,0,0,0,0,0,0,0,0,0,0,0,0,0,0,0,0,0,0,0,0,0,0,0,0,0,0,0,0,0,0,0,0,0,0,0,0,0,0,0,0,0,0,0,0,0,0,0,0,0,0,0,0,0
0,0,0,0,0,0,0,0,0,0,0,0,0,0,1.5054,1.9118,0,0,0,0,0,0,0,1.4771,1.4014,1.7472,0,0,0,0,1.3999,1.1418,1.3184,1.2445,1.3918,1.7543,0,0,0,0,0.49037,0.37524,0.80938,0.84596,1.4634,1.0936,0,0,0,0,0,0,0,0,0,0,0,0,0,0,0,0,0,0,0,0,0,0,0,0,0,0,0,0,0,0,0,0,0,0,0,0,0,0,0,0,0,0,0,0,0,0,0,0,0,0,0,0,0,0
0,0,0,0,0,0,0,0,0,0,0,0,0,1.228,1.3616,2.0387,0,0,0,0,2.0974,1.2837,1.3419,1.4456,1.5215,2.0142,0,0,0,0,1.3961,1.1045,1.0797,1.0095,1.4613,2.0431,0,0,0,0,0.75354,0.78877,0.75014,0.21473,0,0,0,0,0,0,0,0,0,0,0,0,0,0,0,0,0,0,0,0,0,0,0,0,0,0,0,0,0,0,0,0,0,0,0,0,0,0,0,0,0,0,0,0,0,0,0,0,0,0,0,0,0,0,0,0
0,0,0,0,0,0,0,0,0,0,0,0,0,0,1.5594,2.1837,0,0,0,0,0,1.7687,0,1.5493,1.4722,1.9506,0,0,0,0,1.3638,1.1403,1.3151,1.0684,1.2642,1.804,0,0,0,0,0,0,0.78875,0.93559,0.78853,0,0,0,0,0,0,0,0,0,0,0,0,0,0,0,0,0,0,0,0,0,0,0,0,0,0,0,0,0,0,0,0,0,0,0,0,0,0,0,0,0,0,0,0,0,0,0,0,0,0,0,0,0,0,0
0,0,0,0,0,15.166,0,0,0,0,0,0,0,0,1.1196,1.7521,0,0,0,0,0,0,0,0,1.0316,1.5294,0,0,0,0,0,0,0,0.4436,0.76206,1.2519,0,0,0,0,0.99346,0.80406,0.88759,0.82393,1.236,1.8747,0,0,0,0,0,0.64829,0.87217,1.1898,1.4304,0,0,0,0,0,0,0,0,0,0,0,0,0,0,0,0,0,0,0,0,0,0,0,0,0,0,0,0,0,0,0,0,0,0,0,0,0,0,0,0,0,0,0,0,0
0,0,0,0,0,0,0,0,0,0,0,0,0,0,1.1905,1.78,0,0,0,0,0,0,0,0,1.0684,1.4661,0,0,0,0,0,0.27092,0,0.49314,0.74694,1.2482,0,0,0,0,0.95484,0.85841,0.81067,0.90077,1.1433,1.7783,0,0,0,0,0,1.09,0.76959,1.0781,0.972,0,0,0,0,0,0,0,0,0,0,0,0,0,0,0,0,0,0,0,0,0,0,0,0,0,0,0,0,0,0,0,0,0,0,0,0,0,0,0,0,0,0,0,0,0
0,0,0,0,0,0,0,0,0,0,0,0,0,0,1.6096,0,0,0,0,0,0,0,0,0,1.0443,1.7185,0,0,0,0,0,0,0,0.4019,0.67186,0,0,0,0,0,1.0005,0.93808,0.94507,1.0757,1.3437,0,0,0,0,0,0,1.0596,0.96095,1.0772,1.6376,0,0,0,0,0,0,0,0,0,0,0,0,0,0,0,0,0,0,0,0,0,0,0,0,0,0,0,0,0,0,0,0,0,0,0,0,0,0,0,0,0,0,0,0,0
0,0,0,0,0,0,0,0,0,0,0,0,0,0,1.7764,2.1526,0,0,0,0,0,0,0,0,1.0451,1.3849,0,0,0,0,0,0,0,0,0.79867,1.1248,0,0,0,0,0.6343,0.78195,0.92238,1.158,1.386,1.7115,0,0,0,0,1.1719,1.0762,0.59528,1.1411,0,0,0,0,0,0,0,0,0,0,0,0,0,0,0,0,0,0,0,0,0,0,0,0,0,0,0,0,0,0,0,0,0,0,0,0,0,0,0,0,0,0,0,0,0,0
0,0,0,0,0,0,0,0,0,0,0,0,0,0,1.0504,1.5725,0,0,0,0,0,0,0,0,1.0626,1.4069,0,0,0,0,0,0,0,0.42056,0.71957,1.1272,0,0,0,0,0.99345,0.93277,1.0159,1.1165,1.272,1.4298,0,0,0,0,0,0,0,0,0,0,0,0,0,0,0,0,0,0,0,0,0,0,0,0,0,0,0,0,0,0,0,0,0,0,0,0,0,0,0,0,0,0,0,0,0,0,0,0,0,0,0,0,0,0
0,0,0,0,0,0,0,0,0,0,0,0,0,0,1.5717,0,0,0,0,0,0,0,0,0,1.3222,0,0,0,0,0,0,0,0,0,0.67093,0,0,0,0,0,1.0011,0.9459,1.0203,1.2114,1.5244,0,0,0,0,0,0,0,0,0,0,0,0,0,0,0,0,0,0,0,0,0,0,0,0,0,0,0,0,0,0,0,0,0,0,0,0,0,0,0,0,0,0,0,0,0,0,0,0,0,0,0,0,0,0,0
0,0,0,0,0,0,0,0,0,0,0,0,0,0,1.4669,0,0,0,0,0,0,0,0,0,1.0989,0,0,0,0,0,0,0,0,0,0.64333,0,0,0,0,0,1.0006,0.94245,1.0203,1.212,1.505,0,0,0,0,0,0,0,0,0,0,0,0,0,0,0,0,0,0,0,0,0,0,0,0,0,0,0,0,0,0,0,0,0,0,0,0,0,0,0,0,0,0,0,0,0,0,0,0,0,0,0,0,0,0,0
0,0,0,0,0,0,0,0,0,0,0,0,0,0,1.5138,0,0,0,0,0,0,0,0,0,1.2012,0,0,0,0,0,0,0,0,0,0.72141,0,0,0,0,0,1.0008,0.94592,1.0202,1.2118,1.5069,0,0,0,0,0,0,0,0,0,0,0,0,0,0,0,0,0,0,0,0,0,0,0,0,0,0,0,0,0,0,0,0,0,0,0,0,0,0,0,0,0,0,0,0,0,0,0,0,0,0,0,0,0,0,0
0,0,0,0,0,0,0,0,0,0,0,0,0,0,1.0988,0,0,0,0,0,0,0,0,0,1.1099,0,0,0,0,0,0,0,0,0,0.65402,0,0,0,0,0,0.99846,0.94592,1.0203,1.2116,1.5251,0,0,0,0,0,0,0,0,0,0,0,0,0,0,0,0,0,0,0,0,0,0,0,0,0,0,0,0,0,0,0,0,0,0,0,0,0,0,0,0,0,0,0,0,0,0,0,0,0,0,0,0,0,0,0
0,0,0,0,0,0,0,0,0,0,0,0,0,0,0,0,0,0,0,0,0,0,0,0,0,0,0,0,0,0,0,0,0,0,0,0,0,0,0,0,1.0013,0.94572,1.0201,1.2118,1.5943,0,0,0,0,0,0,0,0,0,0,0,0,0,0,0,0,0,0,0,0,0,0,0,0,0,0,0,0,0,0,0,0,0,0,0,0,0,0,0,0,0,0,0,0,0,0,0,0,0,0,0,0,0,0,0
0,0,0,0,0,0,0,0,0,0,0,0,0,0,0,0,0,0,0,0,0,0,0,0,0,0,0,0,0,0,0,0,0,0,0,0,0,0,0,0,1.0014,0.94584,1.0202,1.2113,1.5798,0,0,0,0,0,0,0,0,0,0,0,0,0,0,0,0,0,0,0,0,0,0,0,0,0,0,0,0,0,0,0,0,0,0,0,0,0,0,0,0,0,0,0,0,0,0,0,0,0,0,0,0,0,0,0
0,0,0,0,0,0,0,0,0,0,0,0,0,0,0,0,0,0,0,0,0,0,0,0,0,0,0,0,0,0,0,0,0,0,0,0,0,0,0,0,1.0013,0.94574,1.0201,1.2119,1.5874,0,0,0,0,0,0,0,0,0,0,0,0,0,0,0,0,0,0,0,0,0,0,0,0,0,0,0,0,0,0,0,0,0,0,0,0,0,0,0,0,0,0,0,0,0,0,0,0,0,0,0,0,0,0,0
0,0,0,0,0,0,0,0,0,0,0,0,0,0,0,0,0,0,0,0,0,0,0,0,0,0,0,0,0,0,0,0,0,0,0,0,0,0,0,0,1.0012,0.94577,1.0202,1.2113,1.5919,0,0,0,0,0,0,0,0,0,0,0,0,0,0,0,0,0,0,0,0,0,0,0,0,0,0,0,0,0,0,0,0,0,0,0,0,0,0,0,0,0,0,0,0,0,0,0,0,0,0,0,0,0,0,0
0,0,0,0,0,0,0,0,0,0,0,0,0,1.0714,1.2542,1.795,0,0,0,0,0,0,1.8707,1.6457,1.3647,1.6454,0,0,0,0,1.4479,1.2203,1.3649,1.0612,1.145,1.4181,0,0,0,0,0.99198,0.9337,1.0079,1.1681,1.4862,1.9136,0,0,0,0,0,0,0,0,0,0,0,0,0,0,0,0,0,0,0,0,0,0,0,0,0,0,0,0,0,0,0,0,0,0,0,0,0,0,0,0,0,0,0,0,0,0,0,0,0,0,0,0,0,0
0,0,0,0,0,0,0,0,0,0,0,0,1.1671,1.2045,1.3985,1.748,0,0,0,0,0,0,1.5813,1.267,1.3401,1.7047,0,0,0,0,1.4763,1.2085,1.356,1.0344,1.2072,1.4962,0,0,0,0,0.99526,0.93637,1.0057,1.1642,1.4766,1.9329,0,0,0,0,0,0,0,0,0,0,0,0,0,0,0,0,0,0,0,0,0,0,0,0,0,0,0,0,0,0,0,0,0,0,0,0,0,0,0,0,0,0,0,0,0,0,0,0,0,0,0,0,0,0
0,0,0,0,0,0,0,0,0,0,0,0,0,0,1.044,1.5524,0,0,0,0,0,0,0,0,1.0054,1.3814,0,0,0,0,0,0,0,0.40751,0.74253,1.136,0,0,0,0,0.98836,0.92961,1.0134,1.116,1.2737,1.4068,0,0,0,0,0,0,0,0,0,0,0,0,0,0,0,0,0,0,0,0,0,0,0,0,0,0,0,0,0,0,0,0,0,0,0,0,0,0,0,0,0,0,0,0,0,0,0,0,0,0,0,0,0,0
0,0,0,0,0,0,0,0,0,0,0,0,0,1.4926,1.449,1.872,0,0,0,0,0,0,0,1.645,1.4523,1.8172,0,0,0,0,1.4701,1.2252,1.3478,1.0437,1.0949,1.5693,0,0,0,0,0.9944,0.93722,1.0019,1.1621,1.4595,1.9745,0,0,0,0,0,0,0,0,0,0,0,0,0,0,0,0,0,0,0,0,0,0,0,0,0,0,0,0,0,0,0,0,0,0,0,0,0,0,0,0,0,0,0,0,0,0,0,0,0,0,0,0,0,0
0,0,0,0,0,0,0,0,0,0,0,0,0,1.2339,1.3612,2.0636,0,0,0,0,0,0,0,1.281,1.3905,1.6681,0,0,0,0,1.4742,1.2109,1.3498,1.01,1.1459,1.6477,0,0,0,0,0.99395,0.93655,1.0068,1.1505,1.4955,1.736,0,0,0,0,0,0,0,0,0,0,0,0,0,0,0,0,0,0,0,0,0,0,0,0,0,0,0,0,0,0,0,0,0,0,0,0,0,0,0,0,0,0,0,0,0,0,0,0,0,0,0,0,0,0
0,0,0,0,0,0,0,0,0,0,0,0,1.7582,1.3327,2.1342,2.1041,2.9724,0,0,0,2.3995,0.96508,1.4122,1.221,1.7057,2.1519,2.4442,0,0,0,1.3997,1.1497,0.87999,0.96099,1.2543,1.6083,2.3655,0,0,0,0.99478,0.93258,0.98892,1.1031,1.5408,1.5169,0,0,0,0,0,0,0,0,0,0,0,0,0,0,0,0,0,0,0,0,0,0,0,0,0,0,0,0,0,0,0,0,0,0,0,0,0,0,0,0,0,0,0,0,0,0,0,0,0,0,0,0,0,0
0,0,0,0,0,0,0,0,0,0,0,0,1.178,1.4785,0,2.0736,0,0,0,0,3.3166,0,1.1599,1.261,1.7038,1.9951,2.7295,0,0,0,1.3389,1.1458,0.90128,0.99752,1.3362,1.6498,2.1055,0,0,0,0.9883,0.9343,0.99355,1.1018,1.4959,1.4967,0,0,0,0,0,0,0,0,0,0,0,0,0,0,0,0,0,0,0,0,0,0,0,0,0,0,0,0,0,0,0,0,0,0,0,0,0,0,0,0,0,0,0,0,0,0,0,0,0,0,0,0,0,0
0,0,0,0,0,0,0,0,0,0,0,2.0337,0,1.3997,1.683,2.0819,0,0,0,0,0,0,1.5106,1.3291,1.6183,1.8295,2.2932,0,0,0,1.4443,1.1783,1.012,0.94031,1.2605,1.6679,3.0587,0,0,0,0.99155,0.93536,1.004,1.1257,1.5228,0,0,0,0,0,0,0,0,0,0,0,0,0,0,0,0,0,0,0,0,0,0,0,0,0,0,0,0,0,0,0,0,0,0,0,0,0,0,0,0,0,0,0,0,0,0,0,0,0,0,0,0,0,0,0
0,0,0,0,0,0,0,0,0,0,0,0,1.4812,1.4178,1.5383,2.0916,3.0592,0,0,0,0,0,1.481,1.2794,1.6075,2.1058,3.4669,2.6712,0,0,1.4248,1.1588,0.93121,1.0044,1.2521,1.7418,2.1705,0,0,0,0.99593,0.93152,0.97849,1.0857,1.5424,1.7085,0,0,0,0,0,0,0,0,0,0,0,0,0,0,0,0,0,0,0,0,0,0,0,0,0,0,0,0,0,0,0,0,0,0,0,0,0,0,0,0,0,0,0,0,0,0,0,0,0,0,0,0,0,0
0,0,0,0,0,0,0,0,0,0,0,0,0,0,1.0624,1.6312,0,0,0,0,0,0,0,0,1.0734,1.5216,0,0,0,0,0,0.1812,0.19082,0.39803,0.74805,1.1875,0,0,0,0,0.99871,0.94296,1.0078,0.94122,1.4019,1.8258,0,0,0,0,0,0,0,0,0,0,0,0,0,0,0,0,0,0,0,0,0,0,0,0,0,0,0,0,0,0,0,0,0,0,0,0,0,0,0,0,0,0,0,0,0,0,0,0,0,0,0,0,0,0
0,0,0,0,0,0,0,0,0,0,0,0,0,0,1.0523,1.6634,0,0,0,0,0,0,0,0,1.0442,1.5273,0,0,0,0,1.279,0.56639,0.2635,0.41326,0.73889,1.192,0,0,0,0,0.98832,0.93822,0.96299,0.94759,1.4411,1.8452,0,0,0,0,0,0,0,0,0,0,0,0,0,0,0,0,0,0,0,0,0,0,0,0,0,0,0,0,0,0,0,0,0,0,0,0,0,0,0,0,0,0,0,0,0,0,0,0,0,0,0,0,0,0
0,0,0,0,0,0,0,0,0,0,0,0,0,1.0072,1.0807,1.6402,0,0,0,0,1.58,0,0,0.86685,1.038,1.5072,0,0,0,0,0,0.45323,0.28385,0.38975,0.7153,1.2406,0,0,0,0,0.99969,0.93742,0.92965,0.9555,1.4659,1.9312,0,0,0,0,0,0,0,0,0,0,0,0,0,0,0,0,0,0,0,0,0,0,0,0,0,0,0,0,0,0,0,0,0,0,0,0,0,0,0,0,0,0,0,0,0,0,0,0,0,0,0,0,0,0
0,0,0,0,0,0,0,0,0,0,0,0,0,1.2115,1.0626,1.6079,0,0,0,0,0,0,0,1.1067,1.0024,1.3933,0,0,0,0,0,0,0,0.46923,0.73412,1.0715,0,0,0,0,0.99733,0.87374,0.96915,1.0211,1.2135,1.3511,0,0,0,0,1.6622,1.0836,0.68022,0.85569,0,0,0,0,0,0,0,0,1.5092,0,0,0,0,0,0,0,0,0,0,0,0,0,0,0,0,0,0,0,0,0,0,0,0,0,0,0,0,0,0,0,0,0,0,0,0,0
0,0,0,0,0,0,0,0,0,0,0,0,0,0,0,0,0,0,0,0,0,0,0,0,0,0,0,0,0,0,0,0,0,0,0,0,0,0,0,0,0,0,0,0,0,0,0,0,0,0,0,0,0,0,0,0,0,0,0,0,2.3296,1.7828,1.4205,1.547,1.713,1.8955,1.8184,0,0,0,0,0,0,0,0,0,0,0,0,0,0,0,0,0,0,0,0,0,0,0,0,0,0,0,0,0,0,0,0,0
0,0,0,0,0,0,0,0,0,0,0,0,0,0,0,0,0,0,0,0,0,0,0,0,0,0,0,0,0,0,0,0,0,0,0,0,0,0,0,0,0,0,0,0,0,0,0,0,0,0,0,0,0,0,0,0,0,0,0,0,2.3439,1.8324,1.6487,1.6979,1.8084,2.1478,2.2051,2.4305,0,0,0,0,2.638,2.4375,2.5176,2.7467,2.9142,0,0,0,0,0,0,0,0,0,0,0,0,0,0,0,0,0,0,0,0,0,0,0
0,0,0,0,0,0,0,0,0,0,0,0,0,0,0,0,0,0,0,0,0,0,0,0,0,0,0,0,0,0,0,0,0,0,0,0,0,0,0,0,0,0,0,0,0,0,0,0,0,0,0,0,0,0,0,0,0,0,0,0,2.1903,1.8168,1.6425,1.6942,1.7929,2.1506,2.2266,2.4076,0,0,3.2551,2.5379,1.8559,1.8552,2.5059,2.7503,2.9026,0,0,0,6.3449,5.921,5.4487,3.8495,0,0,0,0,0,0,0,0,0,0,0,0,0,0,0,0
0,0,0,0,0,0,0,0,0,0,0,0,0,0,0,0,0,0,0,0,0,0,0,0,0,0,0,0,0,0,0,0,0,0,0,0,0,0,0,0,0,0,0,0,0,0,0,0,0,0,0,0,0,0,0,0,0,0,0,0,2.344,1.8325,1.6487,1.6989,1.9045,2.1624,2.2373,2.4489,0,0,0,0,0,0,2.5958,2.7636,2.9318,3.7899,0,0,0,0,0,0,0,0,0,0,0,0,0,0,0,0,0,0,0,0,0,0
0,0,0,0,0,0,0,0,0,0,0,0,0,0,0,0,0,0,0,0,0,0,0,0,0,0,0,0,0,0,0,0,0,0,0,0,0,0,0,0,0,0,0,0,0,0,0,0,0,0,0,0,0,0,0,0,0,0,0,0,2.3405,1.7339,1.6282,1.6614,1.902,2.1627,2.2316,2.4417,0,0,0,2.6827,2.0618,1.4182,2.596,2.7637,2.9314,3.7783,0,0,0,5.8298,0,0,0,0,0,0,0,0,0,0,0,0,0,0,0,0,0,0
0,0,0,0,0,0,0,0,0,0,0,0,0,0,0,0,0,0,0,0,0,0,0,0,0,0,0,0,0,0,0,0,0,0,0,0,0,0,0,0,0,0,0,0,0,0,0,0,0,0,0,0,0,0,0,0,0,0,0,0,2.3438,1.8329,1.6489,1.6956,1.9042,2.155,2.231,0,0,0,0,0,0,2.4446,2.5958,2.7442,2.9291,0,0,0,0,0,0,0,0,0,0,0,0,0,0,0,0,0,0,0,0,0,0,0
0,0,0,0,0,0,0,0,0,0,0,0,0,0,0,0,0,0,0,0,0,0,0,0,0,0,0,0,0,0,0,0,0,0,0,0,0,0,0,0,0,0,0,0,0,0,0,0,0,0,0,0,0,0,0,0,0,0,0,0,2.2625,1.8001,1.5925,1.6677,1.8979,2.1634,2.2327,0,0,0,3.6643,2.5458,1.7772,1.696,2.5381,2.7621,2.9303,0,0,0,7.5501,4.7222,0,0,0,0,0,0,0,0,0,0,0,0,0,0,0,0,0,0
0,0,0,0,0,0,0,0,0,0,0,0,0,0,0,0,0,0,0,0,0,0,0,0,0,0,0,0,0,0,0,0,0,0,0,0,0,0,0,0,0,0,0,0,0,0,0,0,0,0,0,0,0,0,0,0,0,0,0,0,2.3407,1.8277,1.5355,1.5422,1.7349,2.0016,1.9779,0,0,0,0,0,0,0,0,0,0,0,0,0,0,0,0,0,0,0,0,0,0,0,0,0,0,0,0,0,0,0,0,0
0,0,0,0,0,0,0,0,0,0,0,0,0,0,0,0,0,0,0,0,0,0,0,0,0,0,0,0,0,0,0,0,0,0,0,0,0,0,0,0,0,0,0,0,0,0,0,0,0,0,0,0,0,0,0,0,0,0,0,0,2.3186,1.8159,1.554,1.3927,1.6714,1.9398,1.9959,2.353,0,0,0,2.7762,1.8885,1.5422,1.4717,2.1483,2.6252,0,0,0,0,0,0,0,0,0,0,0,0,0,0,0,0,0,0,0,0,0,0,0
0,0,0,0,0,0,0,0,0,0,0,0,0,0,0,0,0,0,0,0,0,0,0,0,0,0,0,0,0,0,0,0,0,0,0,0,0,0,0,0,0,0,0,0,0,0,0,0,0,0,0,0,0,0,0,0,0,0,0,0,2.3392,1.8306,1.5345,1.5788,1.7852,2.0037,2.0979,2.282,0,0,0,0,0,0,0,0,0,0,0,0,0,0,0,0,0,0,0,0,0,0,0,0,0,0,0,0,0,0,0,0
0,0,0,0,0,0,0,0,0,0,0,0,0,0,0,0,0,0,0,0,0,0,0,0,0,0,0,0,0,0,0,0,0,0,0,0,0,0,0,0,0,0,0,0,0,0,0,0,0,0,0,0,0,0,0,0,0,0,0,0,2.3279,1.7568,1.3852,1.4175,1.728,1.9793,2.0668,2.4485,0,0,3.3478,2.6839,1.4173,1.6364,1.2139,0,0,0,0,0,0,0,0,0,0,0,0,0,0,0,0,0,0,0,0,0,0,0,0,0
0,0,0,0,0,0,0,0,0,0,0,0,0,0,0,0,0,0,0,0,0,0,0,0,0,0,0,0,0,0,0,0,0,0,0,0,0,0,0,0,0,0,0,0,0,0,0,0,0,0,0,0,0,0,0,0,0,0,0,0,2.3427,1.8318,1.6477,1.6977,1.902,2.038,1.7293,2.4455,0,0,0,0,0,0,2.596,2.7072,2.3956,0,0,0,0,0,0,0,0,0,0,0,0,0,0,0,0,0,0,0,0,0,0,0
0,0,0,0,0,0,0,0,0,0,0,0,0,0,0,0,0,0,0,0,0,0,0,0,0,0,0,0,0,0,0,0,0,0,0,0,0,0,0,0,0,0,0,0,0,0,0,0,0,0,0,0,0,0,0,0,0,0,0,0,2.3081,1.7248,1.5537,1.6932,1.9021,2.1392,1.306,0,0,0,3.2813,2.6869,1.8351,1.8926,2.3254,2.7605,2.6118,0,0,0,0,0,0,0,0,0,0,0,0,0,0,0,0,0,0,0,0,0,0,0
0,0,0,0,0,0,0,0,0,0,0,0,0,0,0,0,0,0,0,0,0,0,0,0,0,0,0,0,0,0,0,0,0,0,0,0,0,0,0,0,0,0,0,0,0,0,0,0,0,0,0,0,0,0,0,0,0,0,0,0,2.3423,1.8317,1.6444,1.6161,1.8513,1.9759,1.8453,2.4431,0,0,0,0,0,2.4443,2.5394,2.6766,2.7105,0,0,0,0,0,0,0,0,0,0,0,0,0,0,0,0,0,0,0,0,0,0,0
0,0,0,0,0,0,0,0,0,0,0,0,0,0,0,0,0,0,0,0,0,0,0,0,0,0,0,0,0,0,0,0,0,0,0,0,0,0,0,0,0,0,0,0,0,0,0,0,0,0,0,0,0,0,0,0,0,0,0,0,2.3262,1.8132,1.6276,1.5843,1.7639,1.9954,1.713,1.4525,0,0,4.997,3.1724,1.6429,1.6024,1.8857,2.6928,2.7264,0,0,0,0,0,0,0,0,0,0,0,0,0,0,0,0,0,0,0,0,0,0,0
0,0,0,0,0,0,0,0,0,0,0,0,0,0,0,0,0,0,0,0,0,0,0,0,0,0,0,0,0,0,0,0,0,0,0,0,0,0,0,0,0,0,0,0,0,0,0,0,0,0,0,0,0,1.5705,0,0,2.0243,0,0,0,1.6458,1.3093,1.0946,0.93797,1.2956,1.437,1.5439,1.6936,0,0,0,0,0,0,0,0,0,0,0,0,0,0,0,0,0,0,0,0,0,0,0,0,0,0,0,0,0,0,0,0
0,0,0,0,0,0,0,0,0,0,0,0,0,0,0,0,0,0,0,0,0,0,0,0,0,0,0,0,0,0,0,0,0,0,0,0,0,0,0,0,0,0,0,0,0,0,0,0,0,0,0,0,0,0.71411,0,0,0,0,0,0,1.9221,1.1371,0.96867,1.0108,1.3498,1.3559,1.3053,1.3987,0,0,3.7072,2.3006,1.5445,0,0,0,0,0,0,0,0,0,0,0,0,0,0,0,0,0,0,0,0,0,0,0,0,0,0,0
0,0,0,0,0,0,0,0,0,0,0,0,0,0,0,0,0,0,0,0,0,0,0,0,0,0,0,0,0,0,0,0,0,0,0,0,0,0,0,0,0,0,0,0,0,0,0,0,0,0,0,0,0.20218,1.0816,1.6506,0,2.1191,0,0,0,1.7163,1.1724,1.0693,1.1344,1.4122,1.5629,1.6282,2.3313,0,0,0,0,0,0,0,0,0,0,0,0,0,0,0,0,0,0,0,0,0,0,0,0,0,0,0,0,0,0,0,0
0,0,0,0,0,0,0,0,0,0,0,0,0,0,0,0,0,0,0,0,0,0,0,0,0,0,0,0,0,0,0,0,0,0,0,0,0,0,0,0,0,0,0,0,0,0,0,0,0,0,0,0,0,1.3679,1.2478,0,2.1787,2.3062,0,0,1.6855,1.1987,1.112,1.0357,1.3388,1.5715,1.4545,0,0,0,0,0,0,0,0,0,0,0,0,0,0,0,0,0,0,0,0,0,0,0,0,0,0,0,0,0,0,0,0,0
0,0,0,0,0,0,0,0,0,0,0,0,0,0,0,0,0,0,0,0,0,0,0,0,0,0,0,0,0,0,0,0,0,0,0,0,0,0,0,0,0,0,0,0,0,0,0,0,0,0,0,0,0,0,0,0,0,0,0,0,2.2793,1.5529,1.2226,1.0604,0,0,0,0,0,0,0,0,0,0,0,0,0,0,0,0,0,0,0,0,0,0,0,0,0,0,0,0,0,0,0,0,0,0,0,0
0,0,0,0,0,0,0,0,0,0,0,0,0,0,0,0,0,0,0,0,0,0,0,0,0,0,0,0,0,0,0,0,0,0,0,0,0,0,0,0,0,0,0,0,0,0,0,0,0,0,0,0,0,0,0,0,0,0,0,0,1.5172,1.5528,1.3538,1.233,1.8997,0,0,0,0,0,3.2446,2.2523,0,0,0,0,0,0,0,0,0,0,0,0,0,0,0,0,0,0,0,0,0,0,0,0,0,0,0,0
0,0,0,0,0,0,0,0,0,0,0,0,0,0,0,0,0,0,0,0,0,0,0,0,0,0,0,0,0,0,0,0,0,0,0,0,0,0,0,0,0,0,0,0,0,0,0,0,0,0,0,0,0,0,0,0,0,0,0,0,2.3371,1.8009,1.4572,1.5271,1.7152,1.9546,1.919,2.2601,0,0,0,0,0,0,0,0,0,0,0,0,0,0,0,0,0,0,0,0,0,0,0,0,0,0,0,0,0,0,0,0
0,0,0,0,0,0,0,0,0,0,0,0,0,0,0,0,0,0,0,0,0,0,0,0,0,0,0,0,0,0,0,0,0,0,0,0,0,0,0,0,0,0,0,0,0,0,0,0,0,0,0,0,0,0,0,0,0,0,0,0,2.3139,1.6566,1.2544,1.1105,1.5189,1.6725,1.4313,1.2389,0,0,0,0,1.8193,1.7928,2.5208,0,0,0,0,0,0,0,0,0,0,0,0,0,0,0,0,0,0,0,0,0,0,0,0,0
0,0,0,0,0,0,0,0,0,0,0,0,0,0,0,0,0,0,0,0,0,0,0,0,0,0,0,0,0,0,0,0,0,0,0,0,0,0,0,0,0,0,0,0,0,0,0,0,0,0,0,0,0,0,0,0,0,0,0,0,2.3413,1.8279,1.6452,1.6882,1.3444,2.1069,0,0,0,0,0,0,0,0,2.5906,0,0,0,0,0,0,0,0,0,0,0,0,0,0,0,0,0,0,0,0,0,0,0,0,0
0,0,0,0,0,0,0,0,0,0,0,0,0,0,0,0,0,0,0,0,0,0,0,0,0,0,0,0,0,0,0,0,0,0,0,0,0,0,0,0,0,0,0,0,0,0,0,0,0,0,0,0,0,0,0,0,0,0,0,0,2.3273,1.8303,1.6403,1.6646,1.3674,2.1666,0,0,0,0,0,0,0,0,0,0,0,0,0,0,0,0,0,0,0,0,0,0,0,0,0,0,0,0,0,0,0,0,0,0
0,0,0,0,0,0,0,0,0,0,0,0,0,0,0,0,0,0,0,0,0,0,0,0,0,0,0,0,0,0,0,0,0,0,0,0,0,0,0,0,0,0,0,0,0,0,0,0,0,0,0,0,0,0,0,0,0,0,0,0,2.3421,1.8305,1.5458,1.5856,1.8035,2.0006,1.9489,0,0,0,0,0,0,0,0,2.6841,0,0,0,0,0,0,0,0,0,0,0,0,0,0,0,0,0,0,0,0,0,0,0,0
0,0,0,0,0,0,0,0,0,0,0,0,0,0,0,0,0,0,0,0,0,0,0,0,0,0,0,0,0,0,0,0,0,0,0,0,0,0,0,0,0,0,0,0,0,0,0,0,0,0,0,0,0,0,0,0,0,0,0,0,2.3424,1.831,1.5336,1.5897,1.82,2.0319,2.0209,2.2953,0,0,0,0,0,0,0,2.6707,0,0,0,0,0,0,0,0,0,0,0,0,0,0,0,0,0,0,0,0,0,0,0,0
0,0,0,0,0,0,0,0,0,0,0,0,0,0,0,0,0,0,0,0,0,0,0,0,0,0,0,0,0,0,0,0,0,0,0,0,0,0,0,0,0,0,0,0,0,0,0,0,0,0,0,0,0,0,0,0,0,0,0,0,2.3437,1.833,1.6488,1.699,1.9071,2.1674,2.22,0,0,0,5.0161,3.8544,2.6376,2.4432,2.595,0,0,0,0,0,0,0,0,0,0,0,0,0,0,0,0,0,0,0,0,0,0,0,0,0
0,0,0,0,0,0,0,0,0,0,0,0,0,0,0,0,0,0,0,0,0,0,0,0,0,0,0,0,0,0,0,0,0,0,0,0,0,0,0,0,0,0,0,0,0,0,0,0,0,0,0,0,0,0,0,0,0,0,0,0,2.255,1.7952,1.6401,1.6975,1.9054,2.1623,2.2275,0,0,0,3.7649,3.186,2.3606,2.4427,2.5796,0,0,0,0,0,7.618,5.7934,5.1022,0,0,0,0,0,0,0,0,0,0,0,0,0,0,0,0,0
0,0,0,0,0,0,0,0,0,0,0,0,0,1.406,1.4124,1.9302,3.2157,3.1808,3.4027,2.8395,0,0,0,1.2703,1.3685,1.8359,2.7466,2.9552,2.9787,2.8611,1.4409,1.1597,1.1662,1.2129,1.5304,2.2155,2.6903,3.0394,3.1363,3.6695,0.18123,0.84663,0.42552,0.87114,1.146,1.5932,2.4875,2.3706,2.1998,2.0857,0,0,0.55411,0.8661,1.1761,1.5315,1.4878,1.4665,1.5719,1.7606,0,0,0.94633,0.96413,1.2572,1.4963,1.5699,1.6578,2.5148,2.48,0,0,0,1.7799,2.0014,2.2416,2.5703,3.229,3.4787,3.4698,0,0,0,0,0,0,0,0,0,0,0,0,0,0,0,0,0,0,0,0
0,0,0,0,0,0,0,0,0,0,0,0,0,1.0041,1.2601,1.7467,2.66,2.9633,2.9157,2.9796,0,0,0.66833,1.2252,1.3323,1.7198,2.5744,2.7788,2.9772,3.2429,1.4312,1.1927,1.2069,1.2219,1.6277,2.2148,2.6794,3.1089,3.3109,3.2109,0.067147,0.64136,0.36695,0.55916,1.0203,1.7447,2.6069,2.8835,2.8725,2.2069,0,0,0.60696,0.92572,1.2938,1.6189,1.5742,1.6898,1.8111,1.7365,0,0,0.82236,0.98812,1.2335,1.5181,1.6203,1.7941,2.2285,2.2506,0,0,0,1.7332,1.9773,2.2912,2.6751,3.4906,3.5114,3.1863,0,0,0,0,0,0,0,0,0,0,0,0,0,0,0,0,0,0,0,0
0,0,0,0,0,0,0,0,0,0,0,0,0,0,1.3948,1.7909,0,0,0,0,0,0,0,0,1.0973,1.5367,0,0,0,0,0,0,1.3105,1.4978,1.1808,1.5432,0,0,0,0,0,0,0,0.33801,0.58573,1.001,0,0,0,0,0,0,0,0,1.3233,1.512,1.2625,0,0,0,0,0,1.1186,0.95984,1.7649,1.5665,1.3621,0,0,0,0,0,2.3334,1.879,2.1609,2.5735,2.3422,0,0,0,0,0,0,0,0,0,0,0,0,0,0,0,0,0,0,0,0,0,0,0
0,0,0,0,0,0,0,0,0,15.166,0,1.6618,1.4641,1.281,1.4352,2.102,3.073,3.6073,3.1844,3.2451,0,1.4908,0.98967,1.3036,1.349,1.8547,2.6456,2.9002,2.7133,3.1066,0,0.36742,0.4767,0.58835,0.92668,1.4137,1.8072,2.1837,2.017,3.0792,0,0,0.088901,0.28329,0.67957,1.2166,1.8462,1.9475,1.7555,1.987,0,0,0.34772,0.78342,1.0679,1.3531,1.3423,1.5351,1.6197,2.1573,0,0,0.48626,0.70789,0.85192,1.0644,1.156,1.3345,2.0524,2.2421,0,0,0,1.2778,1.8689,2.2625,2.0783,2.5827,3.037,3.0494,0,0,0,0,0,0,0,0,0,0,0,0,0,0,0,0,0,0,0,0
0,0,0,0,0,0,0,0,15.166,0,2.9003,1.6943,1.5731,1.3847,1.4548,2.2173,3.2304,3.3702,3.5216,3.2372,1.9616,1.1182,0.95964,1.1723,1.2847,1.7496,2.5823,2.7701,3.0207,3.2881,0.65698,0.38934,0.41396,0.60739,0.89761,1.3668,1.7643,2.1714,2.2569,2.69,0.22161,0.0934,0.040196,0.29064,0.72617,1.2521,1.8691,2.0732,1.9256,1.9945,0.8089,0.51442,0.39598,0.75206,1.0749,1.3985,1.3128,1.4852,1.5573,1.734,1.2768,0.83969,0.67414,0.68882,0.87274,1.0617,1.1514,1.27,1.77,1.8395,2.9748,2.501,1.6223,1.3056,1.6936,2.209,2.3787,2.4243,2.2485,2.5173,0,0,0,0,0,0,0,0,0,0,0,0,0,0,0,0,0,0,0,0
0,0,0,0,0,0,0,0,0,0,2.6172,1.5442,1.3893,1.5944,1.4764,2.0731,3.3003,3.2695,3.4175,3.0211,1.9387,1.1947,0.95392,1.1525,1.3408,1.7663,2.5928,2.9269,2.9818,2.7864,0.64486,0.3463,0.44106,0.60734,0.84492,1.4597,1.7406,2.0872,2.1792,2.347,0,0.1208,0.092192,0.32139,0.69412,1.1697,1.9445,2.1602,2.0057,1.8404,0.55833,0.52345,0.41723,0.75483,1.0343,1.3196,1.3444,1.4547,1.6374,1.6335,0,1.0367,0.71824,0.68576,0.82923,1.1156,1.201,1.3237,1.9373,2.0406,0,2.2801,1.5639,1.5951,2.0969,2.1347,2.1863,2.6068,2.8264,3.0065,0,0,0,0,0,0,0,0,0,0,0,0,0,0,0,0,0,0,0,0
0,0,0,0,0,0,0,0,0,0,0,0,0,0,0,0,0,5.077,3.2861,2.9542,0,0,0,0,0,0,0,0,2.7261,2.6879,0,0,0,1.5458,1.7972,2.4406,3.0015,3.1243,2.2689,2.6829,0,0,0,0,0,1.3782,0,0,1.8329,1.924,0,0,0.41171,1.5101,1.5984,1.8951,1.9778,1.7364,1.7462,2.0371,0,0,1.0231,0.90993,1.3458,1.5605,2.0906,1.07,2.9849,2.25,0,0,0,0,0,0,2.8923,0,3.7629,3.2514,0,0,0,0,0,0,0,0,0,0,0,0,0,0,0,0,0,0,0,0
0,0,0,0,0,0,0,0,0,0,0,0,0,1.4848,1.53,2.0596,3.1471,3.7121,3.6777,3.1462,0,0,2.0573,1.5231,1.5697,2.0073,2.8066,3.1651,3.4674,3.2057,1.3962,1.1139,1.0671,1.3143,1.5444,2.1463,2.5657,2.9866,3.0485,3.047,0.42041,0.041982,0.245,0.47358,0.85591,1.3888,2.0528,2.2011,2.2716,2.2303,0,0.43984,0.66458,0.9893,1.324,1.6703,1.5803,1.6092,1.905,1.6734,0,0,1.2082,1.0683,1.2686,1.5801,1.7066,1.6555,2.2905,2.7896,0,0,0,0,0,0,0,0,3.5821,3.558,0,0,0,0,0,0,0,0,0,0,0,0,0,0,0,0,0,0,0,0
0,0,0,0,0,0,0,0,0,0,0,0,0,0,0,0,0,0,0,0,0,0,0,0,0,0,0,0,0,0,1.2497,0.99146,1.2825,1.4528,1.5617,2.415,2.8762,0,0,0,0.65924,0.68957,0.78021,1.0031,1.3771,1.9743,2.0574,0,0,0,0.92109,0.62969,0.53046,0.85694,1.1963,1.5109,1.4554,0,0,0,0,1.1048,0.92422,1.0062,1.2273,1.4717,1.5429,0,0,0,0,2.791,1.9122,1.8518,2.1693,2.4747,2.6841,3.7589,0,0,0,0,4.6417,3.6362,3.9613,4.9875,0,0,0,0,0,0,0,0,0,0,0,0,0,0
0,0,0,0,0,0,0,0,0,0,0,0,1.6463,1.1316,1.0867,1.7402,2.7116,3.1966,0,0,0,0,0,1.291,1.3952,1.8224,2.7535,2.6405,2.5671,0,1.3497,1.1943,1.2211,1.1524,1.595,2.2406,2.425,2.5345,3.0388,0,0.60317,0.91294,0.51306,0.83105,1.2017,1.6984,2.2259,2.729,3.1629,3.4426,0,0,0.58959,0.91285,1.2597,1.5859,1.3763,1.4125,1.3141,2.3438,0,0,1.0169,1.0389,1.2788,1.4794,1.5259,1.9555,2.7598,2.443,0,0,0,1.8335,1.9976,2.1243,2.3738,3.4113,0,0,0,0,0,0,3.2474,4.3926,6.8113,5.6638,0,0,0,0,0,0,0,0,0,0,0,0
0,0,0,0,0,0,0,0,0,0,0,0,0,0,0,0,0,0,0,0,0,0,0,0,0,0,0,0,0,0,1.4659,1.1546,1.2703,1.5158,1.748,2.3879,2.8521,3.4551,3.3035,0,0.97428,0.83732,0.75956,1.0647,1.4127,2.0761,2.9566,2.9953,2.4887,3.4322,0,1.1907,0.49149,0.86507,1.143,1.4424,1.5065,1.6068,1.5068,0,0,0,0.87407,0.91168,1.1502,1.4185,1.5118,1.5566,2.1585,2.8841,0,0,1.7088,1.6962,1.9506,2.1648,2.2417,2.5411,0,0,0,0,0,3.2068,3.5225,0,0,0,0,0,0,0,0,0,0,0,0,0,0,0
0,0,0,0,0,0,0,0,0,0,0,0,0,0,1.1229,0,0,0,0,0,0,0,0,0,1.359,1.7447,0,0,0,0,1.3573,1.08,1.2363,1.3918,1.5219,2.0056,2.6429,3.2367,3.4073,3.3408,0.4346,0.46405,0.61236,0.95371,1.3665,1.9556,2.8075,2.9477,2.7786,1.8445,0,0.6334,0.5607,0.90146,1.2295,1.5877,1.5233,1.6547,1.7158,1.5308,0,1.1061,0.96065,1.0298,1.2721,1.4964,1.5956,1.6985,2.2048,2.055,0,2.7933,1.9348,1.8285,2.13,2.4354,2.6421,3.2691,3.2707,3.5343,0,0,4.4615,3.6859,4.0076,5.0231,0,5.771,6.0912,0,0,0,0,0,0,0,0,0,0,0
0,0,0,0,0,0,0,0,0,0,0,0,0,0,0,0,0,0,0,0,0,0,0,0,0,0,0,0,0,0,1.4688,1.205,1.3208,1.572,1.9129,2.545,3.018,3.5338,3.752,3.9747,0,0.27195,0.80912,1.0441,1.5577,2.2651,3.1547,0,0,2.2684,0,0.67631,0.56952,0.86599,1.3075,1.4956,1.4253,1.232,1.925,1.8087,0,1.1782,0.92864,0.95146,1.2269,1.4479,1.5568,1.6492,2.1153,2.1715,0,0,1.8823,1.8099,2.0731,2.4284,2.6875,3.3322,3.2815,3.1791,0,0,0,3.4681,3.9202,4.8871,0,0,6.1504,6.264,0,0,0,0,0,0,0,0,0,0
0,0,0,0,0,0,0,0,0,0,0,0,0,0,0,0,0,0,0,0,0,0,0,0,0,0,0,0,0,0,1.463,1.1337,1.2601,1.5148,1.8613,2.4412,2.9502,3.1918,2.7496,2.6676,0.85627,0.44925,0.62962,0.97788,1.2495,1.9508,2.8469,2.7298,2.5191,3.19,0,0.64888,0.52431,0.86554,1.2379,1.5689,1.5299,1.4891,1.7124,1.8157,0,0.81195,0.93218,1.0262,1.2677,1.5109,1.518,1.6208,2.3958,2.5909,0,0,1.908,1.7888,1.9635,2.1581,2.3695,2.8574,0,0,0,0,0,3.1425,3.6044,4.8735,6.7405,0,0,0,0,0,0,0,0,0,0,0,0,0
0,0,0,0,0,0,0,0,0,0,0,0,0,0,0,0,0,0,0,0,0,0,0,0,0,0,0,0,0,0,0,0,0,0,0,0,0,0,0,0,0.96006,0.89577,0.97984,1.1675,1.5803,2.2404,3.1361,0,0,0,0,0,0,0,0,0,0,0,0,0,0,0,0,0,0,0,0,0,0,0,0,0,0,0,0,0,0,0,0,0,0,0,0,0,0,0,0,0,0,0,0,0,0,0,0,0,0,0,0,0
0,0,0,0,0,0,0,0,0,0,2.4935,1.4246,1.2683,1.2596,1.1409,1.7542,3.0668,3.1514,0,0,1.8522,1.1478,0.95648,1.1218,1.2502,1.5883,2.3902,0,0,0,0,0.3412,0.41701,0.58472,0.89028,1.3743,1.7967,0,0,0,0,0.057641,0.031077,0.28686,0.67973,1.1673,1.7749,0,0,0,0,0.51327,0.39708,0.71358,1.0485,1.3352,1.2802,1.5164,0,0,0,0.85768,0.66958,0.68249,0.88922,1.1057,1.5057,1.5447,1.9335,0,0,0,1.4408,1.5641,1.4037,1.4903,1.5757,2.435,2.9182,2.7869,0,4.8933,3.7865,2.9681,3.1445,4.1266,6.4421,5.6125,6.236,6.3382,0,0,0,0,0,0,0,0,0,0
0,0,0,0,0,0,0,0,0,0,2.5695,1.3499,1.2385,1.2878,1.3514,1.9222,2.9587,2.92,3.1028,3.9192,1.8828,1.1452,0.95895,1.1648,1.3242,1.7461,2.5539,2.8675,2.6864,0,0.60376,0.33295,0.4302,0.58843,0.88623,1.3316,1.6643,0,0,0,0.18712,0.064291,0.041763,0.29054,0.64539,1.1797,1.8177,0,0,0,0.83302,0.51812,0.39847,0.7036,1.0264,1.3394,1.3145,1.4404,0,0,1.2629,0.86596,0.65827,0.71747,0.90266,1.1143,1.1638,1.3257,1.8174,0,2.9616,2.1771,1.3829,1.166,1.4664,1.9709,2.121,2.509,2.2653,1.9184,4.1466,3.4501,4.166,3.522,3.8593,5.0911,0,5.6937,5.9231,5.2284,0,0,0,0,0,0,0,0,0,0
0,0,0,0,0,0,0,0,0,0,2.7802,1.3794,1.2324,1.1593,1.1192,1.8324,3.0618,0,0,0,1.8811,1.1485,0.95401,1.1561,1.288,1.7065,2.577,2.8499,0,0,0.61587,0.33815,0.43487,0.60599,0.88988,1.3715,1.7249,2.0694,2.224,0,0.17222,0.053398,0.044666,0.301,0.69029,1.1782,1.7926,1.9645,1.8756,2.0035,0.81991,0.52716,0.38461,0.72216,1.0177,1.3575,1.3465,1.4159,1.5583,1.7127,0,0.86541,0.66392,0.68399,0.88518,1.1018,1.2511,1.2742,1.8026,1.7631,0,2.2116,1.676,1.4917,1.3416,1.4394,1.5806,2.6027,2.9031,2.65,0,4.4103,3.0791,2.7613,3.1715,4.2055,6.4896,5.6281,0,6.3891,0,0,0,0,0,0,0,0,0,0
0,0,0,0,0,0,0,0,0,0,2.9217,1.6019,1.322,1.2838,1.2119,1.9701,3.0133,0,0,0,1.9116,1.168,0.96474,1.1986,1.2836,1.7331,2.5123,0,0,0,0.63374,0.34398,0.43118,0.58322,0.89221,1.3636,1.6642,0,0,0,0.18707,0.055134,0.025839,0.27292,0.67587,1.1616,1.7589,0,0,0,0.8201,0.50948,0.38233,0.70497,1.0336,1.3008,0,0,0,0,1.2537,0.8423,0.66909,0.70744,0.89304,1.0413,0,0,0,0,2.8837,2.1501,1.3348,1.5282,1.7252,2.249,0,0,0,0,5.6476,3.9518,4.2949,3.3969,3.7268,0,0,0,0,0,0,0,0,0,0,0,0,0,0,0
0,0,0,0,0,0,0,0,0,0,2.7337,1.5652,1.1969,1.2761,1.3251,1.9126,3.0087,3.3336,3.1574,3.1094,1.9148,1.1708,0.95032,1.1927,1.3014,1.7492,2.5887,2.7979,2.9844,3.2007,0.60195,0.32853,0.41572,0.57641,0.89032,1.3976,1.722,2.0858,2.1838,2.6084,0.17927,0.047955,0.018646,0.2882,0.69016,1.1857,1.8752,2.0083,1.899,2.0394,0,0.50604,0.39678,0.72098,1.0457,1.3951,1.3252,1.4427,1.6051,1.6634,0,0.84701,0.66848,0.70768,0.89472,1.0796,1.1326,1.2953,1.892,1.8164,0,2.1375,1.3571,1.3913,1.5046,1.6688,2.1112,2.8723,2.8942,2.2653,0,3.4997,2.9258,3.0267,3.6265,4.8788,0,0,6.1957,6.1883,0,0,0,0,0,0,0,0,0,0
0,0,0,0,0,0,0,0,0,0,0,0,0,0,0,0,0,0,0,0,0,0,0,0,0,0,0,0,0,0,1.4691,1.1905,1.337,1.4915,1.9023,2.5484,3.026,3.5128,3.7307,4.1692,0.99872,0.85495,1.0018,1.0612,1.4988,2.1054,2.9942,3.2628,3.1397,2.038,0,0.65936,0.58312,0.90113,1.2917,1.5732,1.6399,1.8458,2.4661,1.3874,0,1.1177,0.93842,1.0931,1.2833,1.5129,1.568,1.7876,2.4432,2.981,0,0,1.8811,1.8637,2.1855,2.4903,2.6058,3.229,3.2498,3.5602,0,0,0,3.5272,3.8466,4.4295,0,5.7341,6.1433,6.2601,0,0,0,0,0,0,0,0,0,0
0,0,0,0,0,0,0,0,0,0,0,0,1.0875,1.2663,1.1644,1.8532,2.7662,2.9621,3.4436,3.4213,0,0,1.042,1.254,1.3509,1.7488,2.6088,2.8667,2.902,3.4602,1.3738,1.1288,1.1487,1.2113,1.6271,2.1608,2.5912,2.974,2.566,2.9948,0.93277,0.88069,0.91599,0.65289,1.0456,1.7708,2.578,2.7413,2.412,3.1359,0,0,0.91486,0.90713,1.2786,1.603,1.475,1.621,1.5402,1.6148,0,0,0,0.99939,1.2144,1.4286,1.5475,1.7648,2.4127,2.429,0,0,0,2.2293,1.9204,2.1187,2.5226,3.4708,3.856,0,0,0,0,0,0,0,7.1122,5.4932,0,0,0,0,0,0,0,0,0,0,0,0
0,0,0,0,0,0,0,0,0,0,0,0,0,1.5124,1.5548,2.1142,3.2865,3.7826,3.3918,3.5686,0,0,0,1.5199,1.6239,2.2308,2.951,3.3383,3.2095,3.7636,1.4031,1.1763,1.1724,1.2702,1.5803,2.2538,2.7099,3.206,3.3431,3.2823,0.5324,0.48106,0.24239,0.51313,0.88685,1.4344,2.1104,2.1946,2.2154,1.9445,0.60178,1.0386,0.681,0.95584,1.3002,1.6217,1.603,1.7408,2.0156,1.7897,0,0,1.2358,1.1581,1.3878,1.6049,1.5939,1.7362,2.3573,2.3653,0,0,0,0,0,0,0,0,0,0,0,0,0,0,0,0,0,0,0,0,0,0,0,0,0,0,0,0,0,0
0,0,0,0,0,0,0,0,0,0,0,0,0,1.4404,1.585,2.1571,3.42,3.4458,3.4763,3.4219,0,0,2.0864,1.3678,1.5732,2.0208,2.829,3.3484,3.305,3.5471,1.4174,1.0759,1.0623,1.3375,1.5713,2.219,2.6029,3.0612,3.2343,3.488,0,0.27467,0.2235,0.48956,0.89088,1.4112,2.1104,2.2749,2.1229,2.3165,0,0.74108,0.63094,0.90075,1.2878,1.6312,1.637,1.7449,1.9219,1.8554,0,0,1.0428,1.0874,1.1953,1.5317,1.5693,1.7725,2.2962,2.5133,0,0,0,0,0,0,0,0,0,0,0,0,0,0,0,0,0,0,0,0,0,0,0,0,0,0,0,0,0,0
0,0,0,0,0,0,0,0,0,0,0,0,0,0,0,0,0,0,0,0,0,0,0,0,0,0,2.4695,2.7195,0,0,0,0,0,0,0,1.279,1.5785,1.8048,0,0,0,0,0,0,0,1.2191,1.7203,2.1171,2.3186,2.2281,1.7415,1.4156,1.3241,1.7027,2.061,2.3843,2.3329,2.5744,2.5621,2.0852,0,0,0,0,0,0,0,0,0,0,0,0,0,0,0,0,0,0,0,0,0,0,0,0,0,0,0,0,0,0,0,0,0,0,0,0,0,0,0,0
0,0,0,0,0,0,0,0,0,0,0,0,0,0,0,0,0,0,0,0,0,0,0,0,0,0,0,0,0,0,0,0,0,0,0,1.3457,1.499,1.7058,1.9444,0,0,0,0,0,0,1.1987,1.8561,1.8188,1.7368,0,1.728,1.401,1.325,1.7056,2.0564,2.3089,2.2996,2.4175,2.7596,2.9317,0,0,0,0,0,1.5599,2.0217,2.3019,0,0,0,0,0,0,0,0,0,0,0,0,0,0,0,0,0,0,0,0,0,0,0,0,0,0,0,0,0,0,0,0
0,0,0,0,0,0,0,0,0,0,0,1.1719,1.0153,0.99489,1.0885,1.7357,2.9612,0,0,0,0,0.87782,0.70264,0.90326,1.0402,1.5006,2.5685,0,0,0,0,0.11003,0.18639,0.32067,0.64189,1.208,1.4175,0,0,0,0,0,0,0.20734,0.57947,0.983,1.4588,0,0,0,0,0.40814,0.24005,0.6299,0.85936,1.1512,1.0351,0,0,0,0,0.81707,0.77268,0.70669,0.82598,0.99344,0.89094,0,0,0,0,0,0,0,0,0,0,0,0,0,0,0,0,0,0,0,0,0,0,0,0,0,0,0,0,0,0,0,0,0
0,0,0,0,0,0,0,0,0,0,2.252,1.2057,0.99256,1.0074,1.063,1.5653,0,0,0,0,1.5468,0.8758,0.68223,0.89428,1.0158,1.4415,0,0,0,0,0.415,0.097389,0.19002,0.34233,0.63802,1.084,0,0,0,0,0.060706,0,0,0.22442,0.57391,0.92647,0,0,0,0,0.68237,0.37522,0.27579,0.64269,0.93435,1.0881,0,0,0,0,2.0646,1.4334,1.2511,0.94346,1.0897,1.2789,0,0,0,0,0,0,0,0,0,0,0,0,0,0,0,0,0,0,0,0,0,0,0,0,0,0,0,0,0,0,0,0,0,0
0,0,0,0,0,0,0,0,0,0,0,0,0,0,0,0,0,0,0,0,0,0,0,0,0,0,0,0,0,0,0,0,0,0,0,0,0,0,0,0,0,0,0,0,0,0,0,0,2.0493,2.2514,1.7104,1.4091,1.3304,1.7078,2.0734,2.465,2.4097,2.5773,2.713,2.7814,0,0,0,0,0,0,0,2.3461,2.8925,2.5486,0,0,0,0,0,0,0,0,3.9157,3.7024,0,0,0,0,0,0,0,0,0,0,0,0,0,0,0,0,0,0,0,0
0,0,0,0,0,0,0,0,0,0,0,0,0,0,0,0,0,0,0,0,0,0,0,0,0,0,0,0,0,0,0,0,0,0,0,0,0,0,0,0,0,0,0,0,0,0,0,0,2.1636,2.2672,1.7159,1.4165,1.335,1.707,2.0732,2.4673,2.4122,2.5764,2.7046,2.795,0,0,0,0,0,0,0,2.1466,2.8679,2.5885,0,0,0,0,0,0,0,0,3.92,3.7028,0,0,0,0,0,0,0,0,0,0,0,0,0,0,0,0,0,0,0,0
0,0,0,0,0,0,0,0,0,0,0,0,0,1.494,1.247,1.8807,2.6445,2.9638,3.9095,3.6565,0,0,1.9187,1.3277,1.3548,1.6647,2.5995,2.7641,3.0337,3.4349,0,0,0,0.54437,0.94646,1.3372,1.7574,1.8759,1.9112,2.562,0.97061,0.90925,0.96838,1.1123,1.4737,2.1144,2.785,2.7946,2.5786,2.6194,1.1949,1.2164,1.0822,1.5035,2.0248,2.4593,2.3935,2.5674,2.7278,2.438,0,0,0,0,0,0,0,0,2.9099,2.6984,0,0,0,0,0,0,0,0,0,0,0,0,0,0,0,0,0,0,0,0,0,0,0,0,0,0,0,0,0,0
0,0,0,0,0,0,0,0,0,0,0,0,0,1.7284,1.3368,1.6972,2.5241,3.0779,3.6835,3.706,0,0,0,1.3289,1.4218,1.7141,2.7735,2.8069,3.0492,3.4337,0,0,0,0.52938,0.92408,1.3097,1.8385,1.9149,1.9462,2.5971,0.95712,0.90406,0.97912,1.1108,1.4722,2.123,2.8607,2.8115,2.54,2.5582,1.6792,1.0864,1.1567,1.62,2.0111,2.444,2.4085,2.5684,2.6863,2.3007,0,0,0,0,0,0,0,0,2.8644,2.7197,0,0,0,0,0,0,0,0,0,0,0,0,0,0,0,0,0,0,0,0,0,0,0,0,0,0,0,0,0,0
0,0,0,0,0,0,0,0,0,0,0,0,0,0,1.2063,1.9207,3.6058,3.519,3.1107,3.7104,0,2.2641,1.1813,1.3633,1.3265,1.7579,2.5674,2.5152,3.0022,3.4058,0,0,1.3807,0.54024,0.74603,1.2563,1.5736,1.9364,1.9186,2.2626,0.96981,0.91522,0.96414,1.0185,1.4718,2.1358,2.9438,2.9235,2.5738,2.3882,1.6125,1.3686,1.2905,1.6572,2.0496,2.4402,2.3262,2.2504,2.4975,2.5073,0,0,0,0,0,0,0,0,0,0,0,0,0,0,0,0,0,0,0,0,0,0,0,0,0,0,0,0,0,0,0,0,0,0,0,0,0,0,0,0
0,0,0,0,0,0,0,0,0,0,0,0,0,0,2.1838,2.5994,3.8344,3.8099,3.7886,3.9208,0,1.69,1.8632,1.3023,1.414,1.8084,2.5889,2.6184,3.0657,3.1676,0,0.51911,0.68446,0.54683,0.75489,1.2505,1.664,1.9777,2.0917,2.2732,0.9545,0.90781,0.96455,1.0201,1.4772,2.1382,2.9365,2.9248,2.53,2.4617,1.6034,1.3627,1.2858,1.6788,2.0535,2.4314,2.2942,2.288,2.5472,2.4856,0,0,0,0,0,0,0,0,0,0,0,0,0,0,0,0,0,0,0,0,0,0,0,0,0,0,0,0,0,0,0,0,0,0,0,0,0,0,0,0
0,0,0,0,0,0,0,0,0,0,0,0,0,0,0,0,0,0,0,0,0,0,0,0,0,0,0,0,0,0,0,0,0,0,0,0,1.5204,0,0,0,0,0,0,0,0,1.311,1.7763,2.067,0,0,1.7339,1.4009,1.3275,1.7053,2.0604,2.4204,2.3697,2.2842,2.7303,2.8868,0,0,0,0,0,0,1.5093,1.8968,2.9003,2.6163,0,0,0,0,0,0,0,0,0,0,0,0,0,0,0,0,0,0,0,0,0,0,0,0,0,0,0,0,0,0
0,0,0,0,0,0,0,0,0,0,0,0,0,0,0,0,0,0,0,0,0,0,0,0,0,0,0,0,0,0,0,0,0,0,0,0,0,2.361,2.6723,0,0,0,0,0,0,0,1.9826,2.0195,1.8328,2.1904,1.7282,1.4055,1.33,1.696,2.0613,2.3429,2.2721,2.4908,2.6854,2.8423,0,0,0,0,0,1.273,1.8828,2.2229,2.7108,2.4923,0,0,0,0,0,0,0,0,0,0,0,0,0,0,0,0,0,0,0,0,0,0,0,0,0,0,0,0,0,0
0,0,0,0,0,0,0,0,0,0,0,0,0,0,0,0,0,0,0,3.4388,0,0,0,0,0,0,0,3.2449,3.2311,2.9773,0,0,0,0.7167,1.0429,1.4481,1.7186,1.7633,1.8801,2.2103,0,0,0.84826,0.4756,0.86021,1.3622,2.2553,2.5845,2.0627,2.8935,1.7191,1.4025,1.3239,1.6918,2.0494,2.4503,2.3894,2.4771,2.6411,2.749,0,0,0,0,0,0,0,2.2459,2.9968,2.8396,0,0,0,0,0,0,0,0,0,3.722,0,0,0,0,0,0,0,0,0,0,0,0,0,0,0,0,0,0,0,0
0,0,0,0,0,0,0,0,0,0,0,0,0,0,0,0,0,0,0,0,0,0,0,0,0,0,0,0,0,0,0,0,0,0,0,0,0,0,0,0,0,0,0,0,0,0,0,0,0,0,1.7226,1.4054,1.3372,1.7071,2.0745,2.3322,2.4071,2.546,0,0,0,0,0,0,1.8964,1.3571,2.16,0,0,0,0,0,0,0,0,2.6123,2.832,0,0,0,0,0,0,0,0,0,0,0,0,0,0,0,0,0,0,0,0,0,0,0
0,0,0,0,0,0,0,0,0,0,0,0,0,0,0,0,0,0,0,0,0,0,0,0,0,1.5598,2.696,2.915,2.7058,3.3053,0,0,0,0,0,1.4022,1.6735,1.8891,1.8843,2.1873,0,0.87036,0.77352,1.1982,1.4587,1.3421,1.9626,2.1859,1.8277,1.9327,1.7195,1.4041,1.324,1.704,2.0618,2.4122,2.2068,2.4732,2.6541,2.7117,0,0,0,0,0,0,1.6957,2.1545,2.5314,2.3326,0,0,0,0,0,0,0,0,0,0,0,0,0,0,0,0,0,0,0,0,0,0,0,0,0,0,0,0,0,0
0,0,0,0,0,0,0,0,0,0,0,0,0,0,0,0,0,0,5.2769,3.1283,0,0,0,0,1.3461,1.8416,2.4272,2.4631,3.138,2.9707,0,0,0,0,1.0882,1.2674,1.5804,1.885,1.9426,2.1683,0,0,0,0.83133,0.93435,1.1652,1.7718,2.1997,2.3066,2.7685,1.7409,1.4102,1.3201,1.7022,2.0283,2.4176,2.3831,2.5334,2.0531,2.5101,0,0,0,0,0,0,0,0,1.9228,0,0,0,0,0,0,0,0,0,0,0,0,0,0,0,0,0,0,0,0,0,0,0,0,0,0,0,0,0,0,0
0,0,0,0,0,0,0,0,0,0,0,0,0,0,0,0,0,0,0,0,0,0,0,0,0,0,0,0,0,0,0,0,0,0,0,0,0,0,0,0,0,0,0,0,0,0,0,0,0,0,1.7418,1.4245,1.3363,1.7085,2.067,2.4691,2.4011,2.5648,0,0,0,0,0,0,0,0,0,0,0,0,0,0,0,0,0,0,0,0,0,0,0,0,0,0,0,0,0,0,0,0,0,0,0,0,0,0,0,0,0,0
0,0,0,0,0,0,0,0,0,0,0,0,0,0,0,0,0,0,0,2.7438,0,0,0,0,0,0,2.428,2.4037,2.6234,3.0398,0,0,0,0.68394,1.0076,1.5041,1.7682,1.7939,1.8679,2.1931,0.16479,0.072562,0.29066,0.52578,0.85732,1.349,2.2074,2.6293,2.0305,2.8902,1.7002,1.4105,1.3149,1.6862,2.0558,2.4523,2.3888,2.4803,2.6487,2.7687,0,0,0,0,0,0,0,2.2381,2.9964,2.8296,0,0,0,0,0,0,0,0,0,3.724,0,0,0,0,0,0,0,0,0,0,0,0,0,0,0,0,0,0,0,0
0,0,0,0,0,0,0,0,0,0,0,0,0,0,0,0,0,0,0,0,0,0,1.4046,0,0.93477,1.6206,2.5812,3.1086,3.3001,3.8427,0,0,0,0.58468,0.8809,1.3094,1.7267,2.1186,1.893,2.2194,0.70424,0,0,0.49515,0.79,1.3053,1.9375,2.2979,2.2931,2.3979,1.7081,1.4024,1.3113,1.6771,2.0599,2.4459,2.3827,2.3731,2.6474,2.6134,0,0,0,0,0,0,0,0,0,2.9306,0,0,0,0,0,0,0,0,0,0,0,0,0,0,0,0,0,0,0,0,0,0,0,0,0,0,0,0,0,0
0,0,0,0,0,0,0,0,0,0,0,0,0,0,0,0,0,0,0,0,0,0,0,0,0,1.6236,0,3.1083,3.3178,0,0,0,0,0.55414,0.89116,1.3313,1.664,2.1796,1.9746,2.5754,0.31332,0,0.54789,0.50258,0.76991,1.2957,1.8986,2.2413,2.2519,2.3782,1.7153,1.4116,1.3064,1.6764,2.0605,2.4526,2.3753,2.3798,2.6624,2.6046,0,0,0,0,0,0,0,0,0,2.9538,0,0,0,0,0,0,0,0,0,0,0,0,0,0,0,0,0,0,0,0,0,0,0,0,0,0,0,0,0,0
0,0,0,0,0,0,0,0,0,0,0,0,0,0,0,0,0,0,0,0,0,0,0,0,0,0,0,0,0,0,0,0,0,0,0,0,0,0,0,0,0,0,0,0,0,1.9806,0,0,2.6975,1.8173,1.7159,1.4075,1.3264,1.7011,2.0663,2.2588,2.3621,2.5523,2.7428,2.8927,0,0,0,0,1.8763,1.5515,1.7077,0,0,0,0,0,0,0,0,0,0,0,0,0,0,0,0,0,0,0,0,0,0,0,0,0,0,0,0,0,0,0,0,0
0,0,0,0,0,0,0,0,0,0,0,0,0,0,0,0,0,0,0,0,0,0,0,0,0,0,0,0,0,0,0,0,0,0,0,0,0,0,0,0,0,0,0,0,0,1.8279,0,0,2.9669,2.7,1.7074,1.4141,1.332,1.704,2.0582,2.4356,2.3826,2.5699,2.7606,2.7906,0,0,0,0,0,0,0,2.3076,2.9613,2.9521,0,0,0,0,0,0,0,3.7692,3.9393,3.7059,0,0,0,0,0,0,0,0,0,0,0,0,0,0,0,0,0,0,0,0
0,0,0,0,0,0,0,0,0,0,0,0,0,0,0,0,0,0,0,0,0,0,0,0,0,0,0,0,0,0,0,0,0,0,0,0,0,0,0,0,0,0,0,0,0,0.9111,0,2.8501,2.2738,0,1.734,1.4018,1.3275,1.6982,2.0637,2.4502,2.402,2.5459,2.6502,2.6969,0,0,0,0,0,0,0,2.3302,2.9409,2.8661,0,0,0,0,0,0,0,3.7222,3.9052,3.7035,0,0,0,0,0,0,0,0,0,0,0,0,0,0,0,0,0,0,0,0
0,0,0,0,0,0,0,0,0,0,0,0,0,0,0,0,0,0,0,0,0,0,0,0,0,0,0,0,0,0,0,0,0,0,0,0,0,0,0,0,0,0,0,0,0,0.85596,0,3.0146,2.3805,0,1.7408,1.421,1.3216,1.7017,1.9635,2.4056,2.3824,2.5127,2.7078,2.5167,0,0,0,0,1.3435,1.8486,1.8112,2.0182,2.0118,1.8307,0,0,0,0,0,2.6722,0,0,0,0,0,0,0,0,0,0,0,0,0,0,0,0,0,0,0,0,0,0,0,0
