0.17004
0.48702
0.40352
0.040702
0.050015
0.17002
0.03882
0.12776
0.062737
0.15942
0.087357
0.0028642
0.14858
0.009445
0.07068
0.082396
0.11251
0.1124
0.076372
0.041588
0.032272
0.047421
0.13073
0.053311
0.040048
0.14052
0.020054
0.22869
0.038259
0.024623
0.0011989
0.024008
0.053613
0.057112
0.12128
0.12111
-0.25897
-0.28419
-0.285
-0.26276
-0.29323
-0.23461
-0.2557
-0.2325
-0.20386
-0.40081
-0.63783
-0.60712
-0.48364
-0.40634
-0.27331
-0.29577
0.020832
0.51843
0.072558
0.15928
0.096189
0.032705
0.056613
0.074107
0.072316
0.04796
0.052328
0.0044952
0.15582
0.021574
0.079784
0.079114
0.25047
0.032556
