0.016632
0.016609
0.093342
0.20646
0.092738
0.097718
0.010187
0.00092628
0.048642
0.00068851
0.019041
0.0017646
0.028938
0.039009
0.02491
0.019211
0.025244
0.0030644
0.01303
0.081546
0.00028898
0.016623
0.016638
0.038661
0.053368
0.053078
0.060004
0.062318
0.15079
0.074921
0.011618
0.038796
0.0074503
0.070264
0.030735
0.0014442
0.035737
0.015094
0.072887
0.039857
0.058865
0.030374
0.095635
0.031164
0.014406
0.017457
0.010326
0.0028847
0.031658
0.020321
0.014188
0.045602
0.011309
0.039366
0.017456
0.010218
0.050504
0.014611
0.017605
0.014645
0.0098767
0.014694
0.0099027
0.014712
0.026409
0.046345
0.03318
0.012163
0.011315
0.013039
0.031531
0.063546
0.026383
0.022573
0.07447
0.016328
0.037709
0.023644
0.037968
0.049391
0.13952
0.093001
0.053687
0.06718
0.098757
0.077654
0.048899
0.061047
0.12311
0.093199
0.02535
0.040393
0.081626
0.076197
0.050002
0.077015
0.078603
0.093401
0.037089
0.02114
0.065036
0.095966
0.012556
0.017767
0.0092946
0.02612
0.089269
0.0081727
0.062492
0.06687
0.14232
0.040343
0.06205
0.058887
0.012026
0.024955
0.016036
0.020809
0.0080672
0.007342
0.0069254
0.0071411
0.0072752
0.031793
0.027158
0.010353
0.030555
0.015137
0.090036
0.094611
0.097234
0.10761
0.002829
0.010598
0.018978
0.068414
0
0
0
0
0
0
0
0
0
0
0
0
0
0
0
0
0
0
0
0
0
0
0
0
0
0
0
0
0
0
0
0.098916
0.097888
0.15195
0.14232
0.14232
0.13841
0.14223
0.12261
0.14225
0.14218
0.14184
0.14186
0.14072
0.14185
0.099104
0.1422
0.14226
0.14222
0.14228
0.14228
0.14029
0.14196
0.10767
0.10395
0.1293
0.11592
0.12507
0.10888
0.07805
0.07775
0.096942
0.10049
0.098514
0.098039
0.11644
0.11876
0.10971
0.14577
0.12807
0.13764
0.12827
0.1045
0.12664
0.1276
0.12618
0.10294
0.11371
0.11939
