0.042042
0.01232
0.029222
0.016186
0.016294
0.010649
0.036684
0.026391
0.1064
0.055429
0.36179
0.2163
0.14689
0.026085
0.065981
0.032375
0.10703
0.015891
0.031132
0.22164
0.12023
0.023731
0.078409
0.005509
0.29958
0.1207
0.051071
0.049136
0.074565
0.074976
0.095029
0.13585
0.19879
0.12628
0.099187
0.1193
0.041953
0.2612
0.2702
0.21823
0.19098
0.1882
0.019558
0.009186
0.061118
0.16041
-0.34068
-1.178
-0.45466
-0.61293
-0.52014
-0.50239
-0.27452
-1.5705
-0.38385
-0.65065
-0.29503
-0.73897
0.093736
0.24295
0.15727
0.52991
0.47574
0.12302
0.37379
0.2686
0.21352
0.12915
0.24451
