OR: 5.59689 -0.0901497 3.2943 6.00775e-38 16
5.44689 -0.24015
5.44689 -0.14015
5.44689 -0.0401497
5.44689 0.0598503
5.54689 -0.24015
5.54689 -0.14015
5.54689 -0.0401497
5.54689 0.0598503
5.64689 -0.24015
5.64689 -0.14015
5.64689 -0.0401497
5.64689 0.0598503
5.74689 -0.24015
5.74689 -0.14015
5.74689 -0.0401497
5.74689 0.0598503
CR: 3.36439 1.7532 0.204893 0.5 16
3.21439 1.6032
3.21439 1.7032
3.21439 1.8032
3.21439 1.9032
3.31439 1.6032
3.31439 1.7032
3.31439 1.8032
3.31439 1.9032
3.41439 1.6032
3.41439 1.7032
3.41439 1.8032
3.41439 1.9032
3.51439 1.6032
3.51439 1.7032
3.51439 1.8032
3.51439 1.9032
livingroom: 4.03017 4.89579 1.5708 2 285
1.6 1.4
1.6 1.5
1.6 1.6
1.6 1.7
1.6 1.8
1.6 1.9
1.6 2
1.6 2.1
1.6 2.2
1.6 2.3
1.6 2.4
1.6 2.5
1.6 2.6
1.6 2.7
1.6 2.8
1.6 2.9
1.6 3
1.6 3.1
1.6 3.2
1.6 3.3
1.6 3.4
1.6 3.5
1.6 3.6
1.6 3.7
1.6 3.8
1.6 3.9
1.6 4
1.6 6.8
1.6 6.9
1.6 7
1.6 7.1
1.6 7.2
1.6 7.3
1.6 7.4
1.6 7.5
1.6 7.6
1.7 1.4
1.7 1.5
1.7 1.6
1.7 1.7
1.7 1.8
1.7 1.9
1.7 2
1.7 2.1
1.7 2.2
1.7 2.3
1.7 2.4
1.7 2.5
1.7 2.6
1.7 2.7
1.7 2.8
1.7 2.9
1.7 3
1.7 3.1
1.7 3.2
1.7 3.3
1.7 3.4
1.7 3.5
1.7 3.6
1.7 3.7
1.7 3.8
1.7 3.9
1.7 4
1.7 4.1
1.7 4.2
1.7 4.3
1.7 4.4
1.7 4.5
1.7 4.6
1.7 4.7
1.7 4.8
1.7 4.9
1.7 5
1.7 5.1
1.7 5.2
1.7 5.3
1.7 5.4
1.7 5.5
1.7 5.6
1.7 5.7
1.7 5.8
1.7 5.9
1.7 6
1.7 6.1
1.7 6.2
1.7 6.3
1.7 6.4
1.7 6.5
1.7 6.6
1.7 6.7
1.7 6.8
1.7 6.9
1.7 7
1.7 7.1
1.7 7.2
1.7 7.3
1.7 7.4
1.7 7.5
1.7 7.6
1.7 7.7
1.8 1.4
1.8 7.6
1.8 7.7
1.9 1.4
1.9 7.6
1.9 7.7
2 1.4
2 7.6
2 7.7
2.1 7.6
2.1 7.7
2.2 7.6
2.2 7.7
2.3 7.6
2.3 7.7
2.4 7.6
2.4 7.7
2.5 7.6
2.5 7.7
2.6 7.6
2.6 7.7
2.7 7.6
2.7 7.7
2.8 7.6
2.8 7.7
2.9 7.6
2.9 7.7
3 7.6
3 7.7
3.1 7.6
3.1 7.7
3.2 7.6
3.2 7.7
3.3 1.4
3.3 7.6
3.3 7.7
3.4 1.4
3.4 7.6
3.5 1.4
3.5 7.6
3.6 1.4
3.6 7.6
3.7 1.4
3.7 7.6
3.8 1.4
3.8 7.6
3.9 1.4
3.9 7.6
4 1.4
4 7.6
4.1 1.4
4.1 7.6
4.2 1.4
4.2 7.6
4.3 1.4
4.3 7.6
4.4 1.4
4.4 7.6
4.5 1.4
4.5 7.6
4.6 1.4
4.6 7.6
4.7 1.4
4.7 7.6
4.8 1.4
4.8 7.6
4.9 1.4
4.9 7.6
5 1.4
5 7.6
5 7.7
5.1 1.4
5.1 7.6
5.1 7.7
5.2 1.4
5.2 7.6
5.2 7.7
5.3 1.4
5.3 7.6
5.3 7.7
5.4 1.4
5.4 7.6
5.4 7.7
5.5 1.4
5.5 7.6
5.5 7.7
5.6 1.4
5.6 7.6
5.6 7.7
5.7 1.4
5.7 7.6
5.7 7.7
5.8 1.4
5.8 7.6
5.8 7.7
5.9 1.4
5.9 7.6
5.9 7.7
6 1.4
6 7.6
6 7.7
6.1 1.4
6.1 7.6
6.1 7.7
6.2 1.4
6.2 7.6
6.2 7.7
6.3 1.4
6.3 7.7
6.4 1.4
6.4 7.7
6.5 1.4
6.5 7.7
6.6 1.4
6.6 7.7
6.7 1.4
6.7 7.7
6.8 1.4
6.8 7.7
6.9 1.4
6.9 7.7
7 1.4
7 1.5
7 1.6
7 1.7
7 1.8
7 1.9
7 2
7 2.1
7 2.2
7 2.3
7 2.4
7 2.5
7 2.6
7 2.7
7 2.8
7 2.9
7 3
7 3.1
7 3.2
7 3.3
7 3.4
7 3.5
7 3.6
7 3.7
7 3.8
7 3.9
7 4
7 4.1
7 4.2
7 4.3
7 4.4
7 4.5
7 4.6
7 4.7
7 4.8
7 4.9
7 5
7 5.1
7 5.2
7 5.3
7 5.4
7 5.5
7 5.6
7 5.7
7 5.8
7 5.9
7 6
7 6.1
7 6.2
7 6.3
7 6.4
7 6.5
7 6.6
7 6.7
7 6.8
7 6.9
7 7
7 7.1
7 7.2
7 7.3
7 7.4
7 7.5
7 7.6
7 7.7
bedroom: 2.61099 -4.24704 4.7124 2 355
-2 -7.9
-2 -7.8
-2 -7.7
-2 -7.6
-2 -7.5
-2 -7.4
-2 -7.3
-2 -7.2
-2 -7.1
-2 -7
-2 -6.9
-2 -6.8
-2 -6.7
-2 -6.6
-2 -6.5
-2 -6.4
-2 -6.3
-2 -6.2
-2 -6.1
-2 -6
-2 -5.9
-2 -5.8
-2 -5.7
-2 -5.6
-2 -5.5
-2 -5.4
-2 -3.7
-2 -3.6
-2 -3.5
-2 -3.4
-2 -3.3
-1.9 -7.9
-1.9 -7.2
-1.9 -7.1
-1.9 -7
-1.9 -6.9
-1.9 -6.8
-1.9 -6.7
-1.9 -6.6
-1.9 -6.5
-1.9 -6.4
-1.9 -6.3
-1.9 -6.2
-1.9 -6.1
-1.9 -6
-1.9 -5.9
-1.9 -5.8
-1.9 -5.7
-1.9 -5.6
-1.9 -5.5
-1.9 -5.4
-1.9 -5.3
-1.9 -5.2
-1.9 -5.1
-1.9 -5
-1.9 -4.9
-1.9 -4.8
-1.9 -4.7
-1.9 -4.6
-1.9 -4.5
-1.9 -4.4
-1.9 -4.3
-1.9 -4.2
-1.9 -4.1
-1.9 -4
-1.9 -3.9
-1.9 -3.8
-1.9 -3.7
-1.9 -3.6
-1.9 -3.5
-1.9 -3.4
-1.9 -3.3
-1.9 -3.2
-1.9 -3.1
-1.9 -3
-1.9 -2.9
-1.9 -2.8
-1.9 -2.7
-1.9 -2.6
-1.9 -2.5
-1.9 -2.4
-1.9 -2.3
-1.9 -2.2
-1.9 -2.1
-1.9 -2
-1.9 -1.9
-1.9 -1.8
-1.9 -1.7
-1.9 -1.6
-1.9 -1.5
-1.8 -7.9
-1.8 -1.6
-1.8 -1.5
-1.7 -7.9
-1.7 -1.6
-1.7 -1.5
-1.6 -7.9
-1.6 -1.6
-1.6 -1.5
-1.5 -7.9
-1.5 -1.6
-1.5 -1.5
-1.4 -7.9
-1.4 -1.6
-1.4 -1.5
-1.3 -7.9
-1.3 -1.6
-1.3 -1.5
-1.2 -7.9
-1.2 -1.6
-1.2 -1.5
-1.1 -7.9
-1.1 -1.6
-1.1 -1.5
-1 -7.9
-1 -1.6
-0.9 -7.9
-0.9 -1.6
-0.8 -7.9
-0.8 -1.6
-0.7 -7.9
-0.7 -1.6
-0.6 -7.9
-0.6 -1.6
-0.5 -7.9
-0.5 -1.6
-0.4 -7.9
-0.4 -1.6
-0.3 -7.9
-0.3 -1.6
-0.2 -7.9
-0.2 -1.6
-0.1 -7.9
-0.1 -1.6
0 -7.9
0 -1.6
0.1 -7.9
0.1 -1.6
0.2 -7.9
0.2 -1.6
0.3 -7.9
0.3 -1.6
0.4 -7.9
0.4 -1.6
0.5 -7.9
0.5 -1.6
0.6 -7.9
0.6 -1.6
0.7 -7.9
0.7 -1.6
0.8 -7.9
0.8 -1.6
0.9 -7.9
0.9 -1.6
1 -7.9
1 -1.6
1.1 -1.6
1.2 -1.6
1.3 -1.6
1.4 -1.6
1.5 -1.6
1.6 -1.6
1.7 -1.6
1.8 -1.6
1.9 -1.6
2 -1.6
2.1 -1.6
2.1 -1.5
2.8 -7.9
2.9 -7.9
3 -7.9
3.1 -7.9
3.2 -7.9
3.2 -1.6
3.3 -7.9
3.3 -1.6
3.4 -7.9
3.4 -1.6
3.5 -7.9
3.5 -1.6
3.6 -7.9
3.6 -1.6
3.7 -7.9
3.7 -1.6
3.8 -7.9
3.8 -1.6
3.9 -7.9
3.9 -1.6
4 -7.9
4 -1.6
4.1 -7.9
4.1 -1.6
4.2 -7.9
4.2 -1.6
4.3 -7.9
4.3 -1.6
4.4 -7.9
4.4 -1.6
4.5 -7.9
4.5 -1.6
4.6 -7.9
4.6 -1.6
4.7 -7.9
4.7 -1.6
4.8 -7.9
4.8 -1.6
4.9 -7.9
4.9 -1.6
5 -7.9
5 -1.6
5 -1.4
5.1 -7.9
5.1 -1.6
5.1 -1.4
5.1 -1.3
5.2 -7.9
5.2 -1.6
5.2 -1.3
5.3 -7.9
5.3 -1.6
5.3 -1.3
5.4 -7.9
5.4 -1.6
5.4 -1.3
5.5 -7.9
5.5 -1.6
5.5 -1.3
5.6 -7.9
5.6 -1.6
5.6 -1.3
5.7 -7.9
5.7 -1.6
5.7 -1.3
5.8 -7.9
5.8 -1.6
5.8 -1.3
5.9 -7.9
5.9 -1.6
5.9 -1.3
6 -7.9
6 -1.6
6 -1.3
6 -1.2
6.1 -7.9
6.1 -1.6
6.1 -1.2
6.2 -7.9
6.2 -1.6
6.2 -1.2
6.3 -7.9
6.3 -1.6
6.3 -1.2
6.4 -7.9
6.4 -1.6
6.4 -1.2
6.5 -7.9
6.5 -1.6
6.5 -1.2
6.6 -7.9
6.6 -1.6
6.6 -1.3
6.6 -1.2
6.7 -7.9
6.7 -2.3
6.7 -2.2
6.7 -2.1
6.7 -2
6.7 -1.9
6.7 -1.8
6.7 -1.7
6.7 -1.6
6.7 -1.5
6.7 -1.4
6.7 -1.3
6.8 -7.9
6.8 -3.2
6.8 -3.1
6.8 -3
6.8 -2.9
6.8 -2.8
6.8 -2.7
6.8 -2.6
6.8 -2.5
6.8 -2.4
6.8 -2.3
6.8 -1.6
6.9 -7.9
6.9 -4.2
6.9 -4.1
6.9 -4
6.9 -3.9
6.9 -3.8
6.9 -3.7
6.9 -3.6
6.9 -3.5
6.9 -3.4
6.9 -3.3
6.9 -3.2
6.9 -1.6
7 -7.9
7 -7.8
7 -7.7
7 -7.6
7 -7.5
7 -7.4
7 -7.3
7 -7.2
7 -7.1
7 -7
7 -6.9
7 -6.8
7 -6.7
7 -6.6
7 -6.5
7 -6.4
7 -6.3
7 -6.2
7 -6
7 -5.9
7 -5.8
7 -5.7
7 -5.6
7 -5.5
7 -5.4
7 -4.6
7 -4.5
7 -4.4
7 -4.3
7 -4.2
7 -2.8
7 -2.7
7 -2.6
7 -2.5
7 -2.4
7 -2.3
7 -2.2
7 -2.1
7 -2
7 -1.9
7 -1.8
7 -1.7
7 -1.6
7.1 -2.8
7.1 -2.7
7.1 -2.6
7.1 -2.5
7.1 -2.4
7.1 -2.3
7.1 -2.2
7.1 -2.1
7.1 -2
7.1 -1.9
7.1 -1.8
7.1 -1.7
7.1 -1.6
hallway: 1.39023 -0.0949217 0 2 256
-5.2 -1.5
-5.2 -1.4
-5.2 1.2
-5.2 1.3
-5.1 -1.4
-5.1 1.2
-5 -1.4
-5 1.2
-4.9 -1.4
-4.9 1.2
-4.8 -1.4
-4.8 1.2
-4.7 -1.4
-4.7 1.2
-4.6 -1.4
-4.6 1.2
-4.5 -1.4
-4.5 1.2
-4.4 -1.4
-4.4 1.2
-4.3 -1.4
-4.3 1.2
-4.2 -1.4
-4.2 1.2
-4.1 -1.4
-4.1 1.2
-4 -1.4
-4 1.2
-3.9 -1.4
-3.9 1.2
-3.8 -1.4
-3.8 1.2
-3.7 -1.4
-3.7 1.2
-3.6 -1.4
-3.6 1.2
-3.5 -1.4
-3.5 1.2
-3.4 -1.4
-3.4 1.2
-3.3 -1.4
-3.3 1.2
-3.2 -1.4
-3.2 1.2
-3.1 -1.4
-3.1 1.2
-3 -1.4
-3 1.2
-2.9 -1.4
-2.9 1.2
-2.8 -1.4
-2.8 1.2
-2.7 -1.4
-2.7 1.2
-2.6 -1.4
-2.6 1.2
-2.5 -1.4
-2.5 1.2
-2.4 -1.4
-2.4 1.2
-2.3 -1.4
-2.3 1.2
-2.2 -1.4
-2.2 1.2
-2.1 -1.4
-2.1 1.2
-2 -1.4
-2 1.2
-1.9 -1.4
-1.9 1.2
-1.8 -1.4
-1.8 1.2
-1.7 -1.4
-1.7 1.2
-1.6 -1.4
-1.6 1.2
-1.5 -1.4
-1.5 1.2
-1.4 -1.4
-1.4 1.2
-1.3 -1.4
-1.3 1.2
-1.2 -1.4
-1.2 1.2
-1.1 -1.4
-1.1 1.2
-1 -1.4
-1 1.2
-0.9 -1.4
-0.9 1.2
-0.8 -1.4
-0.8 1.2
-0.7 -1.4
-0.7 1.2
-0.6 -1.4
-0.6 1.2
-0.5 -1.4
-0.5 1.2
-0.4 -1.4
-0.4 1.2
-0.3 -1.4
-0.3 1.2
-0.2 -1.4
-0.2 1.2
-0.1 -1.4
-0.1 1.2
0 -1.4
0 1.2
0.1 -1.4
0.1 1.2
0.2 -1.4
0.2 1.2
0.3 -1.4
0.3 1.2
0.4 -1.4
0.4 1.2
0.5 -1.4
0.5 1.2
0.6 -1.4
0.6 1.2
0.7 -1.4
0.7 1.2
0.8 -1.4
0.8 1.2
0.9 -1.4
0.9 1.2
1 -1.4
1 1.2
1.1 -1.4
1.1 1.2
1.2 -1.4
1.2 1.2
1.3 -1.4
1.3 1.2
1.4 -1.4
1.4 1.2
1.5 -1.4
1.5 1.2
1.6 -1.4
1.6 1.2
1.7 -1.4
1.7 1.2
1.8 -1.4
1.8 1.2
1.9 -1.4
1.9 1.2
2 1.2
3.1 -1.5
3.1 -1.4
3.1 1.2
3.1 1.3
3.2 -1.4
3.2 1.2
3.3 -1.4
3.3 1.2
3.4 -1.4
3.4 1.2
3.5 -1.4
3.5 1.2
3.6 -1.4
3.6 1.2
3.7 -1.4
3.7 1.2
3.8 -1.4
3.8 1.2
3.9 -1.4
3.9 1.2
4 -1.4
4 1.2
4.1 -1.4
4.1 1.2
4.2 -1.4
4.2 1.2
4.3 -1.4
4.3 1.2
4.4 -1.4
4.4 1.2
4.5 -1.4
4.5 1.2
4.6 -1.4
4.6 1.2
4.7 -1.4
4.7 1.2
4.8 -1.4
4.8 1.2
4.9 -1.4
4.9 1.2
5 -1.4
5 1.2
5.1 -1.4
5.1 1.2
5.2 -1.4
5.2 1.2
5.3 -1.4
5.3 1.2
5.4 -1.4
5.4 1.2
5.5 -1.4
5.5 1.2
5.6 -1.4
5.6 1.2
5.7 -1.4
5.7 1.2
5.8 -1.4
5.8 1.2
5.9 -1.4
5.9 1.2
6 -1.4
6 1.2
6.1 -1.4
6.1 1.2
6.2 -1.4
6.2 1.2
6.3 -1.4
6.3 1.2
6.4 -1.4
6.4 1.2
6.5 -1.4
6.5 1.2
6.6 -1.4
6.6 1.2
6.7 -1.4
6.7 1.2
6.8 -1.4
6.8 1.2
6.9 -1.4
6.9 1.2
7 -1.4
7 1.2
7.1 -1.4
7.1 -1.3
7.1 -1.2
7.1 -1.1
7.1 -1
7.1 -0.9
7.1 -0.8
7.1 -0.7
7.1 -0.6
7.1 -0.5
7.1 -0.4
7.1 -0.3
7.1 -0.2
7.1 -0.1
7.1 0
7.1 0.1
7.1 0.2
7.1 0.3
7.1 0.4
7.1 0.5
7.1 0.6
7.1 0.7
7.1 0.8
7.1 0.9
7.1 1
7.1 1.1
7.1 1.2
bed: 5 -3 4.7124 2 273
4.4 -4
4.4 -3.9
4.4 -3.8
4.4 -3.7
4.4 -3.6
4.4 -3.5
4.4 -3.4
4.4 -3.3
4.4 -3.2
4.4 -3.1
4.4 -3
4.4 -2.9
4.4 -2.8
4.4 -2.7
4.4 -2.6
4.4 -2.5
4.4 -2.4
4.4 -2.3
4.4 -2.2
4.4 -2.1
4.4 -2
4.5 -4
4.5 -3.9
4.5 -3.8
4.5 -3.7
4.5 -3.6
4.5 -3.5
4.5 -3.4
4.5 -3.3
4.5 -3.2
4.5 -3.1
4.5 -3
4.5 -2.9
4.5 -2.8
4.5 -2.7
4.5 -2.6
4.5 -2.5
4.5 -2.4
4.5 -2.3
4.5 -2.2
4.5 -2.1
4.5 -2
4.6 -4
4.6 -3.9
4.6 -3.8
4.6 -3.7
4.6 -3.6
4.6 -3.5
4.6 -3.4
4.6 -3.3
4.6 -3.2
4.6 -3.1
4.6 -3
4.6 -2.9
4.6 -2.8
4.6 -2.7
4.6 -2.6
4.6 -2.5
4.6 -2.4
4.6 -2.3
4.6 -2.2
4.6 -2.1
4.6 -2
4.7 -4
4.7 -3.9
4.7 -3.8
4.7 -3.7
4.7 -3.6
4.7 -3.5
4.7 -3.4
4.7 -3.3
4.7 -3.2
4.7 -3.1
4.7 -3
4.7 -2.9
4.7 -2.8
4.7 -2.7
4.7 -2.6
4.7 -2.5
4.7 -2.4
4.7 -2.3
4.7 -2.2
4.7 -2.1
4.7 -2
4.8 -4
4.8 -3.9
4.8 -3.8
4.8 -3.7
4.8 -3.6
4.8 -3.5
4.8 -3.4
4.8 -3.3
4.8 -3.2
4.8 -3.1
4.8 -3
4.8 -2.9
4.8 -2.8
4.8 -2.7
4.8 -2.6
4.8 -2.5
4.8 -2.4
4.8 -2.3
4.8 -2.2
4.8 -2.1
4.8 -2
4.9 -4
4.9 -3.9
4.9 -3.8
4.9 -3.7
4.9 -3.6
4.9 -3.5
4.9 -3.4
4.9 -3.3
4.9 -3.2
4.9 -3.1
4.9 -3
4.9 -2.9
4.9 -2.8
4.9 -2.7
4.9 -2.6
4.9 -2.5
4.9 -2.4
4.9 -2.3
4.9 -2.2
4.9 -2.1
4.9 -2
5 -4
5 -3.9
5 -3.8
5 -3.7
5 -3.6
5 -3.5
5 -3.4
5 -3.3
5 -3.2
5 -3.1
5 -3
5 -2.9
5 -2.8
5 -2.7
5 -2.6
5 -2.5
5 -2.4
5 -2.3
5 -2.2
5 -2.1
5 -2
5.1 -4
5.1 -3.9
5.1 -3.8
5.1 -3.7
5.1 -3.6
5.1 -3.5
5.1 -3.4
5.1 -3.3
5.1 -3.2
5.1 -3.1
5.1 -3
5.1 -2.9
5.1 -2.8
5.1 -2.7
5.1 -2.6
5.1 -2.5
5.1 -2.4
5.1 -2.3
5.1 -2.2
5.1 -2.1
5.1 -2
5.2 -4
5.2 -3.9
5.2 -3.8
5.2 -3.7
5.2 -3.6
5.2 -3.5
5.2 -3.4
5.2 -3.3
5.2 -3.2
5.2 -3.1
5.2 -3
5.2 -2.9
5.2 -2.8
5.2 -2.7
5.2 -2.6
5.2 -2.5
5.2 -2.4
5.2 -2.3
5.2 -2.2
5.2 -2.1
5.2 -2
5.3 -4
5.3 -3.9
5.3 -3.8
5.3 -3.7
5.3 -3.6
5.3 -3.5
5.3 -3.4
5.3 -3.3
5.3 -3.2
5.3 -3.1
5.3 -3
5.3 -2.9
5.3 -2.8
5.3 -2.7
5.3 -2.6
5.3 -2.5
5.3 -2.4
5.3 -2.3
5.3 -2.2
5.3 -2.1
5.3 -2
5.4 -4
5.4 -3.9
5.4 -3.8
5.4 -3.7
5.4 -3.6
5.4 -3.5
5.4 -3.4
5.4 -3.3
5.4 -3.2
5.4 -3.1
5.4 -3
5.4 -2.9
5.4 -2.8
5.4 -2.7
5.4 -2.6
5.4 -2.5
5.4 -2.4
5.4 -2.3
5.4 -2.2
5.4 -2.1
5.4 -2
5.5 -4
5.5 -3.9
5.5 -3.8
5.5 -3.7
5.5 -3.6
5.5 -3.5
5.5 -3.4
5.5 -3.3
5.5 -3.2
5.5 -3.1
5.5 -3
5.5 -2.9
5.5 -2.8
5.5 -2.7
5.5 -2.6
5.5 -2.5
5.5 -2.4
5.5 -2.3
5.5 -2.2
5.5 -2.1
5.5 -2
5.6 -4
5.6 -3.9
5.6 -3.8
5.6 -3.7
5.6 -3.6
5.6 -3.5
5.6 -3.4
5.6 -3.3
5.6 -3.2
5.6 -3.1
5.6 -3
5.6 -2.9
5.6 -2.8
5.6 -2.7
5.6 -2.6
5.6 -2.5
5.6 -2.4
5.6 -2.3
5.6 -2.2
5.6 -2.1
5.6 -2
room: 4.03017 4.89579 1.5708 2 285
1.6 1.4
1.6 1.5
1.6 1.6
1.6 1.7
1.6 1.8
1.6 1.9
1.6 2
1.6 2.1
1.6 2.2
1.6 2.3
1.6 2.4
1.6 2.5
1.6 2.6
1.6 2.7
1.6 2.8
1.6 2.9
1.6 3
1.6 3.1
1.6 3.2
1.6 3.3
1.6 3.4
1.6 3.5
1.6 3.6
1.6 3.7
1.6 3.8
1.6 3.9
1.6 4
1.6 6.8
1.6 6.9
1.6 7
1.6 7.1
1.6 7.2
1.6 7.3
1.6 7.4
1.6 7.5
1.6 7.6
1.7 1.4
1.7 1.5
1.7 1.6
1.7 1.7
1.7 1.8
1.7 1.9
1.7 2
1.7 2.1
1.7 2.2
1.7 2.3
1.7 2.4
1.7 2.5
1.7 2.6
1.7 2.7
1.7 2.8
1.7 2.9
1.7 3
1.7 3.1
1.7 3.2
1.7 3.3
1.7 3.4
1.7 3.5
1.7 3.6
1.7 3.7
1.7 3.8
1.7 3.9
1.7 4
1.7 4.1
1.7 4.2
1.7 4.3
1.7 4.4
1.7 4.5
1.7 4.6
1.7 4.7
1.7 4.8
1.7 4.9
1.7 5
1.7 5.1
1.7 5.2
1.7 5.3
1.7 5.4
1.7 5.5
1.7 5.6
1.7 5.7
1.7 5.8
1.7 5.9
1.7 6
1.7 6.1
1.7 6.2
1.7 6.3
1.7 6.4
1.7 6.5
1.7 6.6
1.7 6.7
1.7 6.8
1.7 6.9
1.7 7
1.7 7.1
1.7 7.2
1.7 7.3
1.7 7.4
1.7 7.5
1.7 7.6
1.7 7.7
1.8 1.4
1.8 7.6
1.8 7.7
1.9 1.4
1.9 7.6
1.9 7.7
2 1.4
2 7.6
2 7.7
2.1 7.6
2.1 7.7
2.2 7.6
2.2 7.7
2.3 7.6
2.3 7.7
2.4 7.6
2.4 7.7
2.5 7.6
2.5 7.7
2.6 7.6
2.6 7.7
2.7 7.6
2.7 7.7
2.8 7.6
2.8 7.7
2.9 7.6
2.9 7.7
3 7.6
3 7.7
3.1 7.6
3.1 7.7
3.2 7.6
3.2 7.7
3.3 1.4
3.3 7.6
3.3 7.7
3.4 1.4
3.4 7.6
3.5 1.4
3.5 7.6
3.6 1.4
3.6 7.6
3.7 1.4
3.7 7.6
3.8 1.4
3.8 7.6
3.9 1.4
3.9 7.6
4 1.4
4 7.6
4.1 1.4
4.1 7.6
4.2 1.4
4.2 7.6
4.3 1.4
4.3 7.6
4.4 1.4
4.4 7.6
4.5 1.4
4.5 7.6
4.6 1.4
4.6 7.6
4.7 1.4
4.7 7.6
4.8 1.4
4.8 7.6
4.9 1.4
4.9 7.6
5 1.4
5 7.6
5 7.7
5.1 1.4
5.1 7.6
5.1 7.7
5.2 1.4
5.2 7.6
5.2 7.7
5.3 1.4
5.3 7.6
5.3 7.7
5.4 1.4
5.4 7.6
5.4 7.7
5.5 1.4
5.5 7.6
5.5 7.7
5.6 1.4
5.6 7.6
5.6 7.7
5.7 1.4
5.7 7.6
5.7 7.7
5.8 1.4
5.8 7.6
5.8 7.7
5.9 1.4
5.9 7.6
5.9 7.7
6 1.4
6 7.6
6 7.7
6.1 1.4
6.1 7.6
6.1 7.7
6.2 1.4
6.2 7.6
6.2 7.7
6.3 1.4
6.3 7.7
6.4 1.4
6.4 7.7
6.5 1.4
6.5 7.7
6.6 1.4
6.6 7.7
6.7 1.4
6.7 7.7
6.8 1.4
6.8 7.7
6.9 1.4
6.9 7.7
7 1.4
7 1.5
7 1.6
7 1.7
7 1.8
7 1.9
7 2
7 2.1
7 2.2
7 2.3
7 2.4
7 2.5
7 2.6
7 2.7
7 2.8
7 2.9
7 3
7 3.1
7 3.2
7 3.3
7 3.4
7 3.5
7 3.6
7 3.7
7 3.8
7 3.9
7 4
7 4.1
7 4.2
7 4.3
7 4.4
7 4.5
7 4.6
7 4.7
7 4.8
7 4.9
7 5
7 5.1
7 5.2
7 5.3
7 5.4
7 5.5
7 5.6
7 5.7
7 5.8
7 5.9
7 6
7 6.1
7 6.2
7 6.3
7 6.4
7 6.5
7 6.6
7 6.7
7 6.8
7 6.9
7 7
7 7.1
7 7.2
7 7.3
7 7.4
7 7.5
7 7.6
7 7.7
bed: 5 -3 4.7124 2 273
4.4 -4
4.4 -3.9
4.4 -3.8
4.4 -3.7
4.4 -3.6
4.4 -3.5
4.4 -3.4
4.4 -3.3
4.4 -3.2
4.4 -3.1
4.4 -3
4.4 -2.9
4.4 -2.8
4.4 -2.7
4.4 -2.6
4.4 -2.5
4.4 -2.4
4.4 -2.3
4.4 -2.2
4.4 -2.1
4.4 -2
4.5 -4
4.5 -3.9
4.5 -3.8
4.5 -3.7
4.5 -3.6
4.5 -3.5
4.5 -3.4
4.5 -3.3
4.5 -3.2
4.5 -3.1
4.5 -3
4.5 -2.9
4.5 -2.8
4.5 -2.7
4.5 -2.6
4.5 -2.5
4.5 -2.4
4.5 -2.3
4.5 -2.2
4.5 -2.1
4.5 -2
4.6 -4
4.6 -3.9
4.6 -3.8
4.6 -3.7
4.6 -3.6
4.6 -3.5
4.6 -3.4
4.6 -3.3
4.6 -3.2
4.6 -3.1
4.6 -3
4.6 -2.9
4.6 -2.8
4.6 -2.7
4.6 -2.6
4.6 -2.5
4.6 -2.4
4.6 -2.3
4.6 -2.2
4.6 -2.1
4.6 -2
4.7 -4
4.7 -3.9
4.7 -3.8
4.7 -3.7
4.7 -3.6
4.7 -3.5
4.7 -3.4
4.7 -3.3
4.7 -3.2
4.7 -3.1
4.7 -3
4.7 -2.9
4.7 -2.8
4.7 -2.7
4.7 -2.6
4.7 -2.5
4.7 -2.4
4.7 -2.3
4.7 -2.2
4.7 -2.1
4.7 -2
4.8 -4
4.8 -3.9
4.8 -3.8
4.8 -3.7
4.8 -3.6
4.8 -3.5
4.8 -3.4
4.8 -3.3
4.8 -3.2
4.8 -3.1
4.8 -3
4.8 -2.9
4.8 -2.8
4.8 -2.7
4.8 -2.6
4.8 -2.5
4.8 -2.4
4.8 -2.3
4.8 -2.2
4.8 -2.1
4.8 -2
4.9 -4
4.9 -3.9
4.9 -3.8
4.9 -3.7
4.9 -3.6
4.9 -3.5
4.9 -3.4
4.9 -3.3
4.9 -3.2
4.9 -3.1
4.9 -3
4.9 -2.9
4.9 -2.8
4.9 -2.7
4.9 -2.6
4.9 -2.5
4.9 -2.4
4.9 -2.3
4.9 -2.2
4.9 -2.1
4.9 -2
5 -4
5 -3.9
5 -3.8
5 -3.7
5 -3.6
5 -3.5
5 -3.4
5 -3.3
5 -3.2
5 -3.1
5 -3
5 -2.9
5 -2.8
5 -2.7
5 -2.6
5 -2.5
5 -2.4
5 -2.3
5 -2.2
5 -2.1
5 -2
5.1 -4
5.1 -3.9
5.1 -3.8
5.1 -3.7
5.1 -3.6
5.1 -3.5
5.1 -3.4
5.1 -3.3
5.1 -3.2
5.1 -3.1
5.1 -3
5.1 -2.9
5.1 -2.8
5.1 -2.7
5.1 -2.6
5.1 -2.5
5.1 -2.4
5.1 -2.3
5.1 -2.2
5.1 -2.1
5.1 -2
5.2 -4
5.2 -3.9
5.2 -3.8
5.2 -3.7
5.2 -3.6
5.2 -3.5
5.2 -3.4
5.2 -3.3
5.2 -3.2
5.2 -3.1
5.2 -3
5.2 -2.9
5.2 -2.8
5.2 -2.7
5.2 -2.6
5.2 -2.5
5.2 -2.4
5.2 -2.3
5.2 -2.2
5.2 -2.1
5.2 -2
5.3 -4
5.3 -3.9
5.3 -3.8
5.3 -3.7
5.3 -3.6
5.3 -3.5
5.3 -3.4
5.3 -3.3
5.3 -3.2
5.3 -3.1
5.3 -3
5.3 -2.9
5.3 -2.8
5.3 -2.7
5.3 -2.6
5.3 -2.5
5.3 -2.4
5.3 -2.3
5.3 -2.2
5.3 -2.1
5.3 -2
5.4 -4
5.4 -3.9
5.4 -3.8
5.4 -3.7
5.4 -3.6
5.4 -3.5
5.4 -3.4
5.4 -3.3
5.4 -3.2
5.4 -3.1
5.4 -3
5.4 -2.9
5.4 -2.8
5.4 -2.7
5.4 -2.6
5.4 -2.5
5.4 -2.4
5.4 -2.3
5.4 -2.2
5.4 -2.1
5.4 -2
5.5 -4
5.5 -3.9
5.5 -3.8
5.5 -3.7
5.5 -3.6
5.5 -3.5
5.5 -3.4
5.5 -3.3
5.5 -3.2
5.5 -3.1
5.5 -3
5.5 -2.9
5.5 -2.8
5.5 -2.7
5.5 -2.6
5.5 -2.5
5.5 -2.4
5.5 -2.3
5.5 -2.2
5.5 -2.1
5.5 -2
5.6 -4
5.6 -3.9
5.6 -3.8
5.6 -3.7
5.6 -3.6
5.6 -3.5
5.6 -3.4
5.6 -3.3
5.6 -3.2
5.6 -3.1
5.6 -3
5.6 -2.9
5.6 -2.8
5.6 -2.7
5.6 -2.6
5.6 -2.5
5.6 -2.4
5.6 -2.3
5.6 -2.2
5.6 -2.1
5.6 -2
table: 4.10188 1.98327 -1 1 81
4.29178 2.09822
4.30192 2.04926
4.31205 2.00029
4.32219 1.95133
4.28165 2.14718
4.33232 1.90237
4.23269 2.13705
4.24282 2.08808
4.25295 2.03912
4.26309 1.99016
4.27322 1.9412
4.28336 1.89223
4.22255 2.18601
4.29349 1.84327
4.17359 2.17587
4.18372 2.12691
4.19386 2.07795
4.20399 2.02899
4.21413 1.98003
4.22426 1.93106
4.23439 1.8821
4.24453 1.83314
4.16346 2.22484
4.25466 1.78418
4.12463 2.16574
4.13476 2.11678
4.1449 2.06782
4.15503 2.01885
4.16516 1.96989
4.1753 1.92093
4.18543 1.87197
4.19557 1.823
4.11449 2.2147
4.2057 1.77404
4.1162 1.95976
4.06553 2.20457
4.07567 2.15561
4.0858 2.10664
4.09593 2.05768
4.10607 2.00872
4.12634 1.9108
4.13647 1.86183
4.1466 1.81287
4.15674 1.76391
4.06724 1.94962
4.01657 2.19443
4.0267 2.14547
4.03684 2.09651
4.04697 2.04755
4.05711 1.99859
4.07737 1.90066
4.08751 1.8517
4.09764 1.80274
4.10778 1.75377
4.00814 1.98845
4.01828 1.93949
3.97774 2.13534
3.98788 2.08638
3.99801 2.03741
4.02841 1.89053
4.03855 1.84157
4.04868 1.7926
3.96761 2.1843
4.05881 1.74364
3.92878 2.1252
3.93891 2.07624
3.94905 2.02728
3.95918 1.97832
3.96932 1.92936
3.97945 1.88039
3.98958 1.83143
3.99972 1.78247
3.88995 2.06611
3.90008 2.01715
3.91022 1.96818
3.92035 1.91922
3.93049 1.87026
3.94062 1.8213
3.85112 2.00701
3.86126 1.95805
3.87139 1.90909
couch: 4.03877 2.64372 1.4506 1 138
4.37157 2.58809
4.40466 2.55061
4.301 2.59248
4.33409 2.555
4.36718 2.51752
4.43775 2.51312
4.47524 2.54621
4.50833 2.50873
4.29661 2.52191
4.54581 2.54182
4.26352 2.55939
4.23043 2.59688
4.5789 2.50434
4.61639 2.53743
4.22603 2.5263
4.19294 2.56379
4.64948 2.49994
4.15985 2.60127
4.68696 2.53303
4.18855 2.49321
4.15546 2.53069
4.12237 2.56818
4.72005 2.49555
4.75753 2.52864
4.08928 2.60566
4.11797 2.4976
5.22286 2.60595
5.18537 2.57285
4.08488 2.53509
5.21846 2.53537
4.82811 2.52425
5.18098 2.50228
5.25155 2.49789
5.14789 2.53976
5.28904 2.53098
4.05179 2.57257
5.15228 2.61034
5.29782 2.67213
5.26034 2.63904
5.1148 2.57725
4.86559 2.55734
5.26473 2.70961
4.89868 2.51985
5.22725 2.67652
4.0474 2.502
5.08171 2.61473
5.1104 2.50667
4.0187 2.61006
4.01431 2.53948
5.07731 2.54416
4.93617 2.55294
5.04422 2.58164
4.96926 2.51546
5.00674 2.54855
5.03983 2.51107
5.32652 2.56407
5.35961 2.52658
3.98122 2.57696
3.97683 2.50639
3.94374 2.54387
3.94813 2.61445
3.91065 2.58136
3.90625 2.51078
3.87316 2.54827
3.87755 2.61884
3.84007 2.58575
3.83568 2.51518
3.80259 2.55266
4.79502 2.56173
3.80698 2.62323
3.7695 2.59014
3.7651 2.51957
3.73201 2.55705
3.73641 2.62763
3.69892 2.59454
3.4872 2.60772
3.52029 2.57023
3.55778 2.60332
3.69453 2.52396
3.62835 2.59893
3.66144 2.56145
3.55338 2.53275
3.59087 2.56584
3.44972 2.57463
3.48281 2.53714
3.5159 2.49966
3.62396 2.52836
3.41663 2.61211
3.58647 2.49527
3.41223 2.54154
3.44532 2.50405
3.37914 2.57902
3.4055 3.00246
3.36802 2.96937
3.40111 2.93189
3.43859 2.96498
3.4342 2.89441
3.36363 2.8988
3.39672 2.86132
3.35923 2.82823
3.39232 2.79074
3.42541 2.75326
3.33054 2.93628
3.35484 2.75765
3.38793 2.72017
3.42102 2.68268
3.33493 3.00686
3.35045 2.68708
3.38354 2.64959
3.32614 2.86571
3.32175 2.79514
3.34605 2.6165
3.29744 2.97377
3.29305 2.90319
3.31736 2.72456
3.34166 2.54593
3.37475 2.50845
3.28866 2.83262
3.31296 2.65399
3.28427 2.76204
3.30857 2.58341
5.25595 2.56846
3.27987 2.69147
3.25996 2.94068
3.27548 2.6209
3.30418 2.51284
3.27109 2.55032
3.25557 2.8701
3.38559 3.25167
3.34811 3.21858
3.3812 3.1811
3.34371 3.14801
3.37681 3.11052
3.37241 3.03995
3.33932 3.07743
4.72444 2.56612
4.65387 2.57052
4.5833 2.57491
table: 4.23172 3.98084 -1 0.350668 225
4.55198 4.34805
4.58507 4.31056
4.51449 4.31496
4.54758 4.27747
4.58068 4.23999
4.4814 4.35244
4.61377 4.20251
4.44392 4.31935
4.47701 4.28187
4.5101 4.24438
4.54319 4.2069
4.57628 4.16942
4.41083 4.35683
4.60937 4.13193
4.37335 4.32374
4.40644 4.28626
4.43953 4.24878
4.47262 4.21129
4.50571 4.17381
4.5388 4.13633
4.57189 4.09884
4.60498 4.06136
4.30277 4.32814
4.33586 4.29065
4.36895 4.25317
4.40204 4.21569
4.43513 4.1782
4.46822 4.14072
4.50131 4.10324
4.5344 4.06575
4.5675 4.02827
4.26968 4.36562
4.28081 3.97527
4.60059 3.99078
4.2322 4.33253
4.26529 4.29505
4.29838 4.25756
4.33147 4.22008
4.36456 4.1826
4.3139 3.93778
4.43074 4.10763
4.46383 4.07014
4.49692 4.03266
4.53001 3.99518
4.5631 3.95769
4.59619 3.92021
4.19911 4.37001
4.21023 3.97966
4.24332 3.94218
4.16162 4.33692
4.19471 4.29944
4.2278 4.26196
4.26089 4.22447
4.29399 4.18699
4.39326 4.07454
4.42635 4.03705
4.45944 3.99957
4.49253 3.96209
4.52562 3.9246
4.55871 3.88712
4.5918 3.84964
4.13966 3.98405
4.17275 3.94657
4.09105 4.34132
4.12414 4.30383
4.15723 4.26635
4.19032 4.22887
4.22341 4.19138
4.2565 4.1539
4.35577 4.04145
4.38886 4.00396
4.42195 3.96648
4.45504 3.929
4.48813 3.89151
4.52122 3.85403
4.55432 3.81655
4.58741 3.77906
4.02048 4.34571
4.05357 4.30823
4.08666 4.27074
4.11975 4.23326
4.15284 4.19578
4.18593 4.15829
4.21902 4.12081
4.35138 3.97087
4.38447 3.93339
4.41756 3.89591
4.45065 3.85842
4.48374 3.82094
4.51683 3.78346
4.54992 3.74597
4.58301 3.70849
4.6161 3.671
3.9499 4.3501
3.98299 4.31262
4.01608 4.27514
4.04917 4.23765
4.08226 4.20017
4.11535 4.16268
4.14844 4.1252
4.18153 4.08772
4.34699 3.9003
4.38008 3.86282
4.41317 3.82533
4.44626 3.78785
4.47935 3.75036
4.51244 3.71288
4.54553 3.6754
4.57862 3.63791
4.21463 4.05023
3.91242 4.31701
3.94551 4.27953
3.9786 4.24205
4.01169 4.20456
4.04478 4.16708
4.07787 4.12959
4.11096 4.09211
4.14405 4.05463
4.17714 4.01714
4.27641 3.90469
4.3095 3.86721
4.34259 3.82973
4.37568 3.79224
4.40877 3.75476
4.44186 3.71727
4.47496 3.67979
4.50805 3.64231
4.54114 3.60482
3.87933 4.3545
3.87493 4.28392
3.90802 4.24644
3.94112 4.20895
3.97421 4.17147
4.0073 4.13399
4.04039 4.0965
4.07348 4.05902
4.10657 4.02154
4.20584 3.90909
4.23893 3.8716
4.27202 3.83412
4.30511 3.79663
4.3382 3.75915
4.37129 3.72167
4.40438 3.68418
4.43747 3.6467
4.47056 3.60922
3.87054 4.21335
3.90363 4.17586
3.93672 4.13838
3.96981 4.1009
4.0029 4.06341
4.03599 4.02593
4.06908 3.98845
4.10217 3.95096
4.13526 3.91348
4.16835 3.876
4.20145 3.83851
4.23454 3.80103
4.26763 3.76354
4.30072 3.72606
4.33381 3.68858
4.3669 3.65109
4.39999 3.61361
3.86615 4.14277
3.89924 4.10529
3.93233 4.06781
3.96542 4.03032
3.99851 3.99284
4.0316 3.95536
4.06469 3.91787
4.09778 3.88039
4.13087 3.84291
4.16396 3.80542
4.19705 3.76794
4.23014 3.73045
4.26323 3.69297
4.29632 3.65549
4.32941 3.618
3.86175 4.0722
3.89485 4.03472
3.92794 3.99723
3.96103 3.95975
3.99412 3.92227
4.02721 3.88478
4.0603 3.8473
4.09339 3.80981
4.12648 3.77233
4.15957 3.73485
4.19266 3.69736
4.22575 3.65988
4.25884 3.6224
3.85736 4.00163
3.89045 3.96414
3.92354 3.92666
3.95663 3.88917
3.98972 3.85169
4.02281 3.81421
4.0559 3.77672
4.08899 3.73924
4.12209 3.70176
4.15518 3.66427
4.18827 3.62679
3.85297 3.93105
3.88606 3.89357
3.91915 3.85608
3.95224 3.8186
3.98533 3.78112
4.01842 3.74363
4.05151 3.70615
4.0846 3.66867
4.11769 3.63118
3.88167 3.82299
3.91476 3.78551
3.94785 3.74803
3.98094 3.71054
4.01403 3.67306
4.04712 3.63558
3.87727 3.75242
3.91036 3.71494
3.94345 3.67745
3.97654 3.63997
4.00963 3.60249
3.87288 3.68185
3.90597 3.64436
3.93906 3.60688
