OR: 3.3082 4.18161 5.6839 2.39859e-38 16
3.1582 4.03161
3.1582 4.13161
3.1582 4.23161
3.1582 4.33161
3.2582 4.03161
3.2582 4.13161
3.2582 4.23161
3.2582 4.33161
3.3582 4.03161
3.3582 4.13161
3.3582 4.23161
3.3582 4.33161
3.4582 4.03161
3.4582 4.13161
3.4582 4.23161
3.4582 4.33161
CR: 3.41246 4.21094 6.24401 1 16
3.26246 4.06094
3.26246 4.16094
3.26246 4.26094
3.26246 4.36094
3.36246 4.06094
3.36246 4.16094
3.36246 4.26094
3.36246 4.36094
3.46246 4.06094
3.46246 4.16094
3.46246 4.26094
3.46246 4.36094
3.56246 4.06094
3.56246 4.16094
3.56246 4.26094
3.56246 4.36094
livingroom: 4.03017 4.89579 1.5708 2 285
1.6 1.4
1.6 1.5
1.6 1.6
1.6 1.7
1.6 1.8
1.6 1.9
1.6 2
1.6 2.1
1.6 2.2
1.6 2.3
1.6 2.4
1.6 2.5
1.6 2.6
1.6 2.7
1.6 2.8
1.6 2.9
1.6 3
1.6 3.1
1.6 3.2
1.6 3.3
1.6 3.4
1.6 3.5
1.6 3.6
1.6 3.7
1.6 3.8
1.6 3.9
1.6 4
1.6 6.8
1.6 6.9
1.6 7
1.6 7.1
1.6 7.2
1.6 7.3
1.6 7.4
1.6 7.5
1.6 7.6
1.7 1.4
1.7 1.5
1.7 1.6
1.7 1.7
1.7 1.8
1.7 1.9
1.7 2
1.7 2.1
1.7 2.2
1.7 2.3
1.7 2.4
1.7 2.5
1.7 2.6
1.7 2.7
1.7 2.8
1.7 2.9
1.7 3
1.7 3.1
1.7 3.2
1.7 3.3
1.7 3.4
1.7 3.5
1.7 3.6
1.7 3.7
1.7 3.8
1.7 3.9
1.7 4
1.7 4.1
1.7 4.2
1.7 4.3
1.7 4.4
1.7 4.5
1.7 4.6
1.7 4.7
1.7 4.8
1.7 4.9
1.7 5
1.7 5.1
1.7 5.2
1.7 5.3
1.7 5.4
1.7 5.5
1.7 5.6
1.7 5.7
1.7 5.8
1.7 5.9
1.7 6
1.7 6.1
1.7 6.2
1.7 6.3
1.7 6.4
1.7 6.5
1.7 6.6
1.7 6.7
1.7 6.8
1.7 6.9
1.7 7
1.7 7.1
1.7 7.2
1.7 7.3
1.7 7.4
1.7 7.5
1.7 7.6
1.7 7.7
1.8 1.4
1.8 7.6
1.8 7.7
1.9 1.4
1.9 7.6
1.9 7.7
2 1.4
2 7.6
2 7.7
2.1 7.6
2.1 7.7
2.2 7.6
2.2 7.7
2.3 7.6
2.3 7.7
2.4 7.6
2.4 7.7
2.5 7.6
2.5 7.7
2.6 7.6
2.6 7.7
2.7 7.6
2.7 7.7
2.8 7.6
2.8 7.7
2.9 7.6
2.9 7.7
3 7.6
3 7.7
3.1 7.6
3.1 7.7
3.2 7.6
3.2 7.7
3.3 1.4
3.3 7.6
3.3 7.7
3.4 1.4
3.4 7.6
3.5 1.4
3.5 7.6
3.6 1.4
3.6 7.6
3.7 1.4
3.7 7.6
3.8 1.4
3.8 7.6
3.9 1.4
3.9 7.6
4 1.4
4 7.6
4.1 1.4
4.1 7.6
4.2 1.4
4.2 7.6
4.3 1.4
4.3 7.6
4.4 1.4
4.4 7.6
4.5 1.4
4.5 7.6
4.6 1.4
4.6 7.6
4.7 1.4
4.7 7.6
4.8 1.4
4.8 7.6
4.9 1.4
4.9 7.6
5 1.4
5 7.6
5 7.7
5.1 1.4
5.1 7.6
5.1 7.7
5.2 1.4
5.2 7.6
5.2 7.7
5.3 1.4
5.3 7.6
5.3 7.7
5.4 1.4
5.4 7.6
5.4 7.7
5.5 1.4
5.5 7.6
5.5 7.7
5.6 1.4
5.6 7.6
5.6 7.7
5.7 1.4
5.7 7.6
5.7 7.7
5.8 1.4
5.8 7.6
5.8 7.7
5.9 1.4
5.9 7.6
5.9 7.7
6 1.4
6 7.6
6 7.7
6.1 1.4
6.1 7.6
6.1 7.7
6.2 1.4
6.2 7.6
6.2 7.7
6.3 1.4
6.3 7.7
6.4 1.4
6.4 7.7
6.5 1.4
6.5 7.7
6.6 1.4
6.6 7.7
6.7 1.4
6.7 7.7
6.8 1.4
6.8 7.7
6.9 1.4
6.9 7.7
7 1.4
7 1.5
7 1.6
7 1.7
7 1.8
7 1.9
7 2
7 2.1
7 2.2
7 2.3
7 2.4
7 2.5
7 2.6
7 2.7
7 2.8
7 2.9
7 3
7 3.1
7 3.2
7 3.3
7 3.4
7 3.5
7 3.6
7 3.7
7 3.8
7 3.9
7 4
7 4.1
7 4.2
7 4.3
7 4.4
7 4.5
7 4.6
7 4.7
7 4.8
7 4.9
7 5
7 5.1
7 5.2
7 5.3
7 5.4
7 5.5
7 5.6
7 5.7
7 5.8
7 5.9
7 6
7 6.1
7 6.2
7 6.3
7 6.4
7 6.5
7 6.6
7 6.7
7 6.8
7 6.9
7 7
7 7.1
7 7.2
7 7.3
7 7.4
7 7.5
7 7.6
7 7.7
bedroom: 2.61099 -4.24704 4.7124 2 355
-2 -7.9
-2 -7.8
-2 -7.7
-2 -7.6
-2 -7.5
-2 -7.4
-2 -7.3
-2 -7.2
-2 -7.1
-2 -7
-2 -6.9
-2 -6.8
-2 -6.7
-2 -6.6
-2 -6.5
-2 -6.4
-2 -6.3
-2 -6.2
-2 -6.1
-2 -6
-2 -5.9
-2 -5.8
-2 -5.7
-2 -5.6
-2 -5.5
-2 -5.4
-2 -3.7
-2 -3.6
-2 -3.5
-2 -3.4
-2 -3.3
-1.9 -7.9
-1.9 -7.2
-1.9 -7.1
-1.9 -7
-1.9 -6.9
-1.9 -6.8
-1.9 -6.7
-1.9 -6.6
-1.9 -6.5
-1.9 -6.4
-1.9 -6.3
-1.9 -6.2
-1.9 -6.1
-1.9 -6
-1.9 -5.9
-1.9 -5.8
-1.9 -5.7
-1.9 -5.6
-1.9 -5.5
-1.9 -5.4
-1.9 -5.3
-1.9 -5.2
-1.9 -5.1
-1.9 -5
-1.9 -4.9
-1.9 -4.8
-1.9 -4.7
-1.9 -4.6
-1.9 -4.5
-1.9 -4.4
-1.9 -4.3
-1.9 -4.2
-1.9 -4.1
-1.9 -4
-1.9 -3.9
-1.9 -3.8
-1.9 -3.7
-1.9 -3.6
-1.9 -3.5
-1.9 -3.4
-1.9 -3.3
-1.9 -3.2
-1.9 -3.1
-1.9 -3
-1.9 -2.9
-1.9 -2.8
-1.9 -2.7
-1.9 -2.6
-1.9 -2.5
-1.9 -2.4
-1.9 -2.3
-1.9 -2.2
-1.9 -2.1
-1.9 -2
-1.9 -1.9
-1.9 -1.8
-1.9 -1.7
-1.9 -1.6
-1.9 -1.5
-1.8 -7.9
-1.8 -1.6
-1.8 -1.5
-1.7 -7.9
-1.7 -1.6
-1.7 -1.5
-1.6 -7.9
-1.6 -1.6
-1.6 -1.5
-1.5 -7.9
-1.5 -1.6
-1.5 -1.5
-1.4 -7.9
-1.4 -1.6
-1.4 -1.5
-1.3 -7.9
-1.3 -1.6
-1.3 -1.5
-1.2 -7.9
-1.2 -1.6
-1.2 -1.5
-1.1 -7.9
-1.1 -1.6
-1.1 -1.5
-1 -7.9
-1 -1.6
-0.9 -7.9
-0.9 -1.6
-0.8 -7.9
-0.8 -1.6
-0.7 -7.9
-0.7 -1.6
-0.6 -7.9
-0.6 -1.6
-0.5 -7.9
-0.5 -1.6
-0.4 -7.9
-0.4 -1.6
-0.3 -7.9
-0.3 -1.6
-0.2 -7.9
-0.2 -1.6
-0.1 -7.9
-0.1 -1.6
0 -7.9
0 -1.6
0.1 -7.9
0.1 -1.6
0.2 -7.9
0.2 -1.6
0.3 -7.9
0.3 -1.6
0.4 -7.9
0.4 -1.6
0.5 -7.9
0.5 -1.6
0.6 -7.9
0.6 -1.6
0.7 -7.9
0.7 -1.6
0.8 -7.9
0.8 -1.6
0.9 -7.9
0.9 -1.6
1 -7.9
1 -1.6
1.1 -1.6
1.2 -1.6
1.3 -1.6
1.4 -1.6
1.5 -1.6
1.6 -1.6
1.7 -1.6
1.8 -1.6
1.9 -1.6
2 -1.6
2.1 -1.6
2.1 -1.5
2.8 -7.9
2.9 -7.9
3 -7.9
3.1 -7.9
3.2 -7.9
3.2 -1.6
3.3 -7.9
3.3 -1.6
3.4 -7.9
3.4 -1.6
3.5 -7.9
3.5 -1.6
3.6 -7.9
3.6 -1.6
3.7 -7.9
3.7 -1.6
3.8 -7.9
3.8 -1.6
3.9 -7.9
3.9 -1.6
4 -7.9
4 -1.6
4.1 -7.9
4.1 -1.6
4.2 -7.9
4.2 -1.6
4.3 -7.9
4.3 -1.6
4.4 -7.9
4.4 -1.6
4.5 -7.9
4.5 -1.6
4.6 -7.9
4.6 -1.6
4.7 -7.9
4.7 -1.6
4.8 -7.9
4.8 -1.6
4.9 -7.9
4.9 -1.6
5 -7.9
5 -1.6
5 -1.4
5.1 -7.9
5.1 -1.6
5.1 -1.4
5.1 -1.3
5.2 -7.9
5.2 -1.6
5.2 -1.3
5.3 -7.9
5.3 -1.6
5.3 -1.3
5.4 -7.9
5.4 -1.6
5.4 -1.3
5.5 -7.9
5.5 -1.6
5.5 -1.3
5.6 -7.9
5.6 -1.6
5.6 -1.3
5.7 -7.9
5.7 -1.6
5.7 -1.3
5.8 -7.9
5.8 -1.6
5.8 -1.3
5.9 -7.9
5.9 -1.6
5.9 -1.3
6 -7.9
6 -1.6
6 -1.3
6 -1.2
6.1 -7.9
6.1 -1.6
6.1 -1.2
6.2 -7.9
6.2 -1.6
6.2 -1.2
6.3 -7.9
6.3 -1.6
6.3 -1.2
6.4 -7.9
6.4 -1.6
6.4 -1.2
6.5 -7.9
6.5 -1.6
6.5 -1.2
6.6 -7.9
6.6 -1.6
6.6 -1.3
6.6 -1.2
6.7 -7.9
6.7 -2.3
6.7 -2.2
6.7 -2.1
6.7 -2
6.7 -1.9
6.7 -1.8
6.7 -1.7
6.7 -1.6
6.7 -1.5
6.7 -1.4
6.7 -1.3
6.8 -7.9
6.8 -3.2
6.8 -3.1
6.8 -3
6.8 -2.9
6.8 -2.8
6.8 -2.7
6.8 -2.6
6.8 -2.5
6.8 -2.4
6.8 -2.3
6.8 -1.6
6.9 -7.9
6.9 -4.2
6.9 -4.1
6.9 -4
6.9 -3.9
6.9 -3.8
6.9 -3.7
6.9 -3.6
6.9 -3.5
6.9 -3.4
6.9 -3.3
6.9 -3.2
6.9 -1.6
7 -7.9
7 -7.8
7 -7.7
7 -7.6
7 -7.5
7 -7.4
7 -7.3
7 -7.2
7 -7.1
7 -7
7 -6.9
7 -6.8
7 -6.7
7 -6.6
7 -6.5
7 -6.4
7 -6.3
7 -6.2
7 -6
7 -5.9
7 -5.8
7 -5.7
7 -5.6
7 -5.5
7 -5.4
7 -4.6
7 -4.5
7 -4.4
7 -4.3
7 -4.2
7 -2.8
7 -2.7
7 -2.6
7 -2.5
7 -2.4
7 -2.3
7 -2.2
7 -2.1
7 -2
7 -1.9
7 -1.8
7 -1.7
7 -1.6
7.1 -2.8
7.1 -2.7
7.1 -2.6
7.1 -2.5
7.1 -2.4
7.1 -2.3
7.1 -2.2
7.1 -2.1
7.1 -2
7.1 -1.9
7.1 -1.8
7.1 -1.7
7.1 -1.6
hallway: 1.39023 -0.0949217 0 2 256
-5.2 -1.5
-5.2 -1.4
-5.2 1.2
-5.2 1.3
-5.1 -1.4
-5.1 1.2
-5 -1.4
-5 1.2
-4.9 -1.4
-4.9 1.2
-4.8 -1.4
-4.8 1.2
-4.7 -1.4
-4.7 1.2
-4.6 -1.4
-4.6 1.2
-4.5 -1.4
-4.5 1.2
-4.4 -1.4
-4.4 1.2
-4.3 -1.4
-4.3 1.2
-4.2 -1.4
-4.2 1.2
-4.1 -1.4
-4.1 1.2
-4 -1.4
-4 1.2
-3.9 -1.4
-3.9 1.2
-3.8 -1.4
-3.8 1.2
-3.7 -1.4
-3.7 1.2
-3.6 -1.4
-3.6 1.2
-3.5 -1.4
-3.5 1.2
-3.4 -1.4
-3.4 1.2
-3.3 -1.4
-3.3 1.2
-3.2 -1.4
-3.2 1.2
-3.1 -1.4
-3.1 1.2
-3 -1.4
-3 1.2
-2.9 -1.4
-2.9 1.2
-2.8 -1.4
-2.8 1.2
-2.7 -1.4
-2.7 1.2
-2.6 -1.4
-2.6 1.2
-2.5 -1.4
-2.5 1.2
-2.4 -1.4
-2.4 1.2
-2.3 -1.4
-2.3 1.2
-2.2 -1.4
-2.2 1.2
-2.1 -1.4
-2.1 1.2
-2 -1.4
-2 1.2
-1.9 -1.4
-1.9 1.2
-1.8 -1.4
-1.8 1.2
-1.7 -1.4
-1.7 1.2
-1.6 -1.4
-1.6 1.2
-1.5 -1.4
-1.5 1.2
-1.4 -1.4
-1.4 1.2
-1.3 -1.4
-1.3 1.2
-1.2 -1.4
-1.2 1.2
-1.1 -1.4
-1.1 1.2
-1 -1.4
-1 1.2
-0.9 -1.4
-0.9 1.2
-0.8 -1.4
-0.8 1.2
-0.7 -1.4
-0.7 1.2
-0.6 -1.4
-0.6 1.2
-0.5 -1.4
-0.5 1.2
-0.4 -1.4
-0.4 1.2
-0.3 -1.4
-0.3 1.2
-0.2 -1.4
-0.2 1.2
-0.1 -1.4
-0.1 1.2
0 -1.4
0 1.2
0.1 -1.4
0.1 1.2
0.2 -1.4
0.2 1.2
0.3 -1.4
0.3 1.2
0.4 -1.4
0.4 1.2
0.5 -1.4
0.5 1.2
0.6 -1.4
0.6 1.2
0.7 -1.4
0.7 1.2
0.8 -1.4
0.8 1.2
0.9 -1.4
0.9 1.2
1 -1.4
1 1.2
1.1 -1.4
1.1 1.2
1.2 -1.4
1.2 1.2
1.3 -1.4
1.3 1.2
1.4 -1.4
1.4 1.2
1.5 -1.4
1.5 1.2
1.6 -1.4
1.6 1.2
1.7 -1.4
1.7 1.2
1.8 -1.4
1.8 1.2
1.9 -1.4
1.9 1.2
2 1.2
3.1 -1.5
3.1 -1.4
3.1 1.2
3.1 1.3
3.2 -1.4
3.2 1.2
3.3 -1.4
3.3 1.2
3.4 -1.4
3.4 1.2
3.5 -1.4
3.5 1.2
3.6 -1.4
3.6 1.2
3.7 -1.4
3.7 1.2
3.8 -1.4
3.8 1.2
3.9 -1.4
3.9 1.2
4 -1.4
4 1.2
4.1 -1.4
4.1 1.2
4.2 -1.4
4.2 1.2
4.3 -1.4
4.3 1.2
4.4 -1.4
4.4 1.2
4.5 -1.4
4.5 1.2
4.6 -1.4
4.6 1.2
4.7 -1.4
4.7 1.2
4.8 -1.4
4.8 1.2
4.9 -1.4
4.9 1.2
5 -1.4
5 1.2
5.1 -1.4
5.1 1.2
5.2 -1.4
5.2 1.2
5.3 -1.4
5.3 1.2
5.4 -1.4
5.4 1.2
5.5 -1.4
5.5 1.2
5.6 -1.4
5.6 1.2
5.7 -1.4
5.7 1.2
5.8 -1.4
5.8 1.2
5.9 -1.4
5.9 1.2
6 -1.4
6 1.2
6.1 -1.4
6.1 1.2
6.2 -1.4
6.2 1.2
6.3 -1.4
6.3 1.2
6.4 -1.4
6.4 1.2
6.5 -1.4
6.5 1.2
6.6 -1.4
6.6 1.2
6.7 -1.4
6.7 1.2
6.8 -1.4
6.8 1.2
6.9 -1.4
6.9 1.2
7 -1.4
7 1.2
7.1 -1.4
7.1 -1.3
7.1 -1.2
7.1 -1.1
7.1 -1
7.1 -0.9
7.1 -0.8
7.1 -0.7
7.1 -0.6
7.1 -0.5
7.1 -0.4
7.1 -0.3
7.1 -0.2
7.1 -0.1
7.1 0
7.1 0.1
7.1 0.2
7.1 0.3
7.1 0.4
7.1 0.5
7.1 0.6
7.1 0.7
7.1 0.8
7.1 0.9
7.1 1
7.1 1.1
7.1 1.2
bed: 5 -3 4.7124 2 273
4.4 -4
4.4 -3.9
4.4 -3.8
4.4 -3.7
4.4 -3.6
4.4 -3.5
4.4 -3.4
4.4 -3.3
4.4 -3.2
4.4 -3.1
4.4 -3
4.4 -2.9
4.4 -2.8
4.4 -2.7
4.4 -2.6
4.4 -2.5
4.4 -2.4
4.4 -2.3
4.4 -2.2
4.4 -2.1
4.4 -2
4.5 -4
4.5 -3.9
4.5 -3.8
4.5 -3.7
4.5 -3.6
4.5 -3.5
4.5 -3.4
4.5 -3.3
4.5 -3.2
4.5 -3.1
4.5 -3
4.5 -2.9
4.5 -2.8
4.5 -2.7
4.5 -2.6
4.5 -2.5
4.5 -2.4
4.5 -2.3
4.5 -2.2
4.5 -2.1
4.5 -2
4.6 -4
4.6 -3.9
4.6 -3.8
4.6 -3.7
4.6 -3.6
4.6 -3.5
4.6 -3.4
4.6 -3.3
4.6 -3.2
4.6 -3.1
4.6 -3
4.6 -2.9
4.6 -2.8
4.6 -2.7
4.6 -2.6
4.6 -2.5
4.6 -2.4
4.6 -2.3
4.6 -2.2
4.6 -2.1
4.6 -2
4.7 -4
4.7 -3.9
4.7 -3.8
4.7 -3.7
4.7 -3.6
4.7 -3.5
4.7 -3.4
4.7 -3.3
4.7 -3.2
4.7 -3.1
4.7 -3
4.7 -2.9
4.7 -2.8
4.7 -2.7
4.7 -2.6
4.7 -2.5
4.7 -2.4
4.7 -2.3
4.7 -2.2
4.7 -2.1
4.7 -2
4.8 -4
4.8 -3.9
4.8 -3.8
4.8 -3.7
4.8 -3.6
4.8 -3.5
4.8 -3.4
4.8 -3.3
4.8 -3.2
4.8 -3.1
4.8 -3
4.8 -2.9
4.8 -2.8
4.8 -2.7
4.8 -2.6
4.8 -2.5
4.8 -2.4
4.8 -2.3
4.8 -2.2
4.8 -2.1
4.8 -2
4.9 -4
4.9 -3.9
4.9 -3.8
4.9 -3.7
4.9 -3.6
4.9 -3.5
4.9 -3.4
4.9 -3.3
4.9 -3.2
4.9 -3.1
4.9 -3
4.9 -2.9
4.9 -2.8
4.9 -2.7
4.9 -2.6
4.9 -2.5
4.9 -2.4
4.9 -2.3
4.9 -2.2
4.9 -2.1
4.9 -2
5 -4
5 -3.9
5 -3.8
5 -3.7
5 -3.6
5 -3.5
5 -3.4
5 -3.3
5 -3.2
5 -3.1
5 -3
5 -2.9
5 -2.8
5 -2.7
5 -2.6
5 -2.5
5 -2.4
5 -2.3
5 -2.2
5 -2.1
5 -2
5.1 -4
5.1 -3.9
5.1 -3.8
5.1 -3.7
5.1 -3.6
5.1 -3.5
5.1 -3.4
5.1 -3.3
5.1 -3.2
5.1 -3.1
5.1 -3
5.1 -2.9
5.1 -2.8
5.1 -2.7
5.1 -2.6
5.1 -2.5
5.1 -2.4
5.1 -2.3
5.1 -2.2
5.1 -2.1
5.1 -2
5.2 -4
5.2 -3.9
5.2 -3.8
5.2 -3.7
5.2 -3.6
5.2 -3.5
5.2 -3.4
5.2 -3.3
5.2 -3.2
5.2 -3.1
5.2 -3
5.2 -2.9
5.2 -2.8
5.2 -2.7
5.2 -2.6
5.2 -2.5
5.2 -2.4
5.2 -2.3
5.2 -2.2
5.2 -2.1
5.2 -2
5.3 -4
5.3 -3.9
5.3 -3.8
5.3 -3.7
5.3 -3.6
5.3 -3.5
5.3 -3.4
5.3 -3.3
5.3 -3.2
5.3 -3.1
5.3 -3
5.3 -2.9
5.3 -2.8
5.3 -2.7
5.3 -2.6
5.3 -2.5
5.3 -2.4
5.3 -2.3
5.3 -2.2
5.3 -2.1
5.3 -2
5.4 -4
5.4 -3.9
5.4 -3.8
5.4 -3.7
5.4 -3.6
5.4 -3.5
5.4 -3.4
5.4 -3.3
5.4 -3.2
5.4 -3.1
5.4 -3
5.4 -2.9
5.4 -2.8
5.4 -2.7
5.4 -2.6
5.4 -2.5
5.4 -2.4
5.4 -2.3
5.4 -2.2
5.4 -2.1
5.4 -2
5.5 -4
5.5 -3.9
5.5 -3.8
5.5 -3.7
5.5 -3.6
5.5 -3.5
5.5 -3.4
5.5 -3.3
5.5 -3.2
5.5 -3.1
5.5 -3
5.5 -2.9
5.5 -2.8
5.5 -2.7
5.5 -2.6
5.5 -2.5
5.5 -2.4
5.5 -2.3
5.5 -2.2
5.5 -2.1
5.5 -2
5.6 -4
5.6 -3.9
5.6 -3.8
5.6 -3.7
5.6 -3.6
5.6 -3.5
5.6 -3.4
5.6 -3.3
5.6 -3.2
5.6 -3.1
5.6 -3
5.6 -2.9
5.6 -2.8
5.6 -2.7
5.6 -2.6
5.6 -2.5
5.6 -2.4
5.6 -2.3
5.6 -2.2
5.6 -2.1
5.6 -2
room: 4.03017 4.89579 1.5708 2 285
1.6 1.4
1.6 1.5
1.6 1.6
1.6 1.7
1.6 1.8
1.6 1.9
1.6 2
1.6 2.1
1.6 2.2
1.6 2.3
1.6 2.4
1.6 2.5
1.6 2.6
1.6 2.7
1.6 2.8
1.6 2.9
1.6 3
1.6 3.1
1.6 3.2
1.6 3.3
1.6 3.4
1.6 3.5
1.6 3.6
1.6 3.7
1.6 3.8
1.6 3.9
1.6 4
1.6 6.8
1.6 6.9
1.6 7
1.6 7.1
1.6 7.2
1.6 7.3
1.6 7.4
1.6 7.5
1.6 7.6
1.7 1.4
1.7 1.5
1.7 1.6
1.7 1.7
1.7 1.8
1.7 1.9
1.7 2
1.7 2.1
1.7 2.2
1.7 2.3
1.7 2.4
1.7 2.5
1.7 2.6
1.7 2.7
1.7 2.8
1.7 2.9
1.7 3
1.7 3.1
1.7 3.2
1.7 3.3
1.7 3.4
1.7 3.5
1.7 3.6
1.7 3.7
1.7 3.8
1.7 3.9
1.7 4
1.7 4.1
1.7 4.2
1.7 4.3
1.7 4.4
1.7 4.5
1.7 4.6
1.7 4.7
1.7 4.8
1.7 4.9
1.7 5
1.7 5.1
1.7 5.2
1.7 5.3
1.7 5.4
1.7 5.5
1.7 5.6
1.7 5.7
1.7 5.8
1.7 5.9
1.7 6
1.7 6.1
1.7 6.2
1.7 6.3
1.7 6.4
1.7 6.5
1.7 6.6
1.7 6.7
1.7 6.8
1.7 6.9
1.7 7
1.7 7.1
1.7 7.2
1.7 7.3
1.7 7.4
1.7 7.5
1.7 7.6
1.7 7.7
1.8 1.4
1.8 7.6
1.8 7.7
1.9 1.4
1.9 7.6
1.9 7.7
2 1.4
2 7.6
2 7.7
2.1 7.6
2.1 7.7
2.2 7.6
2.2 7.7
2.3 7.6
2.3 7.7
2.4 7.6
2.4 7.7
2.5 7.6
2.5 7.7
2.6 7.6
2.6 7.7
2.7 7.6
2.7 7.7
2.8 7.6
2.8 7.7
2.9 7.6
2.9 7.7
3 7.6
3 7.7
3.1 7.6
3.1 7.7
3.2 7.6
3.2 7.7
3.3 1.4
3.3 7.6
3.3 7.7
3.4 1.4
3.4 7.6
3.5 1.4
3.5 7.6
3.6 1.4
3.6 7.6
3.7 1.4
3.7 7.6
3.8 1.4
3.8 7.6
3.9 1.4
3.9 7.6
4 1.4
4 7.6
4.1 1.4
4.1 7.6
4.2 1.4
4.2 7.6
4.3 1.4
4.3 7.6
4.4 1.4
4.4 7.6
4.5 1.4
4.5 7.6
4.6 1.4
4.6 7.6
4.7 1.4
4.7 7.6
4.8 1.4
4.8 7.6
4.9 1.4
4.9 7.6
5 1.4
5 7.6
5 7.7
5.1 1.4
5.1 7.6
5.1 7.7
5.2 1.4
5.2 7.6
5.2 7.7
5.3 1.4
5.3 7.6
5.3 7.7
5.4 1.4
5.4 7.6
5.4 7.7
5.5 1.4
5.5 7.6
5.5 7.7
5.6 1.4
5.6 7.6
5.6 7.7
5.7 1.4
5.7 7.6
5.7 7.7
5.8 1.4
5.8 7.6
5.8 7.7
5.9 1.4
5.9 7.6
5.9 7.7
6 1.4
6 7.6
6 7.7
6.1 1.4
6.1 7.6
6.1 7.7
6.2 1.4
6.2 7.6
6.2 7.7
6.3 1.4
6.3 7.7
6.4 1.4
6.4 7.7
6.5 1.4
6.5 7.7
6.6 1.4
6.6 7.7
6.7 1.4
6.7 7.7
6.8 1.4
6.8 7.7
6.9 1.4
6.9 7.7
7 1.4
7 1.5
7 1.6
7 1.7
7 1.8
7 1.9
7 2
7 2.1
7 2.2
7 2.3
7 2.4
7 2.5
7 2.6
7 2.7
7 2.8
7 2.9
7 3
7 3.1
7 3.2
7 3.3
7 3.4
7 3.5
7 3.6
7 3.7
7 3.8
7 3.9
7 4
7 4.1
7 4.2
7 4.3
7 4.4
7 4.5
7 4.6
7 4.7
7 4.8
7 4.9
7 5
7 5.1
7 5.2
7 5.3
7 5.4
7 5.5
7 5.6
7 5.7
7 5.8
7 5.9
7 6
7 6.1
7 6.2
7 6.3
7 6.4
7 6.5
7 6.6
7 6.7
7 6.8
7 6.9
7 7
7 7.1
7 7.2
7 7.3
7 7.4
7 7.5
7 7.6
7 7.7
table: 4.28483 4.12671 -1 1 180
4.54787 3.81617
4.54592 3.76621
4.55375 3.96606
4.55179 3.9161
4.54983 3.86614
4.55766 4.06598
4.55571 4.01602
4.56354 4.21587
4.56158 4.16591
4.55962 4.11594
4.56941 4.36575
4.56745 4.31579
4.5655 4.26583
4.57333 4.46568
4.57137 4.41571
4.52337 4.46763
4.52141 4.41767
4.51945 4.36771
4.51749 4.31775
4.51553 4.26779
4.51358 4.21783
4.51162 4.16786
4.50966 4.1179
4.5077 4.06794
4.50574 4.01798
4.50379 3.96802
4.50183 3.91806
4.49987 3.86809
4.49791 3.81813
4.49595 3.76817
4.4734 4.46959
4.47145 4.41963
4.46949 4.36967
4.46753 4.31971
4.46557 4.26975
4.46361 4.21978
4.46166 4.16982
4.4597 4.11986
4.45774 4.0699
4.45578 4.01994
4.45382 3.96998
4.45187 3.92001
4.44991 3.87005
4.44795 3.82009
4.44599 3.77013
4.42344 4.47155
4.42149 4.42159
4.41953 4.37163
4.41757 4.32167
4.41561 4.2717
4.41365 4.22174
4.4117 4.17178
4.40974 4.12182
4.40778 4.07186
4.40582 4.0219
4.40386 3.97193
4.40191 3.92197
4.39995 3.87201
4.39799 3.82205
4.39603 3.77209
4.37348 4.47351
4.37152 4.42355
4.36957 4.37359
4.36761 4.32362
4.36565 4.27366
4.36369 4.2237
4.36173 4.17374
4.35978 4.12378
4.35782 4.07382
4.35586 4.02385
4.3539 3.97389
4.35194 3.92393
4.34999 3.87397
4.34803 3.82401
4.34607 3.77405
4.25985 4.12769
4.25789 4.07773
4.32352 4.47547
4.32156 4.42551
4.3196 4.37554
4.31765 4.32558
4.31569 4.27562
4.31373 4.22566
4.31177 4.1757
4.30981 4.12574
4.30786 4.07577
4.3059 4.02581
4.30394 3.97585
4.30198 3.92589
4.30002 3.87593
4.29807 3.82597
4.29611 3.776
4.20989 4.12965
4.20793 4.07969
4.27356 4.47742
4.2716 4.42746
4.26964 4.3775
4.26768 4.32754
4.26573 4.27758
4.26377 4.22762
4.26181 4.17765
4.25594 4.02777
4.25398 3.97781
4.25202 3.92785
4.25006 3.87788
4.2481 3.82792
4.24615 3.77796
4.15993 4.13161
4.15797 4.08165
4.2236 4.47938
4.22164 4.42942
4.21968 4.37946
4.21772 4.3295
4.21576 4.27954
4.21381 4.22957
4.21185 4.17961
4.20597 4.02973
4.20402 3.97977
4.20206 3.9298
4.2001 3.87984
4.19814 3.82988
4.19618 3.77992
4.10997 4.13357
4.10801 4.08361
4.17364 4.48134
4.17168 4.43138
4.16972 4.38142
4.16776 4.33146
4.1658 4.28149
4.16385 4.23153
4.16189 4.18157
4.15601 4.03169
4.15405 3.98172
4.1521 3.93176
4.15014 3.8818
4.14818 3.83184
4.14622 3.78188
4.12367 4.4833
4.12172 4.43334
4.11976 4.38338
4.1178 4.33341
4.11584 4.28345
4.11388 4.23349
4.11193 4.18353
4.10605 4.03364
4.10409 3.98368
4.10213 3.93372
4.10018 3.88376
4.09822 3.8338
4.09626 3.78384
4.07371 4.48526
4.07175 4.4353
4.0698 4.38533
4.06784 4.33537
4.06588 4.28541
4.06392 4.23545
4.06196 4.18549
4.06001 4.13553
4.05805 4.08556
4.05609 4.0356
4.05413 3.98564
4.05217 3.93568
4.05022 3.88572
4.04826 3.83576
4.0463 3.78579
4.02375 4.48722
4.02179 4.43725
4.01983 4.38729
4.01788 4.33733
4.01592 4.28737
4.01396 4.23741
4.012 4.18745
4.01004 4.13748
4.00809 4.08752
4.00613 4.03756
4.00417 3.9876
4.00221 3.93764
4.00025 3.88768
3.9983 3.83771
3.99634 3.78775
couch: 4.41929 3.15827 1.81855 1 571
4.48298 2.77063
4.44319 2.80091
4.41292 2.76111
4.47346 2.8407
4.43366 2.87097
4.40339 2.83118
4.37312 2.79138
4.54352 2.85023
4.51325 2.81043
4.3636 2.86145
4.33332 2.82165
4.34285 2.75159
4.30305 2.78186
4.58332 2.81995
4.61359 2.85975
4.29353 2.85192
4.26326 2.81213
4.27278 2.74206
4.65339 2.82948
4.23299 2.77233
4.22346 2.8424
4.68366 2.86928
4.19319 2.8026
4.72345 2.839
4.16292 2.76281
4.18367 2.87267
4.1534 2.83287
4.76325 2.80873
4.79352 2.84853
4.12313 2.79308
5.26324 2.80534
5.22344 2.83561
5.19317 2.79581
5.23296 2.76554
5.29351 2.84513
4.83331 2.81826
4.1136 2.86314
4.08333 2.82335
4.09286 2.75328
5.18364 2.86588
5.1629 2.75602
4.86358 2.85805
5.15337 2.82609
4.05306 2.78355
4.90338 2.82778
5.32378 2.88493
5.1231 2.78629
5.28398 2.9152
5.25371 2.87541
5.31425 2.955
5.11358 2.85636
5.08331 2.81656
5.09283 2.7465
4.93365 2.86758
5.05304 2.77677
5.01324 2.80704
4.97345 2.83731
4.04354 2.85362
5.04351 2.84683
5.27446 2.98527
5.24419 2.94547
5.21392 2.90568
4.01326 2.81382
5.30473 3.02506
4.02279 2.74376
5.335 3.06486
5.26493 3.05533
5.23466 3.01554
5.2952 3.09513
5.20439 2.97574
3.98299 2.77403
5.32547 3.13492
5.28568 3.1652
5.25541 3.1254
5.22514 3.0856
5.19487 3.04581
5.17412 2.93595
5.31595 3.20499
3.97347 2.84409
5.27615 3.23526
5.24588 3.19547
5.21561 3.15567
5.34622 3.24479
3.9432 2.8043
5.18534 3.11588
5.23636 3.26553
5.20609 3.22574
3.91293 2.7645
5.17582 3.18594
3.9034 2.83457
5.38602 3.21452
3.87313 2.79477
5.30642 3.27506
5.37649 3.28458
3.84286 2.75498
3.86361 2.86484
3.83334 2.82505
5.3367 3.31485
3.80307 2.78525
5.26663 3.30533
5.36697 3.35465
5.2969 3.34512
3.79354 2.85532
3.76327 2.81552
3.77279 2.74545
3.733 2.77573
5.35744 3.42471
5.32717 3.38492
3.72347 2.84579
5.38771 3.46451
3.6932 2.806
5.34792 3.49478
5.31765 3.45499
5.28738 3.41519
5.2571 3.37539
5.30812 3.52505
5.27785 3.48526
5.14385 2.89615
5.1646 3.00601
5.13432 2.96622
5.10405 2.92642
5.07378 2.88663
5.15507 3.07608
5.1248 3.03628
5.09453 2.99649
5.06426 2.95669
5.03399 2.9169
5.00372 2.8771
5.14555 3.14615
5.11528 3.10635
5.085 3.06656
5.05473 3.02676
5.02446 2.98696
4.99419 2.94717
4.96392 2.90737
5.22683 3.3356
5.19656 3.2958
5.16629 3.25601
5.13602 3.21621
5.10575 3.17642
5.07548 3.13662
5.04521 3.09683
5.01494 3.05703
4.98467 3.01724
4.9544 2.97744
4.92413 2.93764
4.89386 2.89785
5.24758 3.44546
5.21731 3.40567
5.18704 3.36587
5.15677 3.32607
5.1265 3.28628
5.09623 3.24648
5.06596 3.20669
5.03568 3.16689
5.00541 3.1271
4.97514 3.0873
4.94487 3.04751
4.9146 3.00771
4.88433 2.96792
4.85406 2.92812
4.82379 2.88832
5.23806 3.51553
5.20778 3.47573
5.17751 3.43594
5.14724 3.39614
5.11697 3.35635
5.0867 3.31655
5.05643 3.27675
5.02616 3.23696
4.99589 3.19716
4.96562 3.15737
4.93535 3.11757
4.90508 3.07778
4.87481 3.03798
4.84453 2.99819
4.81426 2.95839
4.78399 2.9186
4.75372 2.8788
5.16799 3.506
5.13772 3.46621
5.10745 3.42641
5.07718 3.38662
5.04691 3.34682
5.01663 3.30702
4.98636 3.26723
4.95609 3.22743
4.92582 3.18764
4.89555 3.14784
4.86528 3.10805
4.83501 3.06825
4.80474 3.02846
4.77447 2.98866
4.7442 2.94887
4.71393 2.90907
5.09792 3.49648
5.06765 3.45668
5.03738 3.41689
5.00711 3.37709
4.97684 3.3373
4.94657 3.2975
4.9163 3.2577
4.88603 3.21791
4.85576 3.17811
4.82549 3.13832
4.79521 3.09852
4.76494 3.05873
4.73467 3.01893
4.7044 2.97914
4.67413 2.93934
4.64386 2.89955
3.65341 2.83627
5.02786 3.48695
4.99759 3.44716
4.96731 3.40736
4.93704 3.36757
4.90677 3.32777
4.8765 3.28798
4.84623 3.24818
4.81596 3.20838
4.78569 3.16859
4.75542 3.12879
4.72515 3.089
4.69488 3.0492
4.66461 3.00941
4.63434 2.96961
4.60406 2.92982
4.57379 2.89002
4.98806 3.51722
4.95779 3.47743
4.92752 3.43763
4.89725 3.39784
4.86698 3.35804
4.83671 3.31825
4.80644 3.27845
4.77617 3.23866
4.74589 3.19886
4.71562 3.15906
4.68535 3.11927
4.65508 3.07947
4.62481 3.03968
4.59454 2.99988
4.56427 2.96009
4.534 2.92029
4.50373 2.8805
4.91799 3.5077
4.88772 3.4679
4.85745 3.42811
4.82718 3.38831
4.79691 3.34852
4.76664 3.30872
4.73637 3.26893
4.7061 3.22913
4.67583 3.18934
4.64556 3.14954
4.61529 3.10974
4.58502 3.06995
4.55475 3.03015
4.52447 2.99036
4.4942 2.95056
4.46393 2.91077
4.84793 3.49817
4.81766 3.45838
4.78739 3.41858
4.75712 3.37879
4.72685 3.33899
4.69657 3.2992
4.6663 3.2594
4.63603 3.21961
4.60576 3.17981
4.57549 3.14002
4.54522 3.10022
4.51495 3.06042
4.48468 3.02063
4.45441 2.98083
4.42414 2.94104
4.39387 2.90124
4.77786 3.48865
4.74759 3.44885
4.71732 3.40906
4.68705 3.36926
4.65678 3.32947
4.62651 3.28967
4.59624 3.24988
4.56597 3.21008
4.5357 3.17029
4.50542 3.13049
4.47515 3.0907
4.44488 3.0509
4.41461 3.0111
4.38434 2.97131
4.35407 2.93151
4.3238 2.89172
4.73807 3.51892
4.7078 3.47913
4.67753 3.43933
4.64725 3.39953
4.61698 3.35974
4.58671 3.31994
4.55644 3.28015
4.52617 3.24035
4.4959 3.20056
4.46563 3.16076
4.43536 3.12097
4.40509 3.08117
4.37482 3.04138
4.34455 3.00158
4.31428 2.96178
4.284 2.92199
4.25373 2.88219
4.63773 3.4696
4.60746 3.42981
4.57719 3.39001
4.54692 3.35021
4.51665 3.31042
4.48638 3.27062
4.4561 3.23083
4.42583 3.19103
4.39556 3.15124
4.36529 3.11144
4.33502 3.07165
4.30475 3.03185
4.27448 2.99206
4.24421 2.95226
4.21394 2.91246
5.05813 3.52675
4.668 3.5094
4.59793 3.49987
4.56766 3.46008
4.53739 3.42028
4.50712 3.38049
4.47685 3.34069
4.44658 3.30089
4.41631 3.2611
4.38604 3.2213
4.35577 3.18151
4.3255 3.14171
4.29523 3.10192
4.26496 3.06212
4.23468 3.02233
4.20441 2.98253
4.17414 2.94273
4.14387 2.90294
4.52787 3.49035
4.4976 3.45055
4.46733 3.41076
4.43706 3.37096
4.40679 3.33116
4.37651 3.29137
4.34624 3.25157
4.31597 3.21178
4.2857 3.17198
4.25543 3.13219
4.22516 3.09239
4.19489 3.0526
4.16462 3.0128
4.13435 2.97301
4.10408 2.93321
4.07381 2.89341
4.48807 3.52062
4.4578 3.48082
4.42753 3.44103
4.39726 3.40123
4.36699 3.36144
4.33672 3.32164
4.30645 3.28184
4.27618 3.24205
4.24591 3.20225
4.21564 3.16246
4.18536 3.12266
4.15509 3.08287
4.12482 3.04307
4.09455 3.00328
4.06428 2.96348
4.03401 2.92369
4.00374 2.88389
4.41801 3.51109
4.38774 3.4713
4.35746 3.4315
4.32719 3.39171
4.29692 3.35191
4.26665 3.31212
4.23638 3.27232
4.20611 3.23252
4.17584 3.19273
4.14557 3.15293
4.1153 3.11314
4.08503 3.07334
4.05476 3.03355
4.02449 2.99375
3.99422 2.95396
3.96394 2.91416
3.93367 2.87437
4.34794 3.50157
4.31767 3.46177
4.2874 3.42198
4.25713 3.38218
4.22686 3.34239
4.19659 3.30259
4.16632 3.2628
4.13604 3.223
4.10577 3.1832
4.0755 3.14341
4.04523 3.10361
4.01496 3.06382
3.98469 3.02402
3.95442 2.98423
3.92415 2.94443
3.89388 2.90464
4.27787 3.49204
4.2476 3.45225
4.21733 3.41245
4.18706 3.37266
4.15679 3.33286
4.12652 3.29307
4.09625 3.25327
4.06598 3.21348
4.03571 3.17368
4.00544 3.13388
3.97517 3.09409
3.94489 3.05429
3.91462 3.0145
3.88435 2.9747
3.85408 2.93491
3.82381 2.89511
4.23808 3.52231
4.20781 3.48252
4.17754 3.44272
4.14727 3.40293
4.11699 3.36313
4.08672 3.32334
4.05645 3.28354
4.02618 3.24375
3.99591 3.20395
3.96564 3.16416
3.93537 3.12436
3.9051 3.08456
3.87483 3.04477
3.84456 3.00497
3.81429 2.96518
3.78402 2.92538
3.75375 2.88559
4.16801 3.51279
4.13774 3.47299
4.10747 3.4332
4.0772 3.3934
4.04693 3.35361
4.01666 3.31381
3.98639 3.27402
3.95612 3.23422
3.92585 3.19443
3.89557 3.15463
3.8653 3.11484
3.83503 3.07504
3.80476 3.03524
3.77449 2.99545
3.74422 2.95565
3.71395 2.91586
3.68368 2.87606
4.09795 3.50327
4.06767 3.46347
4.0374 3.42367
4.00713 3.38388
3.97686 3.34408
3.94659 3.30429
3.91632 3.26449
3.88605 3.2247
3.85578 3.1849
3.82551 3.14511
3.79524 3.10531
3.76497 3.06552
3.7347 3.02572
3.70443 2.98592
3.67415 2.94613
3.64388 2.90633
3.61361 2.86654
4.02788 3.49374
3.99761 3.45394
3.96734 3.41415
3.93707 3.37435
3.9068 3.33456
3.87653 3.29476
3.84625 3.25497
3.81598 3.21517
3.78571 3.17538
3.75544 3.13558
3.72517 3.09579
3.6949 3.05599
3.66463 3.0162
3.63436 2.9764
3.60409 2.9366
3.4864 3.27741
3.95781 3.48422
3.92754 3.44442
3.89727 3.40462
3.867 3.36483
3.83673 3.32503
3.80646 3.28524
3.77619 3.24544
3.74592 3.20565
3.71565 3.16585
3.68538 3.12606
3.65511 3.08626
3.62483 3.04647
3.59456 3.00667
3.56429 2.96687
3.4466 3.30768
3.91802 3.51449
3.88775 3.47469
3.85748 3.4349
3.82721 3.3951
3.79693 3.3553
3.76666 3.31551
3.73639 3.27571
3.70612 3.23592
3.67585 3.19612
3.64558 3.15633
3.61531 3.11653
3.58504 3.07674
3.55477 3.03694
3.47687 3.34748
3.84795 3.50496
3.81768 3.46517
3.78741 3.42537
3.75714 3.38558
3.72687 3.34578
3.6966 3.30598
3.66633 3.26619
3.63606 3.22639
3.60578 3.1866
3.57551 3.1468
3.54524 3.10701
3.98808 3.52401
3.77789 3.49544
3.74761 3.45564
3.71734 3.41585
3.68707 3.37605
3.6568 3.33626
3.62653 3.29646
3.59626 3.25666
3.56599 3.21687
3.53572 3.17707
3.40681 3.33795
3.43708 3.37775
3.50714 3.38727
3.46735 3.41754
3.70782 3.48591
3.67755 3.44612
3.64728 3.40632
3.61701 3.36653
3.58674 3.32673
3.55646 3.28694
3.52619 3.24714
3.49762 3.45734
3.45782 3.48761
3.42755 3.44781
3.39728 3.40802
3.66802 3.51618
3.63775 3.47639
3.60748 3.43659
3.57721 3.3968
3.54694 3.357
3.51667 3.31721
3.41803 3.51788
3.38776 3.47808
3.59796 3.50666
3.56769 3.46686
3.53742 3.42707
3.73809 3.52571
3.52789 3.49713
3.36701 3.36822
bed: 5 -3 4.7124 2 273
4.4 -4
4.4 -3.9
4.4 -3.8
4.4 -3.7
4.4 -3.6
4.4 -3.5
4.4 -3.4
4.4 -3.3
4.4 -3.2
4.4 -3.1
4.4 -3
4.4 -2.9
4.4 -2.8
4.4 -2.7
4.4 -2.6
4.4 -2.5
4.4 -2.4
4.4 -2.3
4.4 -2.2
4.4 -2.1
4.4 -2
4.5 -4
4.5 -3.9
4.5 -3.8
4.5 -3.7
4.5 -3.6
4.5 -3.5
4.5 -3.4
4.5 -3.3
4.5 -3.2
4.5 -3.1
4.5 -3
4.5 -2.9
4.5 -2.8
4.5 -2.7
4.5 -2.6
4.5 -2.5
4.5 -2.4
4.5 -2.3
4.5 -2.2
4.5 -2.1
4.5 -2
4.6 -4
4.6 -3.9
4.6 -3.8
4.6 -3.7
4.6 -3.6
4.6 -3.5
4.6 -3.4
4.6 -3.3
4.6 -3.2
4.6 -3.1
4.6 -3
4.6 -2.9
4.6 -2.8
4.6 -2.7
4.6 -2.6
4.6 -2.5
4.6 -2.4
4.6 -2.3
4.6 -2.2
4.6 -2.1
4.6 -2
4.7 -4
4.7 -3.9
4.7 -3.8
4.7 -3.7
4.7 -3.6
4.7 -3.5
4.7 -3.4
4.7 -3.3
4.7 -3.2
4.7 -3.1
4.7 -3
4.7 -2.9
4.7 -2.8
4.7 -2.7
4.7 -2.6
4.7 -2.5
4.7 -2.4
4.7 -2.3
4.7 -2.2
4.7 -2.1
4.7 -2
4.8 -4
4.8 -3.9
4.8 -3.8
4.8 -3.7
4.8 -3.6
4.8 -3.5
4.8 -3.4
4.8 -3.3
4.8 -3.2
4.8 -3.1
4.8 -3
4.8 -2.9
4.8 -2.8
4.8 -2.7
4.8 -2.6
4.8 -2.5
4.8 -2.4
4.8 -2.3
4.8 -2.2
4.8 -2.1
4.8 -2
4.9 -4
4.9 -3.9
4.9 -3.8
4.9 -3.7
4.9 -3.6
4.9 -3.5
4.9 -3.4
4.9 -3.3
4.9 -3.2
4.9 -3.1
4.9 -3
4.9 -2.9
4.9 -2.8
4.9 -2.7
4.9 -2.6
4.9 -2.5
4.9 -2.4
4.9 -2.3
4.9 -2.2
4.9 -2.1
4.9 -2
5 -4
5 -3.9
5 -3.8
5 -3.7
5 -3.6
5 -3.5
5 -3.4
5 -3.3
5 -3.2
5 -3.1
5 -3
5 -2.9
5 -2.8
5 -2.7
5 -2.6
5 -2.5
5 -2.4
5 -2.3
5 -2.2
5 -2.1
5 -2
5.1 -4
5.1 -3.9
5.1 -3.8
5.1 -3.7
5.1 -3.6
5.1 -3.5
5.1 -3.4
5.1 -3.3
5.1 -3.2
5.1 -3.1
5.1 -3
5.1 -2.9
5.1 -2.8
5.1 -2.7
5.1 -2.6
5.1 -2.5
5.1 -2.4
5.1 -2.3
5.1 -2.2
5.1 -2.1
5.1 -2
5.2 -4
5.2 -3.9
5.2 -3.8
5.2 -3.7
5.2 -3.6
5.2 -3.5
5.2 -3.4
5.2 -3.3
5.2 -3.2
5.2 -3.1
5.2 -3
5.2 -2.9
5.2 -2.8
5.2 -2.7
5.2 -2.6
5.2 -2.5
5.2 -2.4
5.2 -2.3
5.2 -2.2
5.2 -2.1
5.2 -2
5.3 -4
5.3 -3.9
5.3 -3.8
5.3 -3.7
5.3 -3.6
5.3 -3.5
5.3 -3.4
5.3 -3.3
5.3 -3.2
5.3 -3.1
5.3 -3
5.3 -2.9
5.3 -2.8
5.3 -2.7
5.3 -2.6
5.3 -2.5
5.3 -2.4
5.3 -2.3
5.3 -2.2
5.3 -2.1
5.3 -2
5.4 -4
5.4 -3.9
5.4 -3.8
5.4 -3.7
5.4 -3.6
5.4 -3.5
5.4 -3.4
5.4 -3.3
5.4 -3.2
5.4 -3.1
5.4 -3
5.4 -2.9
5.4 -2.8
5.4 -2.7
5.4 -2.6
5.4 -2.5
5.4 -2.4
5.4 -2.3
5.4 -2.2
5.4 -2.1
5.4 -2
5.5 -4
5.5 -3.9
5.5 -3.8
5.5 -3.7
5.5 -3.6
5.5 -3.5
5.5 -3.4
5.5 -3.3
5.5 -3.2
5.5 -3.1
5.5 -3
5.5 -2.9
5.5 -2.8
5.5 -2.7
5.5 -2.6
5.5 -2.5
5.5 -2.4
5.5 -2.3
5.5 -2.2
5.5 -2.1
5.5 -2
5.6 -4
5.6 -3.9
5.6 -3.8
5.6 -3.7
5.6 -3.6
5.6 -3.5
5.6 -3.4
5.6 -3.3
5.6 -3.2
5.6 -3.1
5.6 -3
5.6 -2.9
5.6 -2.8
5.6 -2.7
5.6 -2.6
5.6 -2.5
5.6 -2.4
5.6 -2.3
5.6 -2.2
5.6 -2.1
5.6 -2
