OR: 5.01252 -0.010789 3.1573 0 16
4.86252 -0.160789
4.86252 -0.060789
4.86252 0.039211
4.86252 0.139211
4.96252 -0.160789
4.96252 -0.060789
4.96252 0.039211
4.96252 0.139211
5.06252 -0.160789
5.06252 -0.060789
5.06252 0.039211
5.06252 0.139211
5.16252 -0.160789
5.16252 -0.060789
5.16252 0.039211
5.16252 0.139211
CR: 6.0513 -2.82754 1.54695 0.5 16
5.9013 -2.97754
5.9013 -2.87754
5.9013 -2.77754
5.9013 -2.67754
6.0013 -2.97754
6.0013 -2.87754
6.0013 -2.77754
6.0013 -2.67754
6.1013 -2.97754
6.1013 -2.87754
6.1013 -2.77754
6.1013 -2.67754
6.2013 -2.97754
6.2013 -2.87754
6.2013 -2.77754
6.2013 -2.67754
bed: 5 -3 4.7124 1 273
4.4 -4
4.4 -3.9
4.4 -3.8
4.4 -3.7
4.4 -3.6
4.4 -3.5
4.4 -3.4
4.4 -3.3
4.4 -3.2
4.4 -3.1
4.4 -3
4.4 -2.9
4.4 -2.8
4.4 -2.7
4.4 -2.6
4.4 -2.5
4.4 -2.4
4.4 -2.3
4.4 -2.2
4.4 -2.1
4.4 -2
4.5 -4
4.5 -3.9
4.5 -3.8
4.5 -3.7
4.5 -3.6
4.5 -3.5
4.5 -3.4
4.5 -3.3
4.5 -3.2
4.5 -3.1
4.5 -3
4.5 -2.9
4.5 -2.8
4.5 -2.7
4.5 -2.6
4.5 -2.5
4.5 -2.4
4.5 -2.3
4.5 -2.2
4.5 -2.1
4.5 -2
4.6 -4
4.6 -3.9
4.6 -3.8
4.6 -3.7
4.6 -3.6
4.6 -3.5
4.6 -3.4
4.6 -3.3
4.6 -3.2
4.6 -3.1
4.6 -3
4.6 -2.9
4.6 -2.8
4.6 -2.7
4.6 -2.6
4.6 -2.5
4.6 -2.4
4.6 -2.3
4.6 -2.2
4.6 -2.1
4.6 -2
4.7 -4
4.7 -3.9
4.7 -3.8
4.7 -3.7
4.7 -3.6
4.7 -3.5
4.7 -3.4
4.7 -3.3
4.7 -3.2
4.7 -3.1
4.7 -3
4.7 -2.9
4.7 -2.8
4.7 -2.7
4.7 -2.6
4.7 -2.5
4.7 -2.4
4.7 -2.3
4.7 -2.2
4.7 -2.1
4.7 -2
4.8 -4
4.8 -3.9
4.8 -3.8
4.8 -3.7
4.8 -3.6
4.8 -3.5
4.8 -3.4
4.8 -3.3
4.8 -3.2
4.8 -3.1
4.8 -3
4.8 -2.9
4.8 -2.8
4.8 -2.7
4.8 -2.6
4.8 -2.5
4.8 -2.4
4.8 -2.3
4.8 -2.2
4.8 -2.1
4.8 -2
4.9 -4
4.9 -3.9
4.9 -3.8
4.9 -3.7
4.9 -3.6
4.9 -3.5
4.9 -3.4
4.9 -3.3
4.9 -3.2
4.9 -3.1
4.9 -3
4.9 -2.9
4.9 -2.8
4.9 -2.7
4.9 -2.6
4.9 -2.5
4.9 -2.4
4.9 -2.3
4.9 -2.2
4.9 -2.1
4.9 -2
5 -4
5 -3.9
5 -3.8
5 -3.7
5 -3.6
5 -3.5
5 -3.4
5 -3.3
5 -3.2
5 -3.1
5 -3
5 -2.9
5 -2.8
5 -2.7
5 -2.6
5 -2.5
5 -2.4
5 -2.3
5 -2.2
5 -2.1
5 -2
5.1 -4
5.1 -3.9
5.1 -3.8
5.1 -3.7
5.1 -3.6
5.1 -3.5
5.1 -3.4
5.1 -3.3
5.1 -3.2
5.1 -3.1
5.1 -3
5.1 -2.9
5.1 -2.8
5.1 -2.7
5.1 -2.6
5.1 -2.5
5.1 -2.4
5.1 -2.3
5.1 -2.2
5.1 -2.1
5.1 -2
5.2 -4
5.2 -3.9
5.2 -3.8
5.2 -3.7
5.2 -3.6
5.2 -3.5
5.2 -3.4
5.2 -3.3
5.2 -3.2
5.2 -3.1
5.2 -3
5.2 -2.9
5.2 -2.8
5.2 -2.7
5.2 -2.6
5.2 -2.5
5.2 -2.4
5.2 -2.3
5.2 -2.2
5.2 -2.1
5.2 -2
5.3 -4
5.3 -3.9
5.3 -3.8
5.3 -3.7
5.3 -3.6
5.3 -3.5
5.3 -3.4
5.3 -3.3
5.3 -3.2
5.3 -3.1
5.3 -3
5.3 -2.9
5.3 -2.8
5.3 -2.7
5.3 -2.6
5.3 -2.5
5.3 -2.4
5.3 -2.3
5.3 -2.2
5.3 -2.1
5.3 -2
5.4 -4
5.4 -3.9
5.4 -3.8
5.4 -3.7
5.4 -3.6
5.4 -3.5
5.4 -3.4
5.4 -3.3
5.4 -3.2
5.4 -3.1
5.4 -3
5.4 -2.9
5.4 -2.8
5.4 -2.7
5.4 -2.6
5.4 -2.5
5.4 -2.4
5.4 -2.3
5.4 -2.2
5.4 -2.1
5.4 -2
5.5 -4
5.5 -3.9
5.5 -3.8
5.5 -3.7
5.5 -3.6
5.5 -3.5
5.5 -3.4
5.5 -3.3
5.5 -3.2
5.5 -3.1
5.5 -3
5.5 -2.9
5.5 -2.8
5.5 -2.7
5.5 -2.6
5.5 -2.5
5.5 -2.4
5.5 -2.3
5.5 -2.2
5.5 -2.1
5.5 -2
5.6 -4
5.6 -3.9
5.6 -3.8
5.6 -3.7
5.6 -3.6
5.6 -3.5
5.6 -3.4
5.6 -3.3
5.6 -3.2
5.6 -3.1
5.6 -3
5.6 -2.9
5.6 -2.8
5.6 -2.7
5.6 -2.6
5.6 -2.5
5.6 -2.4
5.6 -2.3
5.6 -2.2
5.6 -2.1
5.6 -2
livingroom: 4.03017 4.89579 1.5708 1 285
1.6 1.4
1.6 1.5
1.6 1.6
1.6 1.7
1.6 1.8
1.6 1.9
1.6 2
1.6 2.1
1.6 2.2
1.6 2.3
1.6 2.4
1.6 2.5
1.6 2.6
1.6 2.7
1.6 2.8
1.6 2.9
1.6 3
1.6 3.1
1.6 3.2
1.6 3.3
1.6 3.4
1.6 3.5
1.6 3.6
1.6 3.7
1.6 3.8
1.6 3.9
1.6 4
1.6 6.8
1.6 6.9
1.6 7
1.6 7.1
1.6 7.2
1.6 7.3
1.6 7.4
1.6 7.5
1.6 7.6
1.7 1.4
1.7 1.5
1.7 1.6
1.7 1.7
1.7 1.8
1.7 1.9
1.7 2
1.7 2.1
1.7 2.2
1.7 2.3
1.7 2.4
1.7 2.5
1.7 2.6
1.7 2.7
1.7 2.8
1.7 2.9
1.7 3
1.7 3.1
1.7 3.2
1.7 3.3
1.7 3.4
1.7 3.5
1.7 3.6
1.7 3.7
1.7 3.8
1.7 3.9
1.7 4
1.7 4.1
1.7 4.2
1.7 4.3
1.7 4.4
1.7 4.5
1.7 4.6
1.7 4.7
1.7 4.8
1.7 4.9
1.7 5
1.7 5.1
1.7 5.2
1.7 5.3
1.7 5.4
1.7 5.5
1.7 5.6
1.7 5.7
1.7 5.8
1.7 5.9
1.7 6
1.7 6.1
1.7 6.2
1.7 6.3
1.7 6.4
1.7 6.5
1.7 6.6
1.7 6.7
1.7 6.8
1.7 6.9
1.7 7
1.7 7.1
1.7 7.2
1.7 7.3
1.7 7.4
1.7 7.5
1.7 7.6
1.7 7.7
1.8 1.4
1.8 7.6
1.8 7.7
1.9 1.4
1.9 7.6
1.9 7.7
2 1.4
2 7.6
2 7.7
2.1 7.6
2.1 7.7
2.2 7.6
2.2 7.7
2.3 7.6
2.3 7.7
2.4 7.6
2.4 7.7
2.5 7.6
2.5 7.7
2.6 7.6
2.6 7.7
2.7 7.6
2.7 7.7
2.8 7.6
2.8 7.7
2.9 7.6
2.9 7.7
3 7.6
3 7.7
3.1 7.6
3.1 7.7
3.2 7.6
3.2 7.7
3.3 1.4
3.3 7.6
3.3 7.7
3.4 1.4
3.4 7.6
3.5 1.4
3.5 7.6
3.6 1.4
3.6 7.6
3.7 1.4
3.7 7.6
3.8 1.4
3.8 7.6
3.9 1.4
3.9 7.6
4 1.4
4 7.6
4.1 1.4
4.1 7.6
4.2 1.4
4.2 7.6
4.3 1.4
4.3 7.6
4.4 1.4
4.4 7.6
4.5 1.4
4.5 7.6
4.6 1.4
4.6 7.6
4.7 1.4
4.7 7.6
4.8 1.4
4.8 7.6
4.9 1.4
4.9 7.6
5 1.4
5 7.6
5 7.7
5.1 1.4
5.1 7.6
5.1 7.7
5.2 1.4
5.2 7.6
5.2 7.7
5.3 1.4
5.3 7.6
5.3 7.7
5.4 1.4
5.4 7.6
5.4 7.7
5.5 1.4
5.5 7.6
5.5 7.7
5.6 1.4
5.6 7.6
5.6 7.7
5.7 1.4
5.7 7.6
5.7 7.7
5.8 1.4
5.8 7.6
5.8 7.7
5.9 1.4
5.9 7.6
5.9 7.7
6 1.4
6 7.6
6 7.7
6.1 1.4
6.1 7.6
6.1 7.7
6.2 1.4
6.2 7.6
6.2 7.7
6.3 1.4
6.3 7.7
6.4 1.4
6.4 7.7
6.5 1.4
6.5 7.7
6.6 1.4
6.6 7.7
6.7 1.4
6.7 7.7
6.8 1.4
6.8 7.7
6.9 1.4
6.9 7.7
7 1.4
7 1.5
7 1.6
7 1.7
7 1.8
7 1.9
7 2
7 2.1
7 2.2
7 2.3
7 2.4
7 2.5
7 2.6
7 2.7
7 2.8
7 2.9
7 3
7 3.1
7 3.2
7 3.3
7 3.4
7 3.5
7 3.6
7 3.7
7 3.8
7 3.9
7 4
7 4.1
7 4.2
7 4.3
7 4.4
7 4.5
7 4.6
7 4.7
7 4.8
7 4.9
7 5
7 5.1
7 5.2
7 5.3
7 5.4
7 5.5
7 5.6
7 5.7
7 5.8
7 5.9
7 6
7 6.1
7 6.2
7 6.3
7 6.4
7 6.5
7 6.6
7 6.7
7 6.8
7 6.9
7 7
7 7.1
7 7.2
7 7.3
7 7.4
7 7.5
7 7.6
7 7.7
hallway: 1.39023 -0.0949217 0 1 256
-5.2 -1.5
-5.2 -1.4
-5.2 1.2
-5.2 1.3
-5.1 -1.4
-5.1 1.2
-5 -1.4
-5 1.2
-4.9 -1.4
-4.9 1.2
-4.8 -1.4
-4.8 1.2
-4.7 -1.4
-4.7 1.2
-4.6 -1.4
-4.6 1.2
-4.5 -1.4
-4.5 1.2
-4.4 -1.4
-4.4 1.2
-4.3 -1.4
-4.3 1.2
-4.2 -1.4
-4.2 1.2
-4.1 -1.4
-4.1 1.2
-4 -1.4
-4 1.2
-3.9 -1.4
-3.9 1.2
-3.8 -1.4
-3.8 1.2
-3.7 -1.4
-3.7 1.2
-3.6 -1.4
-3.6 1.2
-3.5 -1.4
-3.5 1.2
-3.4 -1.4
-3.4 1.2
-3.3 -1.4
-3.3 1.2
-3.2 -1.4
-3.2 1.2
-3.1 -1.4
-3.1 1.2
-3 -1.4
-3 1.2
-2.9 -1.4
-2.9 1.2
-2.8 -1.4
-2.8 1.2
-2.7 -1.4
-2.7 1.2
-2.6 -1.4
-2.6 1.2
-2.5 -1.4
-2.5 1.2
-2.4 -1.4
-2.4 1.2
-2.3 -1.4
-2.3 1.2
-2.2 -1.4
-2.2 1.2
-2.1 -1.4
-2.1 1.2
-2 -1.4
-2 1.2
-1.9 -1.4
-1.9 1.2
-1.8 -1.4
-1.8 1.2
-1.7 -1.4
-1.7 1.2
-1.6 -1.4
-1.6 1.2
-1.5 -1.4
-1.5 1.2
-1.4 -1.4
-1.4 1.2
-1.3 -1.4
-1.3 1.2
-1.2 -1.4
-1.2 1.2
-1.1 -1.4
-1.1 1.2
-1 -1.4
-1 1.2
-0.9 -1.4
-0.9 1.2
-0.8 -1.4
-0.8 1.2
-0.7 -1.4
-0.7 1.2
-0.6 -1.4
-0.6 1.2
-0.5 -1.4
-0.5 1.2
-0.4 -1.4
-0.4 1.2
-0.3 -1.4
-0.3 1.2
-0.2 -1.4
-0.2 1.2
-0.1 -1.4
-0.1 1.2
0 -1.4
0 1.2
0.1 -1.4
0.1 1.2
0.2 -1.4
0.2 1.2
0.3 -1.4
0.3 1.2
0.4 -1.4
0.4 1.2
0.5 -1.4
0.5 1.2
0.6 -1.4
0.6 1.2
0.7 -1.4
0.7 1.2
0.8 -1.4
0.8 1.2
0.9 -1.4
0.9 1.2
1 -1.4
1 1.2
1.1 -1.4
1.1 1.2
1.2 -1.4
1.2 1.2
1.3 -1.4
1.3 1.2
1.4 -1.4
1.4 1.2
1.5 -1.4
1.5 1.2
1.6 -1.4
1.6 1.2
1.7 -1.4
1.7 1.2
1.8 -1.4
1.8 1.2
1.9 -1.4
1.9 1.2
2 1.2
3.1 -1.5
3.1 -1.4
3.1 1.2
3.1 1.3
3.2 -1.4
3.2 1.2
3.3 -1.4
3.3 1.2
3.4 -1.4
3.4 1.2
3.5 -1.4
3.5 1.2
3.6 -1.4
3.6 1.2
3.7 -1.4
3.7 1.2
3.8 -1.4
3.8 1.2
3.9 -1.4
3.9 1.2
4 -1.4
4 1.2
4.1 -1.4
4.1 1.2
4.2 -1.4
4.2 1.2
4.3 -1.4
4.3 1.2
4.4 -1.4
4.4 1.2
4.5 -1.4
4.5 1.2
4.6 -1.4
4.6 1.2
4.7 -1.4
4.7 1.2
4.8 -1.4
4.8 1.2
4.9 -1.4
4.9 1.2
5 -1.4
5 1.2
5.1 -1.4
5.1 1.2
5.2 -1.4
5.2 1.2
5.3 -1.4
5.3 1.2
5.4 -1.4
5.4 1.2
5.5 -1.4
5.5 1.2
5.6 -1.4
5.6 1.2
5.7 -1.4
5.7 1.2
5.8 -1.4
5.8 1.2
5.9 -1.4
5.9 1.2
6 -1.4
6 1.2
6.1 -1.4
6.1 1.2
6.2 -1.4
6.2 1.2
6.3 -1.4
6.3 1.2
6.4 -1.4
6.4 1.2
6.5 -1.4
6.5 1.2
6.6 -1.4
6.6 1.2
6.7 -1.4
6.7 1.2
6.8 -1.4
6.8 1.2
6.9 -1.4
6.9 1.2
7 -1.4
7 1.2
7.1 -1.4
7.1 -1.3
7.1 -1.2
7.1 -1.1
7.1 -1
7.1 -0.9
7.1 -0.8
7.1 -0.7
7.1 -0.6
7.1 -0.5
7.1 -0.4
7.1 -0.3
7.1 -0.2
7.1 -0.1
7.1 0
7.1 0.1
7.1 0.2
7.1 0.3
7.1 0.4
7.1 0.5
7.1 0.6
7.1 0.7
7.1 0.8
7.1 0.9
7.1 1
7.1 1.1
7.1 1.2
bedroom: 2.61099 -4.24704 4.7124 1 355
-2 -7.9
-2 -7.8
-2 -7.7
-2 -7.6
-2 -7.5
-2 -7.4
-2 -7.3
-2 -7.2
-2 -7.1
-2 -7
-2 -6.9
-2 -6.8
-2 -6.7
-2 -6.6
-2 -6.5
-2 -6.4
-2 -6.3
-2 -6.2
-2 -6.1
-2 -6
-2 -5.9
-2 -5.8
-2 -5.7
-2 -5.6
-2 -5.5
-2 -5.4
-2 -3.7
-2 -3.6
-2 -3.5
-2 -3.4
-2 -3.3
-1.9 -7.9
-1.9 -7.2
-1.9 -7.1
-1.9 -7
-1.9 -6.9
-1.9 -6.8
-1.9 -6.7
-1.9 -6.6
-1.9 -6.5
-1.9 -6.4
-1.9 -6.3
-1.9 -6.2
-1.9 -6.1
-1.9 -6
-1.9 -5.9
-1.9 -5.8
-1.9 -5.7
-1.9 -5.6
-1.9 -5.5
-1.9 -5.4
-1.9 -5.3
-1.9 -5.2
-1.9 -5.1
-1.9 -5
-1.9 -4.9
-1.9 -4.8
-1.9 -4.7
-1.9 -4.6
-1.9 -4.5
-1.9 -4.4
-1.9 -4.3
-1.9 -4.2
-1.9 -4.1
-1.9 -4
-1.9 -3.9
-1.9 -3.8
-1.9 -3.7
-1.9 -3.6
-1.9 -3.5
-1.9 -3.4
-1.9 -3.3
-1.9 -3.2
-1.9 -3.1
-1.9 -3
-1.9 -2.9
-1.9 -2.8
-1.9 -2.7
-1.9 -2.6
-1.9 -2.5
-1.9 -2.4
-1.9 -2.3
-1.9 -2.2
-1.9 -2.1
-1.9 -2
-1.9 -1.9
-1.9 -1.8
-1.9 -1.7
-1.9 -1.6
-1.9 -1.5
-1.8 -7.9
-1.8 -1.6
-1.8 -1.5
-1.7 -7.9
-1.7 -1.6
-1.7 -1.5
-1.6 -7.9
-1.6 -1.6
-1.6 -1.5
-1.5 -7.9
-1.5 -1.6
-1.5 -1.5
-1.4 -7.9
-1.4 -1.6
-1.4 -1.5
-1.3 -7.9
-1.3 -1.6
-1.3 -1.5
-1.2 -7.9
-1.2 -1.6
-1.2 -1.5
-1.1 -7.9
-1.1 -1.6
-1.1 -1.5
-1 -7.9
-1 -1.6
-0.9 -7.9
-0.9 -1.6
-0.8 -7.9
-0.8 -1.6
-0.7 -7.9
-0.7 -1.6
-0.6 -7.9
-0.6 -1.6
-0.5 -7.9
-0.5 -1.6
-0.4 -7.9
-0.4 -1.6
-0.3 -7.9
-0.3 -1.6
-0.2 -7.9
-0.2 -1.6
-0.1 -7.9
-0.1 -1.6
0 -7.9
0 -1.6
0.1 -7.9
0.1 -1.6
0.2 -7.9
0.2 -1.6
0.3 -7.9
0.3 -1.6
0.4 -7.9
0.4 -1.6
0.5 -7.9
0.5 -1.6
0.6 -7.9
0.6 -1.6
0.7 -7.9
0.7 -1.6
0.8 -7.9
0.8 -1.6
0.9 -7.9
0.9 -1.6
1 -7.9
1 -1.6
1.1 -1.6
1.2 -1.6
1.3 -1.6
1.4 -1.6
1.5 -1.6
1.6 -1.6
1.7 -1.6
1.8 -1.6
1.9 -1.6
2 -1.6
2.1 -1.6
2.1 -1.5
2.8 -7.9
2.9 -7.9
3 -7.9
3.1 -7.9
3.2 -7.9
3.2 -1.6
3.3 -7.9
3.3 -1.6
3.4 -7.9
3.4 -1.6
3.5 -7.9
3.5 -1.6
3.6 -7.9
3.6 -1.6
3.7 -7.9
3.7 -1.6
3.8 -7.9
3.8 -1.6
3.9 -7.9
3.9 -1.6
4 -7.9
4 -1.6
4.1 -7.9
4.1 -1.6
4.2 -7.9
4.2 -1.6
4.3 -7.9
4.3 -1.6
4.4 -7.9
4.4 -1.6
4.5 -7.9
4.5 -1.6
4.6 -7.9
4.6 -1.6
4.7 -7.9
4.7 -1.6
4.8 -7.9
4.8 -1.6
4.9 -7.9
4.9 -1.6
5 -7.9
5 -1.6
5 -1.4
5.1 -7.9
5.1 -1.6
5.1 -1.4
5.1 -1.3
5.2 -7.9
5.2 -1.6
5.2 -1.3
5.3 -7.9
5.3 -1.6
5.3 -1.3
5.4 -7.9
5.4 -1.6
5.4 -1.3
5.5 -7.9
5.5 -1.6
5.5 -1.3
5.6 -7.9
5.6 -1.6
5.6 -1.3
5.7 -7.9
5.7 -1.6
5.7 -1.3
5.8 -7.9
5.8 -1.6
5.8 -1.3
5.9 -7.9
5.9 -1.6
5.9 -1.3
6 -7.9
6 -1.6
6 -1.3
6 -1.2
6.1 -7.9
6.1 -1.6
6.1 -1.2
6.2 -7.9
6.2 -1.6
6.2 -1.2
6.3 -7.9
6.3 -1.6
6.3 -1.2
6.4 -7.9
6.4 -1.6
6.4 -1.2
6.5 -7.9
6.5 -1.6
6.5 -1.2
6.6 -7.9
6.6 -1.6
6.6 -1.3
6.6 -1.2
6.7 -7.9
6.7 -2.3
6.7 -2.2
6.7 -2.1
6.7 -2
6.7 -1.9
6.7 -1.8
6.7 -1.7
6.7 -1.6
6.7 -1.5
6.7 -1.4
6.7 -1.3
6.8 -7.9
6.8 -3.2
6.8 -3.1
6.8 -3
6.8 -2.9
6.8 -2.8
6.8 -2.7
6.8 -2.6
6.8 -2.5
6.8 -2.4
6.8 -2.3
6.8 -1.6
6.9 -7.9
6.9 -4.2
6.9 -4.1
6.9 -4
6.9 -3.9
6.9 -3.8
6.9 -3.7
6.9 -3.6
6.9 -3.5
6.9 -3.4
6.9 -3.3
6.9 -3.2
6.9 -1.6
7 -7.9
7 -7.8
7 -7.7
7 -7.6
7 -7.5
7 -7.4
7 -7.3
7 -7.2
7 -7.1
7 -7
7 -6.9
7 -6.8
7 -6.7
7 -6.6
7 -6.5
7 -6.4
7 -6.3
7 -6.2
7 -6
7 -5.9
7 -5.8
7 -5.7
7 -5.6
7 -5.5
7 -5.4
7 -4.6
7 -4.5
7 -4.4
7 -4.3
7 -4.2
7 -2.8
7 -2.7
7 -2.6
7 -2.5
7 -2.4
7 -2.3
7 -2.2
7 -2.1
7 -2
7 -1.9
7 -1.8
7 -1.7
7 -1.6
7.1 -2.8
7.1 -2.7
7.1 -2.6
7.1 -2.5
7.1 -2.4
7.1 -2.3
7.1 -2.2
7.1 -2.1
7.1 -2
7.1 -1.9
7.1 -1.8
7.1 -1.7
7.1 -1.6
room: 2.61099 -4.24704 4.7124 1 355
-2 -7.9
-2 -7.8
-2 -7.7
-2 -7.6
-2 -7.5
-2 -7.4
-2 -7.3
-2 -7.2
-2 -7.1
-2 -7
-2 -6.9
-2 -6.8
-2 -6.7
-2 -6.6
-2 -6.5
-2 -6.4
-2 -6.3
-2 -6.2
-2 -6.1
-2 -6
-2 -5.9
-2 -5.8
-2 -5.7
-2 -5.6
-2 -5.5
-2 -5.4
-2 -3.7
-2 -3.6
-2 -3.5
-2 -3.4
-2 -3.3
-1.9 -7.9
-1.9 -7.2
-1.9 -7.1
-1.9 -7
-1.9 -6.9
-1.9 -6.8
-1.9 -6.7
-1.9 -6.6
-1.9 -6.5
-1.9 -6.4
-1.9 -6.3
-1.9 -6.2
-1.9 -6.1
-1.9 -6
-1.9 -5.9
-1.9 -5.8
-1.9 -5.7
-1.9 -5.6
-1.9 -5.5
-1.9 -5.4
-1.9 -5.3
-1.9 -5.2
-1.9 -5.1
-1.9 -5
-1.9 -4.9
-1.9 -4.8
-1.9 -4.7
-1.9 -4.6
-1.9 -4.5
-1.9 -4.4
-1.9 -4.3
-1.9 -4.2
-1.9 -4.1
-1.9 -4
-1.9 -3.9
-1.9 -3.8
-1.9 -3.7
-1.9 -3.6
-1.9 -3.5
-1.9 -3.4
-1.9 -3.3
-1.9 -3.2
-1.9 -3.1
-1.9 -3
-1.9 -2.9
-1.9 -2.8
-1.9 -2.7
-1.9 -2.6
-1.9 -2.5
-1.9 -2.4
-1.9 -2.3
-1.9 -2.2
-1.9 -2.1
-1.9 -2
-1.9 -1.9
-1.9 -1.8
-1.9 -1.7
-1.9 -1.6
-1.9 -1.5
-1.8 -7.9
-1.8 -1.6
-1.8 -1.5
-1.7 -7.9
-1.7 -1.6
-1.7 -1.5
-1.6 -7.9
-1.6 -1.6
-1.6 -1.5
-1.5 -7.9
-1.5 -1.6
-1.5 -1.5
-1.4 -7.9
-1.4 -1.6
-1.4 -1.5
-1.3 -7.9
-1.3 -1.6
-1.3 -1.5
-1.2 -7.9
-1.2 -1.6
-1.2 -1.5
-1.1 -7.9
-1.1 -1.6
-1.1 -1.5
-1 -7.9
-1 -1.6
-0.9 -7.9
-0.9 -1.6
-0.8 -7.9
-0.8 -1.6
-0.7 -7.9
-0.7 -1.6
-0.6 -7.9
-0.6 -1.6
-0.5 -7.9
-0.5 -1.6
-0.4 -7.9
-0.4 -1.6
-0.3 -7.9
-0.3 -1.6
-0.2 -7.9
-0.2 -1.6
-0.1 -7.9
-0.1 -1.6
0 -7.9
0 -1.6
0.1 -7.9
0.1 -1.6
0.2 -7.9
0.2 -1.6
0.3 -7.9
0.3 -1.6
0.4 -7.9
0.4 -1.6
0.5 -7.9
0.5 -1.6
0.6 -7.9
0.6 -1.6
0.7 -7.9
0.7 -1.6
0.8 -7.9
0.8 -1.6
0.9 -7.9
0.9 -1.6
1 -7.9
1 -1.6
1.1 -1.6
1.2 -1.6
1.3 -1.6
1.4 -1.6
1.5 -1.6
1.6 -1.6
1.7 -1.6
1.8 -1.6
1.9 -1.6
2 -1.6
2.1 -1.6
2.1 -1.5
2.8 -7.9
2.9 -7.9
3 -7.9
3.1 -7.9
3.2 -7.9
3.2 -1.6
3.3 -7.9
3.3 -1.6
3.4 -7.9
3.4 -1.6
3.5 -7.9
3.5 -1.6
3.6 -7.9
3.6 -1.6
3.7 -7.9
3.7 -1.6
3.8 -7.9
3.8 -1.6
3.9 -7.9
3.9 -1.6
4 -7.9
4 -1.6
4.1 -7.9
4.1 -1.6
4.2 -7.9
4.2 -1.6
4.3 -7.9
4.3 -1.6
4.4 -7.9
4.4 -1.6
4.5 -7.9
4.5 -1.6
4.6 -7.9
4.6 -1.6
4.7 -7.9
4.7 -1.6
4.8 -7.9
4.8 -1.6
4.9 -7.9
4.9 -1.6
5 -7.9
5 -1.6
5 -1.4
5.1 -7.9
5.1 -1.6
5.1 -1.4
5.1 -1.3
5.2 -7.9
5.2 -1.6
5.2 -1.3
5.3 -7.9
5.3 -1.6
5.3 -1.3
5.4 -7.9
5.4 -1.6
5.4 -1.3
5.5 -7.9
5.5 -1.6
5.5 -1.3
5.6 -7.9
5.6 -1.6
5.6 -1.3
5.7 -7.9
5.7 -1.6
5.7 -1.3
5.8 -7.9
5.8 -1.6
5.8 -1.3
5.9 -7.9
5.9 -1.6
5.9 -1.3
6 -7.9
6 -1.6
6 -1.3
6 -1.2
6.1 -7.9
6.1 -1.6
6.1 -1.2
6.2 -7.9
6.2 -1.6
6.2 -1.2
6.3 -7.9
6.3 -1.6
6.3 -1.2
6.4 -7.9
6.4 -1.6
6.4 -1.2
6.5 -7.9
6.5 -1.6
6.5 -1.2
6.6 -7.9
6.6 -1.6
6.6 -1.3
6.6 -1.2
6.7 -7.9
6.7 -2.3
6.7 -2.2
6.7 -2.1
6.7 -2
6.7 -1.9
6.7 -1.8
6.7 -1.7
6.7 -1.6
6.7 -1.5
6.7 -1.4
6.7 -1.3
6.8 -7.9
6.8 -3.2
6.8 -3.1
6.8 -3
6.8 -2.9
6.8 -2.8
6.8 -2.7
6.8 -2.6
6.8 -2.5
6.8 -2.4
6.8 -2.3
6.8 -1.6
6.9 -7.9
6.9 -4.2
6.9 -4.1
6.9 -4
6.9 -3.9
6.9 -3.8
6.9 -3.7
6.9 -3.6
6.9 -3.5
6.9 -3.4
6.9 -3.3
6.9 -3.2
6.9 -1.6
7 -7.9
7 -7.8
7 -7.7
7 -7.6
7 -7.5
7 -7.4
7 -7.3
7 -7.2
7 -7.1
7 -7
7 -6.9
7 -6.8
7 -6.7
7 -6.6
7 -6.5
7 -6.4
7 -6.3
7 -6.2
7 -6
7 -5.9
7 -5.8
7 -5.7
7 -5.6
7 -5.5
7 -5.4
7 -4.6
7 -4.5
7 -4.4
7 -4.3
7 -4.2
7 -2.8
7 -2.7
7 -2.6
7 -2.5
7 -2.4
7 -2.3
7 -2.2
7 -2.1
7 -2
7 -1.9
7 -1.8
7 -1.7
7 -1.6
7.1 -2.8
7.1 -2.7
7.1 -2.6
7.1 -2.5
7.1 -2.4
7.1 -2.3
7.1 -2.2
7.1 -2.1
7.1 -2
7.1 -1.9
7.1 -1.8
7.1 -1.7
7.1 -1.6
table: 6.15356 -2.18326 -1 1 221
6.12347 -2.19962
6.07401 -2.1923
6.43664 -1.79106
6.48611 -1.79838
6.02455 -2.18498
6.3304 -1.82589
6.37986 -1.8332
6.42933 -1.84052
6.47879 -1.84784
6.23148 -1.81125
6.28094 -1.81857
6.18202 -1.80393
6.52825 -1.85516
6.1747 -1.85339
6.22416 -1.86071
6.27362 -1.86803
6.32308 -1.87535
6.37255 -1.88267
6.42201 -1.88998
6.47147 -1.8973
6.52093 -1.90462
5.92739 -1.8168
5.97685 -1.82412
6.02632 -1.83143
5.82847 -1.80216
5.87793 -1.80948
5.77901 -1.79484
5.77169 -1.8443
5.82115 -1.85162
5.87061 -1.85894
5.92007 -1.86626
5.96953 -1.87358
6.019 -1.8809
6.16738 -1.90285
6.21684 -1.91017
6.2663 -1.91749
6.31577 -1.92481
6.36523 -1.93213
6.41469 -1.93945
6.46415 -1.94676
6.51361 -1.95408
5.81383 -1.90108
5.86329 -1.9084
5.91276 -1.91572
5.96222 -1.92304
6.01168 -1.93036
6.16006 -1.95231
6.20952 -1.95963
6.25899 -1.96695
6.30845 -1.97427
6.35791 -1.98159
6.40737 -1.98891
6.45683 -1.99623
6.50629 -2.00354
5.80651 -1.95054
5.85597 -1.95786
5.90544 -1.96518
5.9549 -1.9725
6.00436 -1.97982
6.15274 -2.00178
6.20221 -2.00909
6.25167 -2.01641
6.30113 -2.02373
6.35059 -2.03105
6.40005 -2.03837
6.44951 -2.04569
6.49897 -2.05301
5.79919 -2.00001
5.84866 -2.00732
5.89812 -2.01464
5.94758 -2.02196
5.99704 -2.02928
6.14542 -2.05124
6.19489 -2.05856
6.24435 -2.06587
6.29381 -2.07319
6.34327 -2.08051
6.39273 -2.08783
6.44219 -2.09515
6.49166 -2.10247
5.79188 -2.04947
5.84134 -2.05679
5.8908 -2.0641
5.94026 -2.07142
5.98972 -2.07874
6.13811 -2.1007
6.18757 -2.10802
6.23703 -2.11534
6.28649 -2.12265
6.33595 -2.12997
6.38541 -2.13729
6.43488 -2.14461
6.48434 -2.15193
5.78456 -2.09893
5.83402 -2.10625
5.88348 -2.11357
5.93294 -2.12088
5.9824 -2.1282
6.13079 -2.15016
6.18025 -2.15748
6.22971 -2.1648
6.27917 -2.17212
6.32863 -2.17943
6.3781 -2.18675
6.42756 -2.19407
6.47702 -2.20139
6.52648 -2.20871
6.01723 -2.23445
6.08133 -2.14284
6.03186 -2.13552
5.77724 -2.14839
5.8267 -2.15571
5.87616 -2.16303
5.92562 -2.17035
5.97508 -2.17766
6.17293 -2.20694
6.22239 -2.21426
6.27185 -2.22158
6.32131 -2.2289
6.37078 -2.23621
6.42024 -2.24353
6.4697 -2.25085
6.51916 -2.25817
6.06669 -2.24176
5.76992 -2.19785
5.81938 -2.20517
5.86884 -2.21249
5.9183 -2.21981
5.96777 -2.22713
6.11615 -2.24908
6.16561 -2.2564
6.21507 -2.26372
6.26453 -2.27104
6.314 -2.27836
6.36346 -2.28568
6.41292 -2.29299
6.46238 -2.30031
6.51184 -2.30763
5.81206 -2.25463
5.86152 -2.26195
5.91099 -2.26927
5.96045 -2.27659
6.00991 -2.28391
6.05937 -2.29123
6.10883 -2.29854
6.15829 -2.30586
6.20775 -2.31318
6.25722 -2.3205
6.30668 -2.32782
6.35614 -2.33514
6.4056 -2.34246
6.45506 -2.34977
6.50452 -2.35709
5.80474 -2.30409
5.85421 -2.31141
5.90367 -2.31873
5.95313 -2.32605
6.00259 -2.33337
6.05205 -2.34069
6.10151 -2.34801
6.15097 -2.35532
6.20044 -2.36264
6.2499 -2.36996
6.29936 -2.37728
6.34882 -2.3846
6.39828 -2.39192
6.44774 -2.39924
6.4972 -2.40655
5.79743 -2.35355
5.84689 -2.36087
5.89635 -2.36819
5.94581 -2.37551
5.99527 -2.38283
6.04473 -2.39015
6.09419 -2.39747
6.14366 -2.40479
6.19312 -2.4121
6.24258 -2.41942
6.29204 -2.42674
6.3415 -2.43406
6.39096 -2.44138
6.44042 -2.4487
6.48989 -2.45602
5.79011 -2.40302
5.83957 -2.41034
5.88903 -2.41765
5.93849 -2.42497
5.98795 -2.43229
6.03741 -2.43961
6.08688 -2.44693
6.13634 -2.45425
6.1858 -2.46157
6.23526 -2.46888
6.28472 -2.4762
6.33418 -2.48352
6.38364 -2.49084
6.43311 -2.49816
6.48257 -2.50548
5.78279 -2.45248
5.83225 -2.4598
5.88171 -2.46712
5.93117 -2.47443
5.98063 -2.48175
6.0301 -2.48907
6.07956 -2.49639
6.12902 -2.50371
6.17848 -2.51103
6.22794 -2.51835
6.2774 -2.52566
6.32686 -2.53298
6.37633 -2.5403
6.42579 -2.54762
5.77547 -2.50194
5.82493 -2.50926
5.87439 -2.51658
5.92385 -2.5239
5.97332 -2.53121
6.02278 -2.53853
6.07224 -2.54585
6.1217 -2.55317
6.53203 -2.5128
