OR: 4.15174 5.99374 1.31064 3.22945e-38 16
4.00174 5.84374
4.00174 5.94374
4.00174 6.04374
4.00174 6.14374
4.10174 5.84374
4.10174 5.94374
4.10174 6.04374
4.10174 6.14374
4.20174 5.84374
4.20174 5.94374
4.20174 6.04374
4.20174 6.14374
4.30174 5.84374
4.30174 5.94374
4.30174 6.04374
4.30174 6.14374
CR: 4.15485 6.05399 1.34353 0.5 16
4.00485 5.90399
4.00485 6.00399
4.00485 6.10399
4.00485 6.20399
4.10485 5.90399
4.10485 6.00399
4.10485 6.10399
4.10485 6.20399
4.20485 5.90399
4.20485 6.00399
4.20485 6.10399
4.20485 6.20399
4.30485 5.90399
4.30485 6.00399
4.30485 6.10399
4.30485 6.20399
livingroom: 4.03017 4.89579 1.5708 2 285
1.6 1.4
1.6 1.5
1.6 1.6
1.6 1.7
1.6 1.8
1.6 1.9
1.6 2
1.6 2.1
1.6 2.2
1.6 2.3
1.6 2.4
1.6 2.5
1.6 2.6
1.6 2.7
1.6 2.8
1.6 2.9
1.6 3
1.6 3.1
1.6 3.2
1.6 3.3
1.6 3.4
1.6 3.5
1.6 3.6
1.6 3.7
1.6 3.8
1.6 3.9
1.6 4
1.6 6.8
1.6 6.9
1.6 7
1.6 7.1
1.6 7.2
1.6 7.3
1.6 7.4
1.6 7.5
1.6 7.6
1.7 1.4
1.7 1.5
1.7 1.6
1.7 1.7
1.7 1.8
1.7 1.9
1.7 2
1.7 2.1
1.7 2.2
1.7 2.3
1.7 2.4
1.7 2.5
1.7 2.6
1.7 2.7
1.7 2.8
1.7 2.9
1.7 3
1.7 3.1
1.7 3.2
1.7 3.3
1.7 3.4
1.7 3.5
1.7 3.6
1.7 3.7
1.7 3.8
1.7 3.9
1.7 4
1.7 4.1
1.7 4.2
1.7 4.3
1.7 4.4
1.7 4.5
1.7 4.6
1.7 4.7
1.7 4.8
1.7 4.9
1.7 5
1.7 5.1
1.7 5.2
1.7 5.3
1.7 5.4
1.7 5.5
1.7 5.6
1.7 5.7
1.7 5.8
1.7 5.9
1.7 6
1.7 6.1
1.7 6.2
1.7 6.3
1.7 6.4
1.7 6.5
1.7 6.6
1.7 6.7
1.7 6.8
1.7 6.9
1.7 7
1.7 7.1
1.7 7.2
1.7 7.3
1.7 7.4
1.7 7.5
1.7 7.6
1.7 7.7
1.8 1.4
1.8 7.6
1.8 7.7
1.9 1.4
1.9 7.6
1.9 7.7
2 1.4
2 7.6
2 7.7
2.1 7.6
2.1 7.7
2.2 7.6
2.2 7.7
2.3 7.6
2.3 7.7
2.4 7.6
2.4 7.7
2.5 7.6
2.5 7.7
2.6 7.6
2.6 7.7
2.7 7.6
2.7 7.7
2.8 7.6
2.8 7.7
2.9 7.6
2.9 7.7
3 7.6
3 7.7
3.1 7.6
3.1 7.7
3.2 7.6
3.2 7.7
3.3 1.4
3.3 7.6
3.3 7.7
3.4 1.4
3.4 7.6
3.5 1.4
3.5 7.6
3.6 1.4
3.6 7.6
3.7 1.4
3.7 7.6
3.8 1.4
3.8 7.6
3.9 1.4
3.9 7.6
4 1.4
4 7.6
4.1 1.4
4.1 7.6
4.2 1.4
4.2 7.6
4.3 1.4
4.3 7.6
4.4 1.4
4.4 7.6
4.5 1.4
4.5 7.6
4.6 1.4
4.6 7.6
4.7 1.4
4.7 7.6
4.8 1.4
4.8 7.6
4.9 1.4
4.9 7.6
5 1.4
5 7.6
5 7.7
5.1 1.4
5.1 7.6
5.1 7.7
5.2 1.4
5.2 7.6
5.2 7.7
5.3 1.4
5.3 7.6
5.3 7.7
5.4 1.4
5.4 7.6
5.4 7.7
5.5 1.4
5.5 7.6
5.5 7.7
5.6 1.4
5.6 7.6
5.6 7.7
5.7 1.4
5.7 7.6
5.7 7.7
5.8 1.4
5.8 7.6
5.8 7.7
5.9 1.4
5.9 7.6
5.9 7.7
6 1.4
6 7.6
6 7.7
6.1 1.4
6.1 7.6
6.1 7.7
6.2 1.4
6.2 7.6
6.2 7.7
6.3 1.4
6.3 7.7
6.4 1.4
6.4 7.7
6.5 1.4
6.5 7.7
6.6 1.4
6.6 7.7
6.7 1.4
6.7 7.7
6.8 1.4
6.8 7.7
6.9 1.4
6.9 7.7
7 1.4
7 1.5
7 1.6
7 1.7
7 1.8
7 1.9
7 2
7 2.1
7 2.2
7 2.3
7 2.4
7 2.5
7 2.6
7 2.7
7 2.8
7 2.9
7 3
7 3.1
7 3.2
7 3.3
7 3.4
7 3.5
7 3.6
7 3.7
7 3.8
7 3.9
7 4
7 4.1
7 4.2
7 4.3
7 4.4
7 4.5
7 4.6
7 4.7
7 4.8
7 4.9
7 5
7 5.1
7 5.2
7 5.3
7 5.4
7 5.5
7 5.6
7 5.7
7 5.8
7 5.9
7 6
7 6.1
7 6.2
7 6.3
7 6.4
7 6.5
7 6.6
7 6.7
7 6.8
7 6.9
7 7
7 7.1
7 7.2
7 7.3
7 7.4
7 7.5
7 7.6
7 7.7
bedroom: 2.61099 -4.24704 4.7124 2 355
-2 -7.9
-2 -7.8
-2 -7.7
-2 -7.6
-2 -7.5
-2 -7.4
-2 -7.3
-2 -7.2
-2 -7.1
-2 -7
-2 -6.9
-2 -6.8
-2 -6.7
-2 -6.6
-2 -6.5
-2 -6.4
-2 -6.3
-2 -6.2
-2 -6.1
-2 -6
-2 -5.9
-2 -5.8
-2 -5.7
-2 -5.6
-2 -5.5
-2 -5.4
-2 -3.7
-2 -3.6
-2 -3.5
-2 -3.4
-2 -3.3
-1.9 -7.9
-1.9 -7.2
-1.9 -7.1
-1.9 -7
-1.9 -6.9
-1.9 -6.8
-1.9 -6.7
-1.9 -6.6
-1.9 -6.5
-1.9 -6.4
-1.9 -6.3
-1.9 -6.2
-1.9 -6.1
-1.9 -6
-1.9 -5.9
-1.9 -5.8
-1.9 -5.7
-1.9 -5.6
-1.9 -5.5
-1.9 -5.4
-1.9 -5.3
-1.9 -5.2
-1.9 -5.1
-1.9 -5
-1.9 -4.9
-1.9 -4.8
-1.9 -4.7
-1.9 -4.6
-1.9 -4.5
-1.9 -4.4
-1.9 -4.3
-1.9 -4.2
-1.9 -4.1
-1.9 -4
-1.9 -3.9
-1.9 -3.8
-1.9 -3.7
-1.9 -3.6
-1.9 -3.5
-1.9 -3.4
-1.9 -3.3
-1.9 -3.2
-1.9 -3.1
-1.9 -3
-1.9 -2.9
-1.9 -2.8
-1.9 -2.7
-1.9 -2.6
-1.9 -2.5
-1.9 -2.4
-1.9 -2.3
-1.9 -2.2
-1.9 -2.1
-1.9 -2
-1.9 -1.9
-1.9 -1.8
-1.9 -1.7
-1.9 -1.6
-1.9 -1.5
-1.8 -7.9
-1.8 -1.6
-1.8 -1.5
-1.7 -7.9
-1.7 -1.6
-1.7 -1.5
-1.6 -7.9
-1.6 -1.6
-1.6 -1.5
-1.5 -7.9
-1.5 -1.6
-1.5 -1.5
-1.4 -7.9
-1.4 -1.6
-1.4 -1.5
-1.3 -7.9
-1.3 -1.6
-1.3 -1.5
-1.2 -7.9
-1.2 -1.6
-1.2 -1.5
-1.1 -7.9
-1.1 -1.6
-1.1 -1.5
-1 -7.9
-1 -1.6
-0.9 -7.9
-0.9 -1.6
-0.8 -7.9
-0.8 -1.6
-0.7 -7.9
-0.7 -1.6
-0.6 -7.9
-0.6 -1.6
-0.5 -7.9
-0.5 -1.6
-0.4 -7.9
-0.4 -1.6
-0.3 -7.9
-0.3 -1.6
-0.2 -7.9
-0.2 -1.6
-0.1 -7.9
-0.1 -1.6
0 -7.9
0 -1.6
0.1 -7.9
0.1 -1.6
0.2 -7.9
0.2 -1.6
0.3 -7.9
0.3 -1.6
0.4 -7.9
0.4 -1.6
0.5 -7.9
0.5 -1.6
0.6 -7.9
0.6 -1.6
0.7 -7.9
0.7 -1.6
0.8 -7.9
0.8 -1.6
0.9 -7.9
0.9 -1.6
1 -7.9
1 -1.6
1.1 -1.6
1.2 -1.6
1.3 -1.6
1.4 -1.6
1.5 -1.6
1.6 -1.6
1.7 -1.6
1.8 -1.6
1.9 -1.6
2 -1.6
2.1 -1.6
2.1 -1.5
2.8 -7.9
2.9 -7.9
3 -7.9
3.1 -7.9
3.2 -7.9
3.2 -1.6
3.3 -7.9
3.3 -1.6
3.4 -7.9
3.4 -1.6
3.5 -7.9
3.5 -1.6
3.6 -7.9
3.6 -1.6
3.7 -7.9
3.7 -1.6
3.8 -7.9
3.8 -1.6
3.9 -7.9
3.9 -1.6
4 -7.9
4 -1.6
4.1 -7.9
4.1 -1.6
4.2 -7.9
4.2 -1.6
4.3 -7.9
4.3 -1.6
4.4 -7.9
4.4 -1.6
4.5 -7.9
4.5 -1.6
4.6 -7.9
4.6 -1.6
4.7 -7.9
4.7 -1.6
4.8 -7.9
4.8 -1.6
4.9 -7.9
4.9 -1.6
5 -7.9
5 -1.6
5 -1.4
5.1 -7.9
5.1 -1.6
5.1 -1.4
5.1 -1.3
5.2 -7.9
5.2 -1.6
5.2 -1.3
5.3 -7.9
5.3 -1.6
5.3 -1.3
5.4 -7.9
5.4 -1.6
5.4 -1.3
5.5 -7.9
5.5 -1.6
5.5 -1.3
5.6 -7.9
5.6 -1.6
5.6 -1.3
5.7 -7.9
5.7 -1.6
5.7 -1.3
5.8 -7.9
5.8 -1.6
5.8 -1.3
5.9 -7.9
5.9 -1.6
5.9 -1.3
6 -7.9
6 -1.6
6 -1.3
6 -1.2
6.1 -7.9
6.1 -1.6
6.1 -1.2
6.2 -7.9
6.2 -1.6
6.2 -1.2
6.3 -7.9
6.3 -1.6
6.3 -1.2
6.4 -7.9
6.4 -1.6
6.4 -1.2
6.5 -7.9
6.5 -1.6
6.5 -1.2
6.6 -7.9
6.6 -1.6
6.6 -1.3
6.6 -1.2
6.7 -7.9
6.7 -2.3
6.7 -2.2
6.7 -2.1
6.7 -2
6.7 -1.9
6.7 -1.8
6.7 -1.7
6.7 -1.6
6.7 -1.5
6.7 -1.4
6.7 -1.3
6.8 -7.9
6.8 -3.2
6.8 -3.1
6.8 -3
6.8 -2.9
6.8 -2.8
6.8 -2.7
6.8 -2.6
6.8 -2.5
6.8 -2.4
6.8 -2.3
6.8 -1.6
6.9 -7.9
6.9 -4.2
6.9 -4.1
6.9 -4
6.9 -3.9
6.9 -3.8
6.9 -3.7
6.9 -3.6
6.9 -3.5
6.9 -3.4
6.9 -3.3
6.9 -3.2
6.9 -1.6
7 -7.9
7 -7.8
7 -7.7
7 -7.6
7 -7.5
7 -7.4
7 -7.3
7 -7.2
7 -7.1
7 -7
7 -6.9
7 -6.8
7 -6.7
7 -6.6
7 -6.5
7 -6.4
7 -6.3
7 -6.2
7 -6
7 -5.9
7 -5.8
7 -5.7
7 -5.6
7 -5.5
7 -5.4
7 -4.6
7 -4.5
7 -4.4
7 -4.3
7 -4.2
7 -2.8
7 -2.7
7 -2.6
7 -2.5
7 -2.4
7 -2.3
7 -2.2
7 -2.1
7 -2
7 -1.9
7 -1.8
7 -1.7
7 -1.6
7.1 -2.8
7.1 -2.7
7.1 -2.6
7.1 -2.5
7.1 -2.4
7.1 -2.3
7.1 -2.2
7.1 -2.1
7.1 -2
7.1 -1.9
7.1 -1.8
7.1 -1.7
7.1 -1.6
hallway: 1.39023 -0.0949217 0 2 256
-5.2 -1.5
-5.2 -1.4
-5.2 1.2
-5.2 1.3
-5.1 -1.4
-5.1 1.2
-5 -1.4
-5 1.2
-4.9 -1.4
-4.9 1.2
-4.8 -1.4
-4.8 1.2
-4.7 -1.4
-4.7 1.2
-4.6 -1.4
-4.6 1.2
-4.5 -1.4
-4.5 1.2
-4.4 -1.4
-4.4 1.2
-4.3 -1.4
-4.3 1.2
-4.2 -1.4
-4.2 1.2
-4.1 -1.4
-4.1 1.2
-4 -1.4
-4 1.2
-3.9 -1.4
-3.9 1.2
-3.8 -1.4
-3.8 1.2
-3.7 -1.4
-3.7 1.2
-3.6 -1.4
-3.6 1.2
-3.5 -1.4
-3.5 1.2
-3.4 -1.4
-3.4 1.2
-3.3 -1.4
-3.3 1.2
-3.2 -1.4
-3.2 1.2
-3.1 -1.4
-3.1 1.2
-3 -1.4
-3 1.2
-2.9 -1.4
-2.9 1.2
-2.8 -1.4
-2.8 1.2
-2.7 -1.4
-2.7 1.2
-2.6 -1.4
-2.6 1.2
-2.5 -1.4
-2.5 1.2
-2.4 -1.4
-2.4 1.2
-2.3 -1.4
-2.3 1.2
-2.2 -1.4
-2.2 1.2
-2.1 -1.4
-2.1 1.2
-2 -1.4
-2 1.2
-1.9 -1.4
-1.9 1.2
-1.8 -1.4
-1.8 1.2
-1.7 -1.4
-1.7 1.2
-1.6 -1.4
-1.6 1.2
-1.5 -1.4
-1.5 1.2
-1.4 -1.4
-1.4 1.2
-1.3 -1.4
-1.3 1.2
-1.2 -1.4
-1.2 1.2
-1.1 -1.4
-1.1 1.2
-1 -1.4
-1 1.2
-0.9 -1.4
-0.9 1.2
-0.8 -1.4
-0.8 1.2
-0.7 -1.4
-0.7 1.2
-0.6 -1.4
-0.6 1.2
-0.5 -1.4
-0.5 1.2
-0.4 -1.4
-0.4 1.2
-0.3 -1.4
-0.3 1.2
-0.2 -1.4
-0.2 1.2
-0.1 -1.4
-0.1 1.2
0 -1.4
0 1.2
0.1 -1.4
0.1 1.2
0.2 -1.4
0.2 1.2
0.3 -1.4
0.3 1.2
0.4 -1.4
0.4 1.2
0.5 -1.4
0.5 1.2
0.6 -1.4
0.6 1.2
0.7 -1.4
0.7 1.2
0.8 -1.4
0.8 1.2
0.9 -1.4
0.9 1.2
1 -1.4
1 1.2
1.1 -1.4
1.1 1.2
1.2 -1.4
1.2 1.2
1.3 -1.4
1.3 1.2
1.4 -1.4
1.4 1.2
1.5 -1.4
1.5 1.2
1.6 -1.4
1.6 1.2
1.7 -1.4
1.7 1.2
1.8 -1.4
1.8 1.2
1.9 -1.4
1.9 1.2
2 1.2
3.1 -1.5
3.1 -1.4
3.1 1.2
3.1 1.3
3.2 -1.4
3.2 1.2
3.3 -1.4
3.3 1.2
3.4 -1.4
3.4 1.2
3.5 -1.4
3.5 1.2
3.6 -1.4
3.6 1.2
3.7 -1.4
3.7 1.2
3.8 -1.4
3.8 1.2
3.9 -1.4
3.9 1.2
4 -1.4
4 1.2
4.1 -1.4
4.1 1.2
4.2 -1.4
4.2 1.2
4.3 -1.4
4.3 1.2
4.4 -1.4
4.4 1.2
4.5 -1.4
4.5 1.2
4.6 -1.4
4.6 1.2
4.7 -1.4
4.7 1.2
4.8 -1.4
4.8 1.2
4.9 -1.4
4.9 1.2
5 -1.4
5 1.2
5.1 -1.4
5.1 1.2
5.2 -1.4
5.2 1.2
5.3 -1.4
5.3 1.2
5.4 -1.4
5.4 1.2
5.5 -1.4
5.5 1.2
5.6 -1.4
5.6 1.2
5.7 -1.4
5.7 1.2
5.8 -1.4
5.8 1.2
5.9 -1.4
5.9 1.2
6 -1.4
6 1.2
6.1 -1.4
6.1 1.2
6.2 -1.4
6.2 1.2
6.3 -1.4
6.3 1.2
6.4 -1.4
6.4 1.2
6.5 -1.4
6.5 1.2
6.6 -1.4
6.6 1.2
6.7 -1.4
6.7 1.2
6.8 -1.4
6.8 1.2
6.9 -1.4
6.9 1.2
7 -1.4
7 1.2
7.1 -1.4
7.1 -1.3
7.1 -1.2
7.1 -1.1
7.1 -1
7.1 -0.9
7.1 -0.8
7.1 -0.7
7.1 -0.6
7.1 -0.5
7.1 -0.4
7.1 -0.3
7.1 -0.2
7.1 -0.1
7.1 0
7.1 0.1
7.1 0.2
7.1 0.3
7.1 0.4
7.1 0.5
7.1 0.6
7.1 0.7
7.1 0.8
7.1 0.9
7.1 1
7.1 1.1
7.1 1.2
bed: 5 -3 4.7124 2 273
4.4 -4
4.4 -3.9
4.4 -3.8
4.4 -3.7
4.4 -3.6
4.4 -3.5
4.4 -3.4
4.4 -3.3
4.4 -3.2
4.4 -3.1
4.4 -3
4.4 -2.9
4.4 -2.8
4.4 -2.7
4.4 -2.6
4.4 -2.5
4.4 -2.4
4.4 -2.3
4.4 -2.2
4.4 -2.1
4.4 -2
4.5 -4
4.5 -3.9
4.5 -3.8
4.5 -3.7
4.5 -3.6
4.5 -3.5
4.5 -3.4
4.5 -3.3
4.5 -3.2
4.5 -3.1
4.5 -3
4.5 -2.9
4.5 -2.8
4.5 -2.7
4.5 -2.6
4.5 -2.5
4.5 -2.4
4.5 -2.3
4.5 -2.2
4.5 -2.1
4.5 -2
4.6 -4
4.6 -3.9
4.6 -3.8
4.6 -3.7
4.6 -3.6
4.6 -3.5
4.6 -3.4
4.6 -3.3
4.6 -3.2
4.6 -3.1
4.6 -3
4.6 -2.9
4.6 -2.8
4.6 -2.7
4.6 -2.6
4.6 -2.5
4.6 -2.4
4.6 -2.3
4.6 -2.2
4.6 -2.1
4.6 -2
4.7 -4
4.7 -3.9
4.7 -3.8
4.7 -3.7
4.7 -3.6
4.7 -3.5
4.7 -3.4
4.7 -3.3
4.7 -3.2
4.7 -3.1
4.7 -3
4.7 -2.9
4.7 -2.8
4.7 -2.7
4.7 -2.6
4.7 -2.5
4.7 -2.4
4.7 -2.3
4.7 -2.2
4.7 -2.1
4.7 -2
4.8 -4
4.8 -3.9
4.8 -3.8
4.8 -3.7
4.8 -3.6
4.8 -3.5
4.8 -3.4
4.8 -3.3
4.8 -3.2
4.8 -3.1
4.8 -3
4.8 -2.9
4.8 -2.8
4.8 -2.7
4.8 -2.6
4.8 -2.5
4.8 -2.4
4.8 -2.3
4.8 -2.2
4.8 -2.1
4.8 -2
4.9 -4
4.9 -3.9
4.9 -3.8
4.9 -3.7
4.9 -3.6
4.9 -3.5
4.9 -3.4
4.9 -3.3
4.9 -3.2
4.9 -3.1
4.9 -3
4.9 -2.9
4.9 -2.8
4.9 -2.7
4.9 -2.6
4.9 -2.5
4.9 -2.4
4.9 -2.3
4.9 -2.2
4.9 -2.1
4.9 -2
5 -4
5 -3.9
5 -3.8
5 -3.7
5 -3.6
5 -3.5
5 -3.4
5 -3.3
5 -3.2
5 -3.1
5 -3
5 -2.9
5 -2.8
5 -2.7
5 -2.6
5 -2.5
5 -2.4
5 -2.3
5 -2.2
5 -2.1
5 -2
5.1 -4
5.1 -3.9
5.1 -3.8
5.1 -3.7
5.1 -3.6
5.1 -3.5
5.1 -3.4
5.1 -3.3
5.1 -3.2
5.1 -3.1
5.1 -3
5.1 -2.9
5.1 -2.8
5.1 -2.7
5.1 -2.6
5.1 -2.5
5.1 -2.4
5.1 -2.3
5.1 -2.2
5.1 -2.1
5.1 -2
5.2 -4
5.2 -3.9
5.2 -3.8
5.2 -3.7
5.2 -3.6
5.2 -3.5
5.2 -3.4
5.2 -3.3
5.2 -3.2
5.2 -3.1
5.2 -3
5.2 -2.9
5.2 -2.8
5.2 -2.7
5.2 -2.6
5.2 -2.5
5.2 -2.4
5.2 -2.3
5.2 -2.2
5.2 -2.1
5.2 -2
5.3 -4
5.3 -3.9
5.3 -3.8
5.3 -3.7
5.3 -3.6
5.3 -3.5
5.3 -3.4
5.3 -3.3
5.3 -3.2
5.3 -3.1
5.3 -3
5.3 -2.9
5.3 -2.8
5.3 -2.7
5.3 -2.6
5.3 -2.5
5.3 -2.4
5.3 -2.3
5.3 -2.2
5.3 -2.1
5.3 -2
5.4 -4
5.4 -3.9
5.4 -3.8
5.4 -3.7
5.4 -3.6
5.4 -3.5
5.4 -3.4
5.4 -3.3
5.4 -3.2
5.4 -3.1
5.4 -3
5.4 -2.9
5.4 -2.8
5.4 -2.7
5.4 -2.6
5.4 -2.5
5.4 -2.4
5.4 -2.3
5.4 -2.2
5.4 -2.1
5.4 -2
5.5 -4
5.5 -3.9
5.5 -3.8
5.5 -3.7
5.5 -3.6
5.5 -3.5
5.5 -3.4
5.5 -3.3
5.5 -3.2
5.5 -3.1
5.5 -3
5.5 -2.9
5.5 -2.8
5.5 -2.7
5.5 -2.6
5.5 -2.5
5.5 -2.4
5.5 -2.3
5.5 -2.2
5.5 -2.1
5.5 -2
5.6 -4
5.6 -3.9
5.6 -3.8
5.6 -3.7
5.6 -3.6
5.6 -3.5
5.6 -3.4
5.6 -3.3
5.6 -3.2
5.6 -3.1
5.6 -3
5.6 -2.9
5.6 -2.8
5.6 -2.7
5.6 -2.6
5.6 -2.5
5.6 -2.4
5.6 -2.3
5.6 -2.2
5.6 -2.1
5.6 -2
room: 4.03017 4.89579 1.5708 2 285
1.6 1.4
1.6 1.5
1.6 1.6
1.6 1.7
1.6 1.8
1.6 1.9
1.6 2
1.6 2.1
1.6 2.2
1.6 2.3
1.6 2.4
1.6 2.5
1.6 2.6
1.6 2.7
1.6 2.8
1.6 2.9
1.6 3
1.6 3.1
1.6 3.2
1.6 3.3
1.6 3.4
1.6 3.5
1.6 3.6
1.6 3.7
1.6 3.8
1.6 3.9
1.6 4
1.6 6.8
1.6 6.9
1.6 7
1.6 7.1
1.6 7.2
1.6 7.3
1.6 7.4
1.6 7.5
1.6 7.6
1.7 1.4
1.7 1.5
1.7 1.6
1.7 1.7
1.7 1.8
1.7 1.9
1.7 2
1.7 2.1
1.7 2.2
1.7 2.3
1.7 2.4
1.7 2.5
1.7 2.6
1.7 2.7
1.7 2.8
1.7 2.9
1.7 3
1.7 3.1
1.7 3.2
1.7 3.3
1.7 3.4
1.7 3.5
1.7 3.6
1.7 3.7
1.7 3.8
1.7 3.9
1.7 4
1.7 4.1
1.7 4.2
1.7 4.3
1.7 4.4
1.7 4.5
1.7 4.6
1.7 4.7
1.7 4.8
1.7 4.9
1.7 5
1.7 5.1
1.7 5.2
1.7 5.3
1.7 5.4
1.7 5.5
1.7 5.6
1.7 5.7
1.7 5.8
1.7 5.9
1.7 6
1.7 6.1
1.7 6.2
1.7 6.3
1.7 6.4
1.7 6.5
1.7 6.6
1.7 6.7
1.7 6.8
1.7 6.9
1.7 7
1.7 7.1
1.7 7.2
1.7 7.3
1.7 7.4
1.7 7.5
1.7 7.6
1.7 7.7
1.8 1.4
1.8 7.6
1.8 7.7
1.9 1.4
1.9 7.6
1.9 7.7
2 1.4
2 7.6
2 7.7
2.1 7.6
2.1 7.7
2.2 7.6
2.2 7.7
2.3 7.6
2.3 7.7
2.4 7.6
2.4 7.7
2.5 7.6
2.5 7.7
2.6 7.6
2.6 7.7
2.7 7.6
2.7 7.7
2.8 7.6
2.8 7.7
2.9 7.6
2.9 7.7
3 7.6
3 7.7
3.1 7.6
3.1 7.7
3.2 7.6
3.2 7.7
3.3 1.4
3.3 7.6
3.3 7.7
3.4 1.4
3.4 7.6
3.5 1.4
3.5 7.6
3.6 1.4
3.6 7.6
3.7 1.4
3.7 7.6
3.8 1.4
3.8 7.6
3.9 1.4
3.9 7.6
4 1.4
4 7.6
4.1 1.4
4.1 7.6
4.2 1.4
4.2 7.6
4.3 1.4
4.3 7.6
4.4 1.4
4.4 7.6
4.5 1.4
4.5 7.6
4.6 1.4
4.6 7.6
4.7 1.4
4.7 7.6
4.8 1.4
4.8 7.6
4.9 1.4
4.9 7.6
5 1.4
5 7.6
5 7.7
5.1 1.4
5.1 7.6
5.1 7.7
5.2 1.4
5.2 7.6
5.2 7.7
5.3 1.4
5.3 7.6
5.3 7.7
5.4 1.4
5.4 7.6
5.4 7.7
5.5 1.4
5.5 7.6
5.5 7.7
5.6 1.4
5.6 7.6
5.6 7.7
5.7 1.4
5.7 7.6
5.7 7.7
5.8 1.4
5.8 7.6
5.8 7.7
5.9 1.4
5.9 7.6
5.9 7.7
6 1.4
6 7.6
6 7.7
6.1 1.4
6.1 7.6
6.1 7.7
6.2 1.4
6.2 7.6
6.2 7.7
6.3 1.4
6.3 7.7
6.4 1.4
6.4 7.7
6.5 1.4
6.5 7.7
6.6 1.4
6.6 7.7
6.7 1.4
6.7 7.7
6.8 1.4
6.8 7.7
6.9 1.4
6.9 7.7
7 1.4
7 1.5
7 1.6
7 1.7
7 1.8
7 1.9
7 2
7 2.1
7 2.2
7 2.3
7 2.4
7 2.5
7 2.6
7 2.7
7 2.8
7 2.9
7 3
7 3.1
7 3.2
7 3.3
7 3.4
7 3.5
7 3.6
7 3.7
7 3.8
7 3.9
7 4
7 4.1
7 4.2
7 4.3
7 4.4
7 4.5
7 4.6
7 4.7
7 4.8
7 4.9
7 5
7 5.1
7 5.2
7 5.3
7 5.4
7 5.5
7 5.6
7 5.7
7 5.8
7 5.9
7 6
7 6.1
7 6.2
7 6.3
7 6.4
7 6.5
7 6.6
7 6.7
7 6.8
7 6.9
7 7
7 7.1
7 7.2
7 7.3
7 7.4
7 7.5
7 7.6
7 7.7
bed: 5 -3 4.7124 2 273
4.4 -4
4.4 -3.9
4.4 -3.8
4.4 -3.7
4.4 -3.6
4.4 -3.5
4.4 -3.4
4.4 -3.3
4.4 -3.2
4.4 -3.1
4.4 -3
4.4 -2.9
4.4 -2.8
4.4 -2.7
4.4 -2.6
4.4 -2.5
4.4 -2.4
4.4 -2.3
4.4 -2.2
4.4 -2.1
4.4 -2
4.5 -4
4.5 -3.9
4.5 -3.8
4.5 -3.7
4.5 -3.6
4.5 -3.5
4.5 -3.4
4.5 -3.3
4.5 -3.2
4.5 -3.1
4.5 -3
4.5 -2.9
4.5 -2.8
4.5 -2.7
4.5 -2.6
4.5 -2.5
4.5 -2.4
4.5 -2.3
4.5 -2.2
4.5 -2.1
4.5 -2
4.6 -4
4.6 -3.9
4.6 -3.8
4.6 -3.7
4.6 -3.6
4.6 -3.5
4.6 -3.4
4.6 -3.3
4.6 -3.2
4.6 -3.1
4.6 -3
4.6 -2.9
4.6 -2.8
4.6 -2.7
4.6 -2.6
4.6 -2.5
4.6 -2.4
4.6 -2.3
4.6 -2.2
4.6 -2.1
4.6 -2
4.7 -4
4.7 -3.9
4.7 -3.8
4.7 -3.7
4.7 -3.6
4.7 -3.5
4.7 -3.4
4.7 -3.3
4.7 -3.2
4.7 -3.1
4.7 -3
4.7 -2.9
4.7 -2.8
4.7 -2.7
4.7 -2.6
4.7 -2.5
4.7 -2.4
4.7 -2.3
4.7 -2.2
4.7 -2.1
4.7 -2
4.8 -4
4.8 -3.9
4.8 -3.8
4.8 -3.7
4.8 -3.6
4.8 -3.5
4.8 -3.4
4.8 -3.3
4.8 -3.2
4.8 -3.1
4.8 -3
4.8 -2.9
4.8 -2.8
4.8 -2.7
4.8 -2.6
4.8 -2.5
4.8 -2.4
4.8 -2.3
4.8 -2.2
4.8 -2.1
4.8 -2
4.9 -4
4.9 -3.9
4.9 -3.8
4.9 -3.7
4.9 -3.6
4.9 -3.5
4.9 -3.4
4.9 -3.3
4.9 -3.2
4.9 -3.1
4.9 -3
4.9 -2.9
4.9 -2.8
4.9 -2.7
4.9 -2.6
4.9 -2.5
4.9 -2.4
4.9 -2.3
4.9 -2.2
4.9 -2.1
4.9 -2
5 -4
5 -3.9
5 -3.8
5 -3.7
5 -3.6
5 -3.5
5 -3.4
5 -3.3
5 -3.2
5 -3.1
5 -3
5 -2.9
5 -2.8
5 -2.7
5 -2.6
5 -2.5
5 -2.4
5 -2.3
5 -2.2
5 -2.1
5 -2
5.1 -4
5.1 -3.9
5.1 -3.8
5.1 -3.7
5.1 -3.6
5.1 -3.5
5.1 -3.4
5.1 -3.3
5.1 -3.2
5.1 -3.1
5.1 -3
5.1 -2.9
5.1 -2.8
5.1 -2.7
5.1 -2.6
5.1 -2.5
5.1 -2.4
5.1 -2.3
5.1 -2.2
5.1 -2.1
5.1 -2
5.2 -4
5.2 -3.9
5.2 -3.8
5.2 -3.7
5.2 -3.6
5.2 -3.5
5.2 -3.4
5.2 -3.3
5.2 -3.2
5.2 -3.1
5.2 -3
5.2 -2.9
5.2 -2.8
5.2 -2.7
5.2 -2.6
5.2 -2.5
5.2 -2.4
5.2 -2.3
5.2 -2.2
5.2 -2.1
5.2 -2
5.3 -4
5.3 -3.9
5.3 -3.8
5.3 -3.7
5.3 -3.6
5.3 -3.5
5.3 -3.4
5.3 -3.3
5.3 -3.2
5.3 -3.1
5.3 -3
5.3 -2.9
5.3 -2.8
5.3 -2.7
5.3 -2.6
5.3 -2.5
5.3 -2.4
5.3 -2.3
5.3 -2.2
5.3 -2.1
5.3 -2
5.4 -4
5.4 -3.9
5.4 -3.8
5.4 -3.7
5.4 -3.6
5.4 -3.5
5.4 -3.4
5.4 -3.3
5.4 -3.2
5.4 -3.1
5.4 -3
5.4 -2.9
5.4 -2.8
5.4 -2.7
5.4 -2.6
5.4 -2.5
5.4 -2.4
5.4 -2.3
5.4 -2.2
5.4 -2.1
5.4 -2
5.5 -4
5.5 -3.9
5.5 -3.8
5.5 -3.7
5.5 -3.6
5.5 -3.5
5.5 -3.4
5.5 -3.3
5.5 -3.2
5.5 -3.1
5.5 -3
5.5 -2.9
5.5 -2.8
5.5 -2.7
5.5 -2.6
5.5 -2.5
5.5 -2.4
5.5 -2.3
5.5 -2.2
5.5 -2.1
5.5 -2
5.6 -4
5.6 -3.9
5.6 -3.8
5.6 -3.7
5.6 -3.6
5.6 -3.5
5.6 -3.4
5.6 -3.3
5.6 -3.2
5.6 -3.1
5.6 -3
5.6 -2.9
5.6 -2.8
5.6 -2.7
5.6 -2.6
5.6 -2.5
5.6 -2.4
5.6 -2.3
5.6 -2.2
5.6 -2.1
5.6 -2
chair: 3.30442 6.95791 4.25471 0.599866 110
3.01209 6.96499
3.04229 7.00484
3.07248 7.04469
3.05194 6.93479
3.08214 6.97464
3.03263 7.07489
3.10268 7.08454
3.02174 6.89494
3.09179 6.90459
3.06283 7.11474
3.0616 6.86474
3.0314 6.82489
3.09303 7.15459
3.10145 6.83455
3.07125 6.79469
3.04105 6.75484
3.1111 6.7645
3.12322 7.19444
3.13288 7.12439
3.16307 7.16425
3.19327 7.2041
3.20293 7.13405
3.23312 7.1739
3.27297 7.1437
3.30317 7.18356
3.31283 7.11351
3.34302 7.15336
3.37322 7.19321
3.38287 7.12316
3.41307 7.16301
3.1413 6.80435
3.15095 6.7343
3.18115 6.77415
3.05317 7.18479
3.21135 6.814
3.221 6.74396
3.2512 6.78381
3.08091 6.72465
3.44327 7.20286
3.26085 6.71376
3.29105 6.75361
3.32125 6.79346
3.3309 6.72341
3.3611 6.76326
3.3913 6.80312
3.17273 7.0942
3.48312 7.17267
3.45292 7.13282
3.12199 6.94445
3.40095 6.73307
3.24278 7.10385
3.21258 7.064
3.43115 6.77292
3.13164 6.8744
3.16184 6.91425
3.15219 6.9843
3.28263 7.07366
3.19204 6.9541
3.25243 7.0338
3.1715 6.8442
3.35268 7.08331
3.20169 6.88405
3.22224 6.99395
3.32248 7.04346
3.23189 6.9239
3.26209 6.96376
3.29228 7.00361
3.42273 7.09296
3.24154 6.85386
3.39253 7.05311
3.27174 6.89371
3.36233 7.01326
3.30194 6.93356
3.33214 6.97341
3.49277 7.10262
3.52297 7.14247
3.2814 6.82366
3.46258 7.06277
3.31159 6.86351
3.43238 7.02292
3.34179 6.90336
3.40218 6.98306
3.37199 6.94321
3.471 6.74272
3.35144 6.83331
3.53263 7.07242
3.56282 7.11227
3.47223 6.99272
3.50243 7.03257
3.38164 6.87316
3.44204 6.95287
3.41184 6.91302
3.42149 6.84297
3.45169 6.88282
3.48189 6.92267
3.57248 7.04223
3.51208 6.96252
3.54228 7.00237
3.46134 6.81277
3.49154 6.85262
3.52174 6.89247
3.55194 6.93233
3.58213 6.97218
3.5012 6.78257
3.53139 6.82243
3.56159 6.86228
3.59179 6.90213
3.55317 7.18232
3.54105 6.75238
3.57124 6.79223
table: 4.40043 6.81478 -1 0.98285 448
4.38608 7.06977
4.43483 7.05866
4.48358 7.04755
4.53233 7.03644
4.58108 7.02533
4.62983 7.01422
4.61872 6.96547
4.56997 6.97658
4.52122 6.98769
4.47247 6.9988
4.42372 7.00991
4.37497 7.02102
4.88038 7.21354
4.92913 7.20243
4.97788 7.19132
5.02663 7.18021
4.83163 7.22465
5.07538 7.1691
4.72302 7.19812
4.77177 7.18701
4.82052 7.1759
4.86927 7.16479
4.91802 7.15368
4.96677 7.14257
5.01552 7.13146
5.06427 7.12035
5.11302 7.10924
4.71191 7.14937
4.76066 7.13826
4.80941 7.12715
4.85816 7.11604
4.90691 7.10493
4.95566 7.09382
5.00441 7.08271
5.05316 7.0716
5.10191 7.06049
5.15066 7.04939
4.37066 7.22713
4.26205 7.2006
4.3108 7.18949
4.35955 7.17838
4.7008 7.10062
4.74955 7.08951
4.7983 7.0784
4.84705 7.06729
4.8958 7.05618
4.94455 7.04507
4.9933 7.03396
5.04205 7.02285
5.0908 7.01174
5.13955 7.00064
4.2133 7.21171
5.1883 6.98953
4.16455 7.22281
4.1158 7.23392
4.65205 7.11172
4.05594 7.19628
4.10469 7.18517
4.15344 7.17406
4.20219 7.16296
4.25094 7.15185
4.29969 7.14074
4.34844 7.12963
4.64094 7.06297
4.68969 7.05187
4.73844 7.04076
4.78719 7.02965
4.83594 7.01854
4.88469 7.00743
4.93344 6.99632
4.98219 6.98521
5.03094 6.9741
5.07969 6.96299
5.12844 6.95188
5.17719 6.94078
3.95844 7.2185
4.00719 7.20739
3.90969 7.22961
4.55886 6.92783
4.60761 6.91672
3.89858 7.18086
3.94733 7.16975
3.99608 7.15864
4.04483 7.14753
4.09358 7.13642
4.14233 7.12531
4.19108 7.11421
4.23983 7.1031
4.28858 7.09199
4.33733 7.08088
4.67858 7.00312
4.72733 6.99201
4.77608 6.9809
4.82483 6.96979
4.87358 6.95868
4.92233 6.94757
4.97108 6.93646
5.01983 6.92535
5.06858 6.91424
5.11733 6.90313
5.16609 6.89203
3.84983 7.19197
5.21484 6.88092
3.78997 7.15433
3.83872 7.14322
3.88747 7.13211
3.93622 7.121
3.98497 7.10989
4.03372 7.09878
4.08247 7.08767
4.13122 7.07656
4.17997 7.06545
4.22872 7.05435
4.27747 7.04324
4.32622 7.03213
4.46136 6.95005
4.51011 6.93894
4.66747 6.95436
4.71622 6.94326
4.76497 6.93215
4.81372 6.92104
4.86247 6.90993
4.91122 6.89882
4.95997 6.88771
5.00873 6.8766
5.05748 6.86549
5.10623 6.85438
5.15498 6.84328
5.20373 6.83217
4.31511 6.98338
4.36386 6.97227
4.41261 6.96116
3.77886 7.10558
3.82761 7.09447
3.87636 7.08336
3.92511 7.07225
3.97386 7.06114
4.02261 7.05003
4.07136 7.03892
4.12011 7.02781
4.16886 7.0167
4.21761 7.0056
4.26636 6.99449
4.65636 6.90561
4.70511 6.89451
4.75386 6.8834
4.80262 6.87229
4.85137 6.86118
4.90012 6.85007
4.94887 6.83896
4.99762 6.82785
5.04637 6.81674
5.09512 6.80563
5.14387 6.79452
5.19262 6.78342
4.35275 6.92352
4.4015 6.91241
4.45025 6.9013
4.499 6.89019
4.54775 6.87908
4.59651 6.86797
4.304 6.93463
3.73011 7.11669
3.719 7.06794
3.76775 7.05683
3.8165 7.04572
3.86525 7.03461
3.914 7.0235
3.96275 7.01239
4.0115 7.00128
4.06025 6.99017
4.109 6.97906
4.15775 6.96795
4.2065 6.95685
4.25525 6.94574
4.64526 6.85686
4.69401 6.84576
4.74276 6.83465
4.79151 6.82354
4.84026 6.81243
4.88901 6.80132
4.93776 6.79021
4.98651 6.7791
5.03526 6.76799
5.08401 6.75688
5.13276 6.74577
4.29289 6.88588
4.34164 6.87477
4.39039 6.86366
4.43915 6.85255
4.4879 6.84144
4.53665 6.83033
4.5854 6.81922
3.70789 7.01919
3.75664 7.00808
3.80539 6.99697
3.85414 6.98586
3.90289 6.97475
3.95164 6.96364
4.00039 6.95253
4.04914 6.94142
4.09789 6.93031
4.14664 6.9192
4.19539 6.90809
4.24414 6.89699
4.63415 6.80811
4.6829 6.79701
4.73165 6.7859
4.7804 6.77479
4.82915 6.76368
4.8779 6.75257
4.92665 6.74146
4.9754 6.73035
5.02415 6.71924
5.0729 6.70813
4.28179 6.83713
4.33054 6.82602
4.37929 6.81491
4.42804 6.8038
4.47679 6.79269
4.52554 6.78158
4.57429 6.77047
3.69678 6.97043
3.74553 6.95933
3.79428 6.94822
3.84303 6.93711
3.89178 6.926
3.94053 6.91489
3.98928 6.90378
4.03803 6.89267
4.08678 6.88156
4.13553 6.87045
4.18428 6.85934
4.23304 6.84824
4.62304 6.75936
4.67179 6.74825
4.72054 6.73715
4.76929 6.72604
4.81804 6.71493
4.86679 6.70382
4.91554 6.69271
4.96429 6.6816
5.01304 6.67049
5.06179 6.65938
3.68567 6.92168
3.73442 6.91058
3.78317 6.89947
3.83192 6.88836
3.88067 6.87725
3.92942 6.86614
3.97817 6.85503
4.02692 6.84392
4.07568 6.83281
4.12443 6.8217
4.17318 6.81059
4.22193 6.79949
4.27068 6.78838
4.31943 6.77727
4.36818 6.76616
4.41693 6.75505
4.46568 6.74394
4.51443 6.73283
4.56318 6.72172
4.61193 6.71061
4.66068 6.6995
4.70943 6.6884
4.75818 6.67729
4.80693 6.66618
4.85568 6.65507
4.90443 6.64396
4.95318 6.63285
5.00193 6.62174
3.67456 6.87293
3.72331 6.86182
3.77206 6.85072
3.82081 6.83961
3.86957 6.8285
3.91832 6.81739
3.96707 6.80628
4.01582 6.79517
4.06457 6.78406
4.11332 6.77295
4.16207 6.76184
4.21082 6.75074
4.25957 6.73963
4.30832 6.72852
4.35707 6.71741
4.40582 6.7063
4.45457 6.69519
4.50332 6.68408
4.55207 6.67297
4.60082 6.66186
4.64957 6.65075
4.69832 6.63965
4.74707 6.62854
4.79582 6.61743
4.84457 6.60632
4.89332 6.59521
4.94207 6.5841
4.99082 6.57299
3.66345 6.82418
3.71221 6.81308
3.76096 6.80197
3.80971 6.79086
3.85846 6.77975
3.90721 6.76864
3.95596 6.75753
4.00471 6.74642
4.05346 6.73531
4.10221 6.7242
4.15096 6.71309
4.19971 6.70198
4.24846 6.69088
4.29721 6.67977
4.34596 6.66866
4.39471 6.65755
4.44346 6.64644
4.49221 6.63533
4.54096 6.62422
4.58971 6.61311
4.63846 6.602
4.68721 6.5909
4.73596 6.57979
4.78471 6.56868
4.83346 6.55757
4.88221 6.54646
4.93096 6.53535
3.65235 6.77543
3.7011 6.76432
3.74985 6.75322
3.7986 6.74211
3.84735 6.731
3.8961 6.71989
3.94485 6.70878
3.9936 6.69767
4.04235 6.68656
4.0911 6.67545
4.13985 6.66434
4.1886 6.65323
4.23735 6.64213
4.2861 6.63102
4.33485 6.61991
4.3836 6.6088
4.43235 6.59769
4.4811 6.58658
4.52985 6.57547
4.5786 6.56436
4.62735 6.55325
4.6761 6.54214
4.72485 6.53104
4.7736 6.51993
4.82235 6.50882
4.8711 6.49771
4.91985 6.4866
3.68999 6.71557
3.73874 6.70447
3.78749 6.69336
3.83624 6.68225
3.88499 6.67114
3.93374 6.66003
3.98249 6.64892
4.03124 6.63781
4.07999 6.6267
4.12874 6.61559
4.17749 6.60448
4.22624 6.59338
4.27499 6.58227
4.32374 6.57116
4.37249 6.56005
4.42124 6.54894
4.46999 6.53783
4.51874 6.52672
4.56749 6.51561
4.61624 6.5045
4.66499 6.49339
4.71374 6.48229
4.76249 6.47118
4.81124 6.46007
4.85999 6.44896
3.67888 6.66682
3.72763 6.65571
3.77638 6.64461
3.82513 6.6335
3.87388 6.62239
3.92263 6.61128
3.97138 6.60017
4.02013 6.58906
4.06888 6.57795
4.11763 6.56684
4.16638 6.55573
4.21513 6.54463
4.26388 6.53352
4.31263 6.52241
4.36138 6.5113
4.41013 6.50019
4.45888 6.48908
4.50763 6.47797
4.55638 6.46686
4.60513 6.45575
4.65388 6.44464
4.70263 6.43354
4.75138 6.42243
4.80013 6.41132
4.84889 6.40021
3.71652 6.60696
3.76527 6.59586
3.81402 6.58475
3.86277 6.57364
3.91152 6.56253
3.96027 6.55142
4.00902 6.54031
4.05777 6.5292
4.10652 6.51809
4.15527 6.50698
4.20402 6.49587
4.25277 6.48477
4.30152 6.47366
4.35027 6.46255
4.39902 6.45144
4.44777 6.44033
4.49652 6.42922
4.54527 6.41811
4.59402 6.407
3.70541 6.55821
3.75416 6.54711
3.80291 6.536
3.85166 6.52489
3.90041 6.51378
3.94916 6.50267
3.99791 6.49156
4.04666 6.48045
4.09541 6.46934
4.14416 6.45823
4.19291 6.44712
4.24166 6.43602
4.29041 6.42491
4.33916 6.4138
4.38791 6.40269
3.7918 6.48725
3.84055 6.47614
3.8893 6.46503
3.93805 6.45392
3.9868 6.44281
4.03555 6.4317
4.0843 6.42059
4.13305 6.40948
3.87819 6.41628
3.92694 6.40517
