OR: 4.14778 6.03388 1.34535 7.17529e-38 16
3.99778 5.88388
3.99778 5.98388
3.99778 6.08388
3.99778 6.18388
4.09778 5.88388
4.09778 5.98388
4.09778 6.08388
4.09778 6.18388
4.19778 5.88388
4.19778 5.98388
4.19778 6.08388
4.19778 6.18388
4.29778 5.88388
4.29778 5.98388
4.29778 6.08388
4.29778 6.18388
CR: 3.19774 -2.36947 5.57054 0.793002 16
3.04774 -2.51947
3.04774 -2.41947
3.04774 -2.31947
3.04774 -2.21947
3.14774 -2.51947
3.14774 -2.41947
3.14774 -2.31947
3.14774 -2.21947
3.24774 -2.51947
3.24774 -2.41947
3.24774 -2.31947
3.24774 -2.21947
3.34774 -2.51947
3.34774 -2.41947
3.34774 -2.31947
3.34774 -2.21947
livingroom: 4.03017 4.89579 1.5708 2 285
1.6 1.4
1.6 1.5
1.6 1.6
1.6 1.7
1.6 1.8
1.6 1.9
1.6 2
1.6 2.1
1.6 2.2
1.6 2.3
1.6 2.4
1.6 2.5
1.6 2.6
1.6 2.7
1.6 2.8
1.6 2.9
1.6 3
1.6 3.1
1.6 3.2
1.6 3.3
1.6 3.4
1.6 3.5
1.6 3.6
1.6 3.7
1.6 3.8
1.6 3.9
1.6 4
1.6 6.8
1.6 6.9
1.6 7
1.6 7.1
1.6 7.2
1.6 7.3
1.6 7.4
1.6 7.5
1.6 7.6
1.7 1.4
1.7 1.5
1.7 1.6
1.7 1.7
1.7 1.8
1.7 1.9
1.7 2
1.7 2.1
1.7 2.2
1.7 2.3
1.7 2.4
1.7 2.5
1.7 2.6
1.7 2.7
1.7 2.8
1.7 2.9
1.7 3
1.7 3.1
1.7 3.2
1.7 3.3
1.7 3.4
1.7 3.5
1.7 3.6
1.7 3.7
1.7 3.8
1.7 3.9
1.7 4
1.7 4.1
1.7 4.2
1.7 4.3
1.7 4.4
1.7 4.5
1.7 4.6
1.7 4.7
1.7 4.8
1.7 4.9
1.7 5
1.7 5.1
1.7 5.2
1.7 5.3
1.7 5.4
1.7 5.5
1.7 5.6
1.7 5.7
1.7 5.8
1.7 5.9
1.7 6
1.7 6.1
1.7 6.2
1.7 6.3
1.7 6.4
1.7 6.5
1.7 6.6
1.7 6.7
1.7 6.8
1.7 6.9
1.7 7
1.7 7.1
1.7 7.2
1.7 7.3
1.7 7.4
1.7 7.5
1.7 7.6
1.7 7.7
1.8 1.4
1.8 7.6
1.8 7.7
1.9 1.4
1.9 7.6
1.9 7.7
2 1.4
2 7.6
2 7.7
2.1 7.6
2.1 7.7
2.2 7.6
2.2 7.7
2.3 7.6
2.3 7.7
2.4 7.6
2.4 7.7
2.5 7.6
2.5 7.7
2.6 7.6
2.6 7.7
2.7 7.6
2.7 7.7
2.8 7.6
2.8 7.7
2.9 7.6
2.9 7.7
3 7.6
3 7.7
3.1 7.6
3.1 7.7
3.2 7.6
3.2 7.7
3.3 1.4
3.3 7.6
3.3 7.7
3.4 1.4
3.4 7.6
3.5 1.4
3.5 7.6
3.6 1.4
3.6 7.6
3.7 1.4
3.7 7.6
3.8 1.4
3.8 7.6
3.9 1.4
3.9 7.6
4 1.4
4 7.6
4.1 1.4
4.1 7.6
4.2 1.4
4.2 7.6
4.3 1.4
4.3 7.6
4.4 1.4
4.4 7.6
4.5 1.4
4.5 7.6
4.6 1.4
4.6 7.6
4.7 1.4
4.7 7.6
4.8 1.4
4.8 7.6
4.9 1.4
4.9 7.6
5 1.4
5 7.6
5 7.7
5.1 1.4
5.1 7.6
5.1 7.7
5.2 1.4
5.2 7.6
5.2 7.7
5.3 1.4
5.3 7.6
5.3 7.7
5.4 1.4
5.4 7.6
5.4 7.7
5.5 1.4
5.5 7.6
5.5 7.7
5.6 1.4
5.6 7.6
5.6 7.7
5.7 1.4
5.7 7.6
5.7 7.7
5.8 1.4
5.8 7.6
5.8 7.7
5.9 1.4
5.9 7.6
5.9 7.7
6 1.4
6 7.6
6 7.7
6.1 1.4
6.1 7.6
6.1 7.7
6.2 1.4
6.2 7.6
6.2 7.7
6.3 1.4
6.3 7.7
6.4 1.4
6.4 7.7
6.5 1.4
6.5 7.7
6.6 1.4
6.6 7.7
6.7 1.4
6.7 7.7
6.8 1.4
6.8 7.7
6.9 1.4
6.9 7.7
7 1.4
7 1.5
7 1.6
7 1.7
7 1.8
7 1.9
7 2
7 2.1
7 2.2
7 2.3
7 2.4
7 2.5
7 2.6
7 2.7
7 2.8
7 2.9
7 3
7 3.1
7 3.2
7 3.3
7 3.4
7 3.5
7 3.6
7 3.7
7 3.8
7 3.9
7 4
7 4.1
7 4.2
7 4.3
7 4.4
7 4.5
7 4.6
7 4.7
7 4.8
7 4.9
7 5
7 5.1
7 5.2
7 5.3
7 5.4
7 5.5
7 5.6
7 5.7
7 5.8
7 5.9
7 6
7 6.1
7 6.2
7 6.3
7 6.4
7 6.5
7 6.6
7 6.7
7 6.8
7 6.9
7 7
7 7.1
7 7.2
7 7.3
7 7.4
7 7.5
7 7.6
7 7.7
bedroom: 2.61099 -4.24704 4.7124 2 355
-2 -7.9
-2 -7.8
-2 -7.7
-2 -7.6
-2 -7.5
-2 -7.4
-2 -7.3
-2 -7.2
-2 -7.1
-2 -7
-2 -6.9
-2 -6.8
-2 -6.7
-2 -6.6
-2 -6.5
-2 -6.4
-2 -6.3
-2 -6.2
-2 -6.1
-2 -6
-2 -5.9
-2 -5.8
-2 -5.7
-2 -5.6
-2 -5.5
-2 -5.4
-2 -3.7
-2 -3.6
-2 -3.5
-2 -3.4
-2 -3.3
-1.9 -7.9
-1.9 -7.2
-1.9 -7.1
-1.9 -7
-1.9 -6.9
-1.9 -6.8
-1.9 -6.7
-1.9 -6.6
-1.9 -6.5
-1.9 -6.4
-1.9 -6.3
-1.9 -6.2
-1.9 -6.1
-1.9 -6
-1.9 -5.9
-1.9 -5.8
-1.9 -5.7
-1.9 -5.6
-1.9 -5.5
-1.9 -5.4
-1.9 -5.3
-1.9 -5.2
-1.9 -5.1
-1.9 -5
-1.9 -4.9
-1.9 -4.8
-1.9 -4.7
-1.9 -4.6
-1.9 -4.5
-1.9 -4.4
-1.9 -4.3
-1.9 -4.2
-1.9 -4.1
-1.9 -4
-1.9 -3.9
-1.9 -3.8
-1.9 -3.7
-1.9 -3.6
-1.9 -3.5
-1.9 -3.4
-1.9 -3.3
-1.9 -3.2
-1.9 -3.1
-1.9 -3
-1.9 -2.9
-1.9 -2.8
-1.9 -2.7
-1.9 -2.6
-1.9 -2.5
-1.9 -2.4
-1.9 -2.3
-1.9 -2.2
-1.9 -2.1
-1.9 -2
-1.9 -1.9
-1.9 -1.8
-1.9 -1.7
-1.9 -1.6
-1.9 -1.5
-1.8 -7.9
-1.8 -1.6
-1.8 -1.5
-1.7 -7.9
-1.7 -1.6
-1.7 -1.5
-1.6 -7.9
-1.6 -1.6
-1.6 -1.5
-1.5 -7.9
-1.5 -1.6
-1.5 -1.5
-1.4 -7.9
-1.4 -1.6
-1.4 -1.5
-1.3 -7.9
-1.3 -1.6
-1.3 -1.5
-1.2 -7.9
-1.2 -1.6
-1.2 -1.5
-1.1 -7.9
-1.1 -1.6
-1.1 -1.5
-1 -7.9
-1 -1.6
-0.9 -7.9
-0.9 -1.6
-0.8 -7.9
-0.8 -1.6
-0.7 -7.9
-0.7 -1.6
-0.6 -7.9
-0.6 -1.6
-0.5 -7.9
-0.5 -1.6
-0.4 -7.9
-0.4 -1.6
-0.3 -7.9
-0.3 -1.6
-0.2 -7.9
-0.2 -1.6
-0.1 -7.9
-0.1 -1.6
0 -7.9
0 -1.6
0.1 -7.9
0.1 -1.6
0.2 -7.9
0.2 -1.6
0.3 -7.9
0.3 -1.6
0.4 -7.9
0.4 -1.6
0.5 -7.9
0.5 -1.6
0.6 -7.9
0.6 -1.6
0.7 -7.9
0.7 -1.6
0.8 -7.9
0.8 -1.6
0.9 -7.9
0.9 -1.6
1 -7.9
1 -1.6
1.1 -1.6
1.2 -1.6
1.3 -1.6
1.4 -1.6
1.5 -1.6
1.6 -1.6
1.7 -1.6
1.8 -1.6
1.9 -1.6
2 -1.6
2.1 -1.6
2.1 -1.5
2.8 -7.9
2.9 -7.9
3 -7.9
3.1 -7.9
3.2 -7.9
3.2 -1.6
3.3 -7.9
3.3 -1.6
3.4 -7.9
3.4 -1.6
3.5 -7.9
3.5 -1.6
3.6 -7.9
3.6 -1.6
3.7 -7.9
3.7 -1.6
3.8 -7.9
3.8 -1.6
3.9 -7.9
3.9 -1.6
4 -7.9
4 -1.6
4.1 -7.9
4.1 -1.6
4.2 -7.9
4.2 -1.6
4.3 -7.9
4.3 -1.6
4.4 -7.9
4.4 -1.6
4.5 -7.9
4.5 -1.6
4.6 -7.9
4.6 -1.6
4.7 -7.9
4.7 -1.6
4.8 -7.9
4.8 -1.6
4.9 -7.9
4.9 -1.6
5 -7.9
5 -1.6
5 -1.4
5.1 -7.9
5.1 -1.6
5.1 -1.4
5.1 -1.3
5.2 -7.9
5.2 -1.6
5.2 -1.3
5.3 -7.9
5.3 -1.6
5.3 -1.3
5.4 -7.9
5.4 -1.6
5.4 -1.3
5.5 -7.9
5.5 -1.6
5.5 -1.3
5.6 -7.9
5.6 -1.6
5.6 -1.3
5.7 -7.9
5.7 -1.6
5.7 -1.3
5.8 -7.9
5.8 -1.6
5.8 -1.3
5.9 -7.9
5.9 -1.6
5.9 -1.3
6 -7.9
6 -1.6
6 -1.3
6 -1.2
6.1 -7.9
6.1 -1.6
6.1 -1.2
6.2 -7.9
6.2 -1.6
6.2 -1.2
6.3 -7.9
6.3 -1.6
6.3 -1.2
6.4 -7.9
6.4 -1.6
6.4 -1.2
6.5 -7.9
6.5 -1.6
6.5 -1.2
6.6 -7.9
6.6 -1.6
6.6 -1.3
6.6 -1.2
6.7 -7.9
6.7 -2.3
6.7 -2.2
6.7 -2.1
6.7 -2
6.7 -1.9
6.7 -1.8
6.7 -1.7
6.7 -1.6
6.7 -1.5
6.7 -1.4
6.7 -1.3
6.8 -7.9
6.8 -3.2
6.8 -3.1
6.8 -3
6.8 -2.9
6.8 -2.8
6.8 -2.7
6.8 -2.6
6.8 -2.5
6.8 -2.4
6.8 -2.3
6.8 -1.6
6.9 -7.9
6.9 -4.2
6.9 -4.1
6.9 -4
6.9 -3.9
6.9 -3.8
6.9 -3.7
6.9 -3.6
6.9 -3.5
6.9 -3.4
6.9 -3.3
6.9 -3.2
6.9 -1.6
7 -7.9
7 -7.8
7 -7.7
7 -7.6
7 -7.5
7 -7.4
7 -7.3
7 -7.2
7 -7.1
7 -7
7 -6.9
7 -6.8
7 -6.7
7 -6.6
7 -6.5
7 -6.4
7 -6.3
7 -6.2
7 -6
7 -5.9
7 -5.8
7 -5.7
7 -5.6
7 -5.5
7 -5.4
7 -4.6
7 -4.5
7 -4.4
7 -4.3
7 -4.2
7 -2.8
7 -2.7
7 -2.6
7 -2.5
7 -2.4
7 -2.3
7 -2.2
7 -2.1
7 -2
7 -1.9
7 -1.8
7 -1.7
7 -1.6
7.1 -2.8
7.1 -2.7
7.1 -2.6
7.1 -2.5
7.1 -2.4
7.1 -2.3
7.1 -2.2
7.1 -2.1
7.1 -2
7.1 -1.9
7.1 -1.8
7.1 -1.7
7.1 -1.6
hallway: 1.39023 -0.0949217 0 2 256
-5.2 -1.5
-5.2 -1.4
-5.2 1.2
-5.2 1.3
-5.1 -1.4
-5.1 1.2
-5 -1.4
-5 1.2
-4.9 -1.4
-4.9 1.2
-4.8 -1.4
-4.8 1.2
-4.7 -1.4
-4.7 1.2
-4.6 -1.4
-4.6 1.2
-4.5 -1.4
-4.5 1.2
-4.4 -1.4
-4.4 1.2
-4.3 -1.4
-4.3 1.2
-4.2 -1.4
-4.2 1.2
-4.1 -1.4
-4.1 1.2
-4 -1.4
-4 1.2
-3.9 -1.4
-3.9 1.2
-3.8 -1.4
-3.8 1.2
-3.7 -1.4
-3.7 1.2
-3.6 -1.4
-3.6 1.2
-3.5 -1.4
-3.5 1.2
-3.4 -1.4
-3.4 1.2
-3.3 -1.4
-3.3 1.2
-3.2 -1.4
-3.2 1.2
-3.1 -1.4
-3.1 1.2
-3 -1.4
-3 1.2
-2.9 -1.4
-2.9 1.2
-2.8 -1.4
-2.8 1.2
-2.7 -1.4
-2.7 1.2
-2.6 -1.4
-2.6 1.2
-2.5 -1.4
-2.5 1.2
-2.4 -1.4
-2.4 1.2
-2.3 -1.4
-2.3 1.2
-2.2 -1.4
-2.2 1.2
-2.1 -1.4
-2.1 1.2
-2 -1.4
-2 1.2
-1.9 -1.4
-1.9 1.2
-1.8 -1.4
-1.8 1.2
-1.7 -1.4
-1.7 1.2
-1.6 -1.4
-1.6 1.2
-1.5 -1.4
-1.5 1.2
-1.4 -1.4
-1.4 1.2
-1.3 -1.4
-1.3 1.2
-1.2 -1.4
-1.2 1.2
-1.1 -1.4
-1.1 1.2
-1 -1.4
-1 1.2
-0.9 -1.4
-0.9 1.2
-0.8 -1.4
-0.8 1.2
-0.7 -1.4
-0.7 1.2
-0.6 -1.4
-0.6 1.2
-0.5 -1.4
-0.5 1.2
-0.4 -1.4
-0.4 1.2
-0.3 -1.4
-0.3 1.2
-0.2 -1.4
-0.2 1.2
-0.1 -1.4
-0.1 1.2
0 -1.4
0 1.2
0.1 -1.4
0.1 1.2
0.2 -1.4
0.2 1.2
0.3 -1.4
0.3 1.2
0.4 -1.4
0.4 1.2
0.5 -1.4
0.5 1.2
0.6 -1.4
0.6 1.2
0.7 -1.4
0.7 1.2
0.8 -1.4
0.8 1.2
0.9 -1.4
0.9 1.2
1 -1.4
1 1.2
1.1 -1.4
1.1 1.2
1.2 -1.4
1.2 1.2
1.3 -1.4
1.3 1.2
1.4 -1.4
1.4 1.2
1.5 -1.4
1.5 1.2
1.6 -1.4
1.6 1.2
1.7 -1.4
1.7 1.2
1.8 -1.4
1.8 1.2
1.9 -1.4
1.9 1.2
2 1.2
3.1 -1.5
3.1 -1.4
3.1 1.2
3.1 1.3
3.2 -1.4
3.2 1.2
3.3 -1.4
3.3 1.2
3.4 -1.4
3.4 1.2
3.5 -1.4
3.5 1.2
3.6 -1.4
3.6 1.2
3.7 -1.4
3.7 1.2
3.8 -1.4
3.8 1.2
3.9 -1.4
3.9 1.2
4 -1.4
4 1.2
4.1 -1.4
4.1 1.2
4.2 -1.4
4.2 1.2
4.3 -1.4
4.3 1.2
4.4 -1.4
4.4 1.2
4.5 -1.4
4.5 1.2
4.6 -1.4
4.6 1.2
4.7 -1.4
4.7 1.2
4.8 -1.4
4.8 1.2
4.9 -1.4
4.9 1.2
5 -1.4
5 1.2
5.1 -1.4
5.1 1.2
5.2 -1.4
5.2 1.2
5.3 -1.4
5.3 1.2
5.4 -1.4
5.4 1.2
5.5 -1.4
5.5 1.2
5.6 -1.4
5.6 1.2
5.7 -1.4
5.7 1.2
5.8 -1.4
5.8 1.2
5.9 -1.4
5.9 1.2
6 -1.4
6 1.2
6.1 -1.4
6.1 1.2
6.2 -1.4
6.2 1.2
6.3 -1.4
6.3 1.2
6.4 -1.4
6.4 1.2
6.5 -1.4
6.5 1.2
6.6 -1.4
6.6 1.2
6.7 -1.4
6.7 1.2
6.8 -1.4
6.8 1.2
6.9 -1.4
6.9 1.2
7 -1.4
7 1.2
7.1 -1.4
7.1 -1.3
7.1 -1.2
7.1 -1.1
7.1 -1
7.1 -0.9
7.1 -0.8
7.1 -0.7
7.1 -0.6
7.1 -0.5
7.1 -0.4
7.1 -0.3
7.1 -0.2
7.1 -0.1
7.1 0
7.1 0.1
7.1 0.2
7.1 0.3
7.1 0.4
7.1 0.5
7.1 0.6
7.1 0.7
7.1 0.8
7.1 0.9
7.1 1
7.1 1.1
7.1 1.2
bed: 5 -3 4.7124 2 273
4.4 -4
4.4 -3.9
4.4 -3.8
4.4 -3.7
4.4 -3.6
4.4 -3.5
4.4 -3.4
4.4 -3.3
4.4 -3.2
4.4 -3.1
4.4 -3
4.4 -2.9
4.4 -2.8
4.4 -2.7
4.4 -2.6
4.4 -2.5
4.4 -2.4
4.4 -2.3
4.4 -2.2
4.4 -2.1
4.4 -2
4.5 -4
4.5 -3.9
4.5 -3.8
4.5 -3.7
4.5 -3.6
4.5 -3.5
4.5 -3.4
4.5 -3.3
4.5 -3.2
4.5 -3.1
4.5 -3
4.5 -2.9
4.5 -2.8
4.5 -2.7
4.5 -2.6
4.5 -2.5
4.5 -2.4
4.5 -2.3
4.5 -2.2
4.5 -2.1
4.5 -2
4.6 -4
4.6 -3.9
4.6 -3.8
4.6 -3.7
4.6 -3.6
4.6 -3.5
4.6 -3.4
4.6 -3.3
4.6 -3.2
4.6 -3.1
4.6 -3
4.6 -2.9
4.6 -2.8
4.6 -2.7
4.6 -2.6
4.6 -2.5
4.6 -2.4
4.6 -2.3
4.6 -2.2
4.6 -2.1
4.6 -2
4.7 -4
4.7 -3.9
4.7 -3.8
4.7 -3.7
4.7 -3.6
4.7 -3.5
4.7 -3.4
4.7 -3.3
4.7 -3.2
4.7 -3.1
4.7 -3
4.7 -2.9
4.7 -2.8
4.7 -2.7
4.7 -2.6
4.7 -2.5
4.7 -2.4
4.7 -2.3
4.7 -2.2
4.7 -2.1
4.7 -2
4.8 -4
4.8 -3.9
4.8 -3.8
4.8 -3.7
4.8 -3.6
4.8 -3.5
4.8 -3.4
4.8 -3.3
4.8 -3.2
4.8 -3.1
4.8 -3
4.8 -2.9
4.8 -2.8
4.8 -2.7
4.8 -2.6
4.8 -2.5
4.8 -2.4
4.8 -2.3
4.8 -2.2
4.8 -2.1
4.8 -2
4.9 -4
4.9 -3.9
4.9 -3.8
4.9 -3.7
4.9 -3.6
4.9 -3.5
4.9 -3.4
4.9 -3.3
4.9 -3.2
4.9 -3.1
4.9 -3
4.9 -2.9
4.9 -2.8
4.9 -2.7
4.9 -2.6
4.9 -2.5
4.9 -2.4
4.9 -2.3
4.9 -2.2
4.9 -2.1
4.9 -2
5 -4
5 -3.9
5 -3.8
5 -3.7
5 -3.6
5 -3.5
5 -3.4
5 -3.3
5 -3.2
5 -3.1
5 -3
5 -2.9
5 -2.8
5 -2.7
5 -2.6
5 -2.5
5 -2.4
5 -2.3
5 -2.2
5 -2.1
5 -2
5.1 -4
5.1 -3.9
5.1 -3.8
5.1 -3.7
5.1 -3.6
5.1 -3.5
5.1 -3.4
5.1 -3.3
5.1 -3.2
5.1 -3.1
5.1 -3
5.1 -2.9
5.1 -2.8
5.1 -2.7
5.1 -2.6
5.1 -2.5
5.1 -2.4
5.1 -2.3
5.1 -2.2
5.1 -2.1
5.1 -2
5.2 -4
5.2 -3.9
5.2 -3.8
5.2 -3.7
5.2 -3.6
5.2 -3.5
5.2 -3.4
5.2 -3.3
5.2 -3.2
5.2 -3.1
5.2 -3
5.2 -2.9
5.2 -2.8
5.2 -2.7
5.2 -2.6
5.2 -2.5
5.2 -2.4
5.2 -2.3
5.2 -2.2
5.2 -2.1
5.2 -2
5.3 -4
5.3 -3.9
5.3 -3.8
5.3 -3.7
5.3 -3.6
5.3 -3.5
5.3 -3.4
5.3 -3.3
5.3 -3.2
5.3 -3.1
5.3 -3
5.3 -2.9
5.3 -2.8
5.3 -2.7
5.3 -2.6
5.3 -2.5
5.3 -2.4
5.3 -2.3
5.3 -2.2
5.3 -2.1
5.3 -2
5.4 -4
5.4 -3.9
5.4 -3.8
5.4 -3.7
5.4 -3.6
5.4 -3.5
5.4 -3.4
5.4 -3.3
5.4 -3.2
5.4 -3.1
5.4 -3
5.4 -2.9
5.4 -2.8
5.4 -2.7
5.4 -2.6
5.4 -2.5
5.4 -2.4
5.4 -2.3
5.4 -2.2
5.4 -2.1
5.4 -2
5.5 -4
5.5 -3.9
5.5 -3.8
5.5 -3.7
5.5 -3.6
5.5 -3.5
5.5 -3.4
5.5 -3.3
5.5 -3.2
5.5 -3.1
5.5 -3
5.5 -2.9
5.5 -2.8
5.5 -2.7
5.5 -2.6
5.5 -2.5
5.5 -2.4
5.5 -2.3
5.5 -2.2
5.5 -2.1
5.5 -2
5.6 -4
5.6 -3.9
5.6 -3.8
5.6 -3.7
5.6 -3.6
5.6 -3.5
5.6 -3.4
5.6 -3.3
5.6 -3.2
5.6 -3.1
5.6 -3
5.6 -2.9
5.6 -2.8
5.6 -2.7
5.6 -2.6
5.6 -2.5
5.6 -2.4
5.6 -2.3
5.6 -2.2
5.6 -2.1
5.6 -2
room: 2.61099 -4.24704 4.7124 2 355
-2 -7.9
-2 -7.8
-2 -7.7
-2 -7.6
-2 -7.5
-2 -7.4
-2 -7.3
-2 -7.2
-2 -7.1
-2 -7
-2 -6.9
-2 -6.8
-2 -6.7
-2 -6.6
-2 -6.5
-2 -6.4
-2 -6.3
-2 -6.2
-2 -6.1
-2 -6
-2 -5.9
-2 -5.8
-2 -5.7
-2 -5.6
-2 -5.5
-2 -5.4
-2 -3.7
-2 -3.6
-2 -3.5
-2 -3.4
-2 -3.3
-1.9 -7.9
-1.9 -7.2
-1.9 -7.1
-1.9 -7
-1.9 -6.9
-1.9 -6.8
-1.9 -6.7
-1.9 -6.6
-1.9 -6.5
-1.9 -6.4
-1.9 -6.3
-1.9 -6.2
-1.9 -6.1
-1.9 -6
-1.9 -5.9
-1.9 -5.8
-1.9 -5.7
-1.9 -5.6
-1.9 -5.5
-1.9 -5.4
-1.9 -5.3
-1.9 -5.2
-1.9 -5.1
-1.9 -5
-1.9 -4.9
-1.9 -4.8
-1.9 -4.7
-1.9 -4.6
-1.9 -4.5
-1.9 -4.4
-1.9 -4.3
-1.9 -4.2
-1.9 -4.1
-1.9 -4
-1.9 -3.9
-1.9 -3.8
-1.9 -3.7
-1.9 -3.6
-1.9 -3.5
-1.9 -3.4
-1.9 -3.3
-1.9 -3.2
-1.9 -3.1
-1.9 -3
-1.9 -2.9
-1.9 -2.8
-1.9 -2.7
-1.9 -2.6
-1.9 -2.5
-1.9 -2.4
-1.9 -2.3
-1.9 -2.2
-1.9 -2.1
-1.9 -2
-1.9 -1.9
-1.9 -1.8
-1.9 -1.7
-1.9 -1.6
-1.9 -1.5
-1.8 -7.9
-1.8 -1.6
-1.8 -1.5
-1.7 -7.9
-1.7 -1.6
-1.7 -1.5
-1.6 -7.9
-1.6 -1.6
-1.6 -1.5
-1.5 -7.9
-1.5 -1.6
-1.5 -1.5
-1.4 -7.9
-1.4 -1.6
-1.4 -1.5
-1.3 -7.9
-1.3 -1.6
-1.3 -1.5
-1.2 -7.9
-1.2 -1.6
-1.2 -1.5
-1.1 -7.9
-1.1 -1.6
-1.1 -1.5
-1 -7.9
-1 -1.6
-0.9 -7.9
-0.9 -1.6
-0.8 -7.9
-0.8 -1.6
-0.7 -7.9
-0.7 -1.6
-0.6 -7.9
-0.6 -1.6
-0.5 -7.9
-0.5 -1.6
-0.4 -7.9
-0.4 -1.6
-0.3 -7.9
-0.3 -1.6
-0.2 -7.9
-0.2 -1.6
-0.1 -7.9
-0.1 -1.6
0 -7.9
0 -1.6
0.1 -7.9
0.1 -1.6
0.2 -7.9
0.2 -1.6
0.3 -7.9
0.3 -1.6
0.4 -7.9
0.4 -1.6
0.5 -7.9
0.5 -1.6
0.6 -7.9
0.6 -1.6
0.7 -7.9
0.7 -1.6
0.8 -7.9
0.8 -1.6
0.9 -7.9
0.9 -1.6
1 -7.9
1 -1.6
1.1 -1.6
1.2 -1.6
1.3 -1.6
1.4 -1.6
1.5 -1.6
1.6 -1.6
1.7 -1.6
1.8 -1.6
1.9 -1.6
2 -1.6
2.1 -1.6
2.1 -1.5
2.8 -7.9
2.9 -7.9
3 -7.9
3.1 -7.9
3.2 -7.9
3.2 -1.6
3.3 -7.9
3.3 -1.6
3.4 -7.9
3.4 -1.6
3.5 -7.9
3.5 -1.6
3.6 -7.9
3.6 -1.6
3.7 -7.9
3.7 -1.6
3.8 -7.9
3.8 -1.6
3.9 -7.9
3.9 -1.6
4 -7.9
4 -1.6
4.1 -7.9
4.1 -1.6
4.2 -7.9
4.2 -1.6
4.3 -7.9
4.3 -1.6
4.4 -7.9
4.4 -1.6
4.5 -7.9
4.5 -1.6
4.6 -7.9
4.6 -1.6
4.7 -7.9
4.7 -1.6
4.8 -7.9
4.8 -1.6
4.9 -7.9
4.9 -1.6
5 -7.9
5 -1.6
5 -1.4
5.1 -7.9
5.1 -1.6
5.1 -1.4
5.1 -1.3
5.2 -7.9
5.2 -1.6
5.2 -1.3
5.3 -7.9
5.3 -1.6
5.3 -1.3
5.4 -7.9
5.4 -1.6
5.4 -1.3
5.5 -7.9
5.5 -1.6
5.5 -1.3
5.6 -7.9
5.6 -1.6
5.6 -1.3
5.7 -7.9
5.7 -1.6
5.7 -1.3
5.8 -7.9
5.8 -1.6
5.8 -1.3
5.9 -7.9
5.9 -1.6
5.9 -1.3
6 -7.9
6 -1.6
6 -1.3
6 -1.2
6.1 -7.9
6.1 -1.6
6.1 -1.2
6.2 -7.9
6.2 -1.6
6.2 -1.2
6.3 -7.9
6.3 -1.6
6.3 -1.2
6.4 -7.9
6.4 -1.6
6.4 -1.2
6.5 -7.9
6.5 -1.6
6.5 -1.2
6.6 -7.9
6.6 -1.6
6.6 -1.3
6.6 -1.2
6.7 -7.9
6.7 -2.3
6.7 -2.2
6.7 -2.1
6.7 -2
6.7 -1.9
6.7 -1.8
6.7 -1.7
6.7 -1.6
6.7 -1.5
6.7 -1.4
6.7 -1.3
6.8 -7.9
6.8 -3.2
6.8 -3.1
6.8 -3
6.8 -2.9
6.8 -2.8
6.8 -2.7
6.8 -2.6
6.8 -2.5
6.8 -2.4
6.8 -2.3
6.8 -1.6
6.9 -7.9
6.9 -4.2
6.9 -4.1
6.9 -4
6.9 -3.9
6.9 -3.8
6.9 -3.7
6.9 -3.6
6.9 -3.5
6.9 -3.4
6.9 -3.3
6.9 -3.2
6.9 -1.6
7 -7.9
7 -7.8
7 -7.7
7 -7.6
7 -7.5
7 -7.4
7 -7.3
7 -7.2
7 -7.1
7 -7
7 -6.9
7 -6.8
7 -6.7
7 -6.6
7 -6.5
7 -6.4
7 -6.3
7 -6.2
7 -6
7 -5.9
7 -5.8
7 -5.7
7 -5.6
7 -5.5
7 -5.4
7 -4.6
7 -4.5
7 -4.4
7 -4.3
7 -4.2
7 -2.8
7 -2.7
7 -2.6
7 -2.5
7 -2.4
7 -2.3
7 -2.2
7 -2.1
7 -2
7 -1.9
7 -1.8
7 -1.7
7 -1.6
7.1 -2.8
7.1 -2.7
7.1 -2.6
7.1 -2.5
7.1 -2.4
7.1 -2.3
7.1 -2.2
7.1 -2.1
7.1 -2
7.1 -1.9
7.1 -1.8
7.1 -1.7
7.1 -1.6
bed: 5 -3 4.7124 2 273
4.4 -4
4.4 -3.9
4.4 -3.8
4.4 -3.7
4.4 -3.6
4.4 -3.5
4.4 -3.4
4.4 -3.3
4.4 -3.2
4.4 -3.1
4.4 -3
4.4 -2.9
4.4 -2.8
4.4 -2.7
4.4 -2.6
4.4 -2.5
4.4 -2.4
4.4 -2.3
4.4 -2.2
4.4 -2.1
4.4 -2
4.5 -4
4.5 -3.9
4.5 -3.8
4.5 -3.7
4.5 -3.6
4.5 -3.5
4.5 -3.4
4.5 -3.3
4.5 -3.2
4.5 -3.1
4.5 -3
4.5 -2.9
4.5 -2.8
4.5 -2.7
4.5 -2.6
4.5 -2.5
4.5 -2.4
4.5 -2.3
4.5 -2.2
4.5 -2.1
4.5 -2
4.6 -4
4.6 -3.9
4.6 -3.8
4.6 -3.7
4.6 -3.6
4.6 -3.5
4.6 -3.4
4.6 -3.3
4.6 -3.2
4.6 -3.1
4.6 -3
4.6 -2.9
4.6 -2.8
4.6 -2.7
4.6 -2.6
4.6 -2.5
4.6 -2.4
4.6 -2.3
4.6 -2.2
4.6 -2.1
4.6 -2
4.7 -4
4.7 -3.9
4.7 -3.8
4.7 -3.7
4.7 -3.6
4.7 -3.5
4.7 -3.4
4.7 -3.3
4.7 -3.2
4.7 -3.1
4.7 -3
4.7 -2.9
4.7 -2.8
4.7 -2.7
4.7 -2.6
4.7 -2.5
4.7 -2.4
4.7 -2.3
4.7 -2.2
4.7 -2.1
4.7 -2
4.8 -4
4.8 -3.9
4.8 -3.8
4.8 -3.7
4.8 -3.6
4.8 -3.5
4.8 -3.4
4.8 -3.3
4.8 -3.2
4.8 -3.1
4.8 -3
4.8 -2.9
4.8 -2.8
4.8 -2.7
4.8 -2.6
4.8 -2.5
4.8 -2.4
4.8 -2.3
4.8 -2.2
4.8 -2.1
4.8 -2
4.9 -4
4.9 -3.9
4.9 -3.8
4.9 -3.7
4.9 -3.6
4.9 -3.5
4.9 -3.4
4.9 -3.3
4.9 -3.2
4.9 -3.1
4.9 -3
4.9 -2.9
4.9 -2.8
4.9 -2.7
4.9 -2.6
4.9 -2.5
4.9 -2.4
4.9 -2.3
4.9 -2.2
4.9 -2.1
4.9 -2
5 -4
5 -3.9
5 -3.8
5 -3.7
5 -3.6
5 -3.5
5 -3.4
5 -3.3
5 -3.2
5 -3.1
5 -3
5 -2.9
5 -2.8
5 -2.7
5 -2.6
5 -2.5
5 -2.4
5 -2.3
5 -2.2
5 -2.1
5 -2
5.1 -4
5.1 -3.9
5.1 -3.8
5.1 -3.7
5.1 -3.6
5.1 -3.5
5.1 -3.4
5.1 -3.3
5.1 -3.2
5.1 -3.1
5.1 -3
5.1 -2.9
5.1 -2.8
5.1 -2.7
5.1 -2.6
5.1 -2.5
5.1 -2.4
5.1 -2.3
5.1 -2.2
5.1 -2.1
5.1 -2
5.2 -4
5.2 -3.9
5.2 -3.8
5.2 -3.7
5.2 -3.6
5.2 -3.5
5.2 -3.4
5.2 -3.3
5.2 -3.2
5.2 -3.1
5.2 -3
5.2 -2.9
5.2 -2.8
5.2 -2.7
5.2 -2.6
5.2 -2.5
5.2 -2.4
5.2 -2.3
5.2 -2.2
5.2 -2.1
5.2 -2
5.3 -4
5.3 -3.9
5.3 -3.8
5.3 -3.7
5.3 -3.6
5.3 -3.5
5.3 -3.4
5.3 -3.3
5.3 -3.2
5.3 -3.1
5.3 -3
5.3 -2.9
5.3 -2.8
5.3 -2.7
5.3 -2.6
5.3 -2.5
5.3 -2.4
5.3 -2.3
5.3 -2.2
5.3 -2.1
5.3 -2
5.4 -4
5.4 -3.9
5.4 -3.8
5.4 -3.7
5.4 -3.6
5.4 -3.5
5.4 -3.4
5.4 -3.3
5.4 -3.2
5.4 -3.1
5.4 -3
5.4 -2.9
5.4 -2.8
5.4 -2.7
5.4 -2.6
5.4 -2.5
5.4 -2.4
5.4 -2.3
5.4 -2.2
5.4 -2.1
5.4 -2
5.5 -4
5.5 -3.9
5.5 -3.8
5.5 -3.7
5.5 -3.6
5.5 -3.5
5.5 -3.4
5.5 -3.3
5.5 -3.2
5.5 -3.1
5.5 -3
5.5 -2.9
5.5 -2.8
5.5 -2.7
5.5 -2.6
5.5 -2.5
5.5 -2.4
5.5 -2.3
5.5 -2.2
5.5 -2.1
5.5 -2
5.6 -4
5.6 -3.9
5.6 -3.8
5.6 -3.7
5.6 -3.6
5.6 -3.5
5.6 -3.4
5.6 -3.3
5.6 -3.2
5.6 -3.1
5.6 -3
5.6 -2.9
5.6 -2.8
5.6 -2.7
5.6 -2.6
5.6 -2.5
5.6 -2.4
5.6 -2.3
5.6 -2.2
5.6 -2.1
5.6 -2
table: 3.77305 -2.85174 -1 1 80
3.69983 -2.93551
3.73253 -2.89768
3.69469 -2.86499
3.662 -2.90282
3.95438 -3.02331
3.94924 -2.95278
3.91654 -2.99062
3.88385 -3.02845
3.98193 -2.91495
3.85116 -3.06628
3.77036 -2.93037
4.01462 -2.87712
3.9441 -2.88226
3.9114 -2.92009
3.87871 -2.95792
3.84602 -2.99576
3.81333 -3.03359
3.97679 -2.84443
3.66714 -2.97334
4.00948 -2.8066
3.62931 -2.94065
3.78064 -3.07142
3.74794 -3.10925
3.93896 -2.81174
3.90626 -2.84957
3.87357 -2.8874
3.84088 -2.92523
3.80819 -2.96306
3.7755 -3.0009
3.97165 -2.77391
3.7428 -3.03873
3.71011 -3.07656
3.93382 -2.74121
3.90112 -2.77905
3.86843 -2.81688
3.83574 -2.85471
3.80305 -2.89254
3.73766 -2.9682
3.70497 -3.00603
3.67228 -3.04387
3.96651 -2.70338
3.89599 -2.70852
3.86329 -2.74635
3.8306 -2.78418
3.79791 -2.82202
3.76522 -2.85985
3.63445 -3.01117
3.92868 -2.67069
3.85815 -2.67583
3.82546 -2.71366
3.79277 -2.75149
3.76008 -2.78932
3.72739 -2.82716
3.59662 -2.97848
3.89085 -2.638
3.82032 -2.64314
3.78763 -2.68097
3.75494 -2.7188
3.72225 -2.75663
3.68955 -2.79446
3.65686 -2.8323
3.62417 -2.87013
3.59148 -2.90796
3.55879 -2.94579
3.7498 -2.64828
3.71711 -2.68611
3.68441 -2.72394
3.65172 -2.76177
3.61903 -2.7996
3.58634 -2.83744
3.55365 -2.87527
3.78249 -2.61045
3.52095 -2.9131
3.67928 -2.65342
3.64658 -2.69125
3.61389 -2.72908
3.5812 -2.76691
3.54851 -2.80474
3.71197 -2.61558
3.51581 -2.84257
