OR: 1.09959 -2.65179 4.58169 4.01788e-38 16
0.949594 -2.80179
0.949594 -2.70179
0.949594 -2.60179
0.949594 -2.50179
1.04959 -2.80179
1.04959 -2.70179
1.04959 -2.60179
1.04959 -2.50179
1.14959 -2.80179
1.14959 -2.70179
1.14959 -2.60179
1.14959 -2.50179
1.24959 -2.80179
1.24959 -2.70179
1.24959 -2.60179
1.24959 -2.50179
CR: 2.90321 -3.85748 5.8438 0.5 16
2.75321 -4.00748
2.75321 -3.90748
2.75321 -3.80748
2.75321 -3.70748
2.85321 -4.00748
2.85321 -3.90748
2.85321 -3.80748
2.85321 -3.70748
2.95321 -4.00748
2.95321 -3.90748
2.95321 -3.80748
2.95321 -3.70748
3.05321 -4.00748
3.05321 -3.90748
3.05321 -3.80748
3.05321 -3.70748
meetingroom: -4.45 -3.37963 3.1416 1 108
-5.2 -4.9
-5.2 -4.8
-5.2 -4.7
-5.2 -4.6
-5.2 -2.5
-5.2 -2.4
-5.2 -2.3
-5.2 -2.2
-5.2 -2.1
-5.2 -2
-5.2 -1.9
-5.2 -1.8
-5.2 -1.7
-5.2 -1.6
-5.2 -1.5
-5.2 -1.4
-5.2 -1.3
-5.2 -1.2
-5.1 -5
-5.1 -4.9
-5.1 -4.8
-5.1 -4.7
-5.1 -4.6
-5.1 -4.5
-5.1 -4.4
-5.1 -4.3
-5.1 -4.2
-5.1 -4.1
-5.1 -4
-5.1 -3.9
-5.1 -3.8
-5.1 -3.7
-5.1 -3.6
-5.1 -3.5
-5.1 -3.4
-5.1 -3.3
-5.1 -3.2
-5.1 -3.1
-5.1 -3
-5.1 -2.9
-5.1 -2.8
-5.1 -2.7
-5.1 -2.6
-5.1 -2.5
-5.1 -1.2
-5 -5
-5 -4.9
-5 -1.2
-4.9 -5
-4.9 -4.9
-4.9 -1.2
-4.8 -5
-4.8 -4.9
-4.8 -1.2
-4.7 -5
-4.7 -4.9
-4.7 -1.2
-4.6 -5
-4.6 -4.9
-4.6 -1.2
-4.5 -5
-4.5 -4.9
-4.5 -1.2
-4.4 -5
-4.4 -4.9
-4.4 -1.2
-4.3 -5
-4.3 -4.9
-4.3 -1.2
-4.2 -5
-4.2 -4.9
-4.2 -1.2
-4.1 -5
-4.1 -4.9
-4.1 -1.2
-4 -5
-4 -4.9
-4 -1.2
-3.9 -5
-3.9 -4.9
-3.9 -1.2
-3.8 -5
-3.8 -4.9
-3.8 -1.2
-3.7 -5
-3.7 -4.9
-3.7 -1.2
-3.6 -5
-3.6 -4.9
-3.6 -1.2
-3.5 -4.9
-3.5 -1.2
-3.4 -4.9
-3.4 -1.2
-3.3 -4.9
-3.3 -1.2
-3.2 -4.9
-3.2 -1.2
-3.1 -4.9
-3.1 -1.2
-3 -4.9
-3 -1.2
-2.9 -4.9
-2.9 -1.2
-2.8 -4.9
-2.8 -1.2
-2.7 -4.9
-2.7 -1.2
studioroom: -0.978142 3.95603 1.5708 1 398
-5.2 0.1
-5.2 0.2
-5.2 0.3
-5.2 0.4
-5.2 0.5
-5.2 0.6
-5.2 0.7
-5.2 0.8
-5.2 0.9
-5.2 1
-5.2 1.1
-5.2 1.2
-5.2 1.3
-5.2 1.4
-5.2 1.5
-5.2 1.6
-5.2 1.7
-5.2 1.8
-5.2 1.9
-5.2 2
-5.2 2.1
-5.2 2.2
-5.2 2.3
-5.2 2.4
-5.2 2.5
-5.2 2.6
-5.2 4.8
-5.2 4.9
-5.2 5
-5.2 5.1
-5.2 5.2
-5.2 5.3
-5.2 5.4
-5.2 5.5
-5.2 5.6
-5.2 5.7
-5.2 5.8
-5.2 5.9
-5.1 0
-5.1 0.1
-5.1 0.2
-5.1 0.3
-5.1 0.4
-5.1 0.5
-5.1 0.6
-5.1 0.7
-5.1 0.8
-5.1 0.9
-5.1 1
-5.1 1.1
-5.1 1.2
-5.1 1.3
-5.1 1.4
-5.1 1.5
-5.1 1.6
-5.1 1.7
-5.1 1.8
-5.1 1.9
-5.1 2
-5.1 2.1
-5.1 2.2
-5.1 2.3
-5.1 2.4
-5.1 2.5
-5.1 2.6
-5.1 2.7
-5.1 2.8
-5.1 2.9
-5.1 3
-5.1 3.1
-5.1 3.2
-5.1 3.3
-5.1 3.4
-5.1 3.5
-5.1 3.6
-5.1 3.7
-5.1 3.8
-5.1 3.9
-5.1 4
-5.1 4.1
-5.1 4.2
-5.1 4.3
-5.1 4.4
-5.1 4.5
-5.1 4.6
-5.1 4.7
-5.1 4.8
-5.1 4.9
-5.1 5
-5.1 5.1
-5.1 5.2
-5.1 5.3
-5.1 5.4
-5.1 5.5
-5.1 5.6
-5.1 5.7
-5.1 5.8
-5.1 5.9
-5.1 6
-5.1 6.1
-5.1 6.2
-5.1 6.3
-5.1 6.4
-5.1 6.5
-5.1 6.6
-5.1 6.7
-5.1 6.8
-5.1 6.9
-5 0
-5 0.1
-5 1.3
-5 1.4
-5 1.5
-5 1.6
-5 1.7
-5 6.8
-5 6.9
-4.9 0
-4.9 0.1
-4.9 6.8
-4.9 6.9
-4.8 0
-4.8 0.1
-4.8 6.8
-4.8 6.9
-4.7 0
-4.7 0.1
-4.7 6.8
-4.7 6.9
-4.6 0
-4.6 0.1
-4.6 6.8
-4.6 6.9
-4.5 0.1
-4.5 6.8
-4.5 6.9
-4.4 0.1
-4.4 6.8
-4.4 6.9
-4.3 0.1
-4.3 6.8
-4.3 6.9
-4.2 0.1
-4.2 6.8
-4.2 6.9
-4.1 0.1
-4.1 6.8
-4.1 6.9
-4 0.1
-4 6.8
-3.9 0.1
-3.9 6.8
-3.8 0.1
-3.8 6.8
-3.7 0.1
-3.7 6.8
-3.6 0.1
-3.6 6.8
-3.5 0.1
-3.5 6.8
-3.4 0.1
-3.4 6.8
-3.3 0.1
-3.3 6.8
-3.2 0.1
-3.2 6.8
-3.1 0.1
-3.1 6.8
-3 0.1
-3 6.8
-2.9 0.1
-2.9 6.8
-2.8 0.1
-2.8 6.8
-2.7 -0.2
-2.7 -0.1
-2.7 0
-2.7 0.1
-2.7 6.8
-2.6 6.6
-2.6 6.8
-2.5 6.6
-2.4 6.6
-2.3 6.6
-2.2 6.6
-2.1 6.6
-2 6.6
-1.9 6.6
-1.8 6.6
-1.8 6.7
-1.7 6.7
-1.6 0.1
-1.6 6.7
-1.6 6.8
-1.5 0.1
-1.5 6.7
-1.5 6.8
-1.4 0.1
-1.4 6.7
-1.4 6.8
-1.3 0.1
-1.3 6.7
-1.3 6.8
-1.2 0.1
-1.2 6.7
-1.2 6.8
-1.1 0.1
-1.1 6.7
-1.1 6.8
-1 0.1
-1 6.7
-1 6.8
-0.9 0.1
-0.9 6.7
-0.9 6.8
-0.8 0.1
-0.8 6.7
-0.8 6.8
-0.7 0.1
-0.7 6.7
-0.7 6.8
-0.6 0.1
-0.6 6.7
-0.6 6.8
-0.5 0.1
-0.5 6.7
-0.5 6.8
-0.4 0.1
-0.4 6.7
-0.4 6.8
-0.3 0.1
-0.3 6.7
-0.3 6.8
-0.2 0.1
-0.2 6.7
-0.2 6.8
-0.1 0.1
-0.1 6.7
-0.1 6.8
0 0.1
0 6.7
0 6.8
0.1 0.1
0.1 6.7
0.1 6.8
0.2 0.1
0.2 6.7
0.2 6.8
0.3 0.1
0.3 6.7
0.3 6.8
0.4 0.1
0.4 6.7
0.4 6.8
0.5 0.1
0.5 6.7
0.5 6.8
0.6 0.1
0.6 6.7
0.6 6.8
0.7 0.1
0.7 6.7
0.7 6.8
0.8 0.1
0.8 6.7
0.8 6.8
0.9 0.1
0.9 6.7
0.9 6.8
1 0.1
1 6.8
1.1 0.1
1.1 6.8
1.2 0.1
1.2 6.8
1.3 0.1
1.3 6.8
1.4 0.1
1.4 6.8
1.5 0.1
1.5 6.8
1.6 0.1
1.6 6.8
1.7 0.1
1.7 6.8
1.8 0.1
1.8 6.8
1.9 0.1
1.9 6.8
2 0.1
2 6.8
2.1 0.1
2.1 6.8
2.2 0.1
2.2 6.8
2.3 0.1
2.3 6.8
2.4 0.1
2.4 6.8
2.5 0.1
2.5 6.8
2.6 0.1
2.6 6.8
2.7 0.1
2.7 6.8
2.8 0.1
2.8 6.8
2.9 0.1
2.9 6.8
3 0.1
3 6.8
3.1 6.8
3.2 6.8
3.3 6.8
3.3 6.9
3.4 6.8
3.4 6.9
3.5 6.8
3.5 6.9
3.6 6.8
3.6 6.9
3.7 6.8
3.7 6.9
3.8 6.8
3.8 6.9
3.9 6.8
3.9 6.9
4 6.8
4 6.9
4.1 6.9
4.2 6.9
4.3 6.9
4.4 6.9
4.5 6.9
4.6 6.9
4.7 6.9
4.8 6.9
4.9 6.9
5 6.9
5.1 6.9
5.2 6.2
5.2 6.3
5.2 6.4
5.2 6.5
5.2 6.6
5.2 6.7
5.2 6.8
5.2 6.9
5.3 0.7
5.3 0.8
5.3 0.9
5.3 1
5.3 1.1
5.3 1.2
5.3 1.3
5.3 1.4
5.3 1.5
5.3 1.6
5.3 1.7
5.3 1.8
5.3 1.9
5.3 2
5.3 2.1
5.3 2.2
5.3 2.3
5.3 2.4
5.3 2.5
5.3 2.6
5.3 2.7
5.3 2.8
5.3 2.9
5.3 3
5.3 3.1
5.3 3.2
5.3 3.3
5.3 3.4
5.3 3.5
5.3 3.6
5.3 3.7
5.3 3.8
5.3 3.9
5.3 4
5.3 4.1
5.3 4.2
5.3 4.3
5.3 4.4
5.3 4.5
5.3 4.6
5.3 4.7
5.3 4.8
5.3 5.5
5.3 5.6
5.3 5.7
5.3 5.8
5.3 5.9
5.3 6
5.3 6.1
5.3 6.2
officeroom: 1.95993 -2.91324 0 1 272
-1.4 -1.2
-1.3 -1.2
-1.2 -1.2
-1.1 -1.2
-1 -1.2
-0.8 -2
-0.8 -2.1
-0.8 -2.4
-0.8 -2.5
-0.8 -2.6
-0.8 -2.7
-0.8 -2.8
-0.8 -2.9
-0.8 -3
-0.8 -3.1
-0.8 -3.2
-0.8 -3.3
-0.8 -3.4
-0.8 -3.5
-0.8 -3.6
-0.8 -3.7
-0.8 -3.8
-0.8 -3.9
-0.9 -1.2
-0.8 -5
-0.8 -4.9
-0.8 -4.8
-0.8 -4.7
-0.8 -4.6
-0.8 -4.5
-0.8 -4.4
-0.8 -4.3
-0.8 -4.2
-0.8 -4.1
-0.8 -2.3
-0.8 -2.2
-0.8 -1.2
-1.5 -2
-1.5 -2.1
-1.5 -2.4
-1.5 -2.5
-1.5 -2.6
-1.5 -2.7
-1.5 -2.8
-1.5 -2.9
-1.5 -3
-1.5 -3.1
-1.5 -3.2
-1.5 -3.3
-1.5 -3.4
-1.5 -3.5
-1.5 -3.6
-1.5 -3.7
-1.5 -3.8
-1.5 -3.9
-1.5 -1.2
-1.5 -5
-1.5 -4.9
-1.5 -4.8
-1.5 -4.7
-1.5 -4.6
-1.5 -4.5
-1.5 -4.4
-1.5 -4.3
-1.5 -4.2
-1.5 -4.1
-1.5 -2.3
-1.5 -2.2
-1.5 -1.2
-0.7 -5
-0.7 -1.2
-0.6 -5
-0.6 -1.2
-0.5 -5
-0.5 -1.2
-0.4 -5
-0.4 -1.2
-0.3 -5
-0.3 -1.2
-0.2 -5
-0.2 -1.3
-0.2 -1.2
-0.1 -5
-0.1 -4.9
-0.1 -1.3
-0.1 -1.2
0 -4.9
0 -1.3
0 -1.2
0.1 -4.9
0.1 -1.3
0.1 -1.2
0.2 -4.9
0.2 -1.3
0.2 -1.2
0.3 -4.9
0.3 -1.3
0.3 -1.2
0.4 -4.9
0.4 -1.3
0.4 -1.2
0.5 -4.9
0.5 -1.2
0.6 -4.9
0.6 -1.2
0.7 -4.9
0.7 -1.2
0.8 -4.9
0.8 -1.2
0.9 -4.9
0.9 -1.2
1 -4.9
1 -1.2
1.1 -4.9
1.1 -1.2
1.2 -4.9
1.2 -1.2
1.3 -4.9
1.3 -1.2
1.4 -4.9
1.4 -1.2
1.5 -4.9
1.5 -1.2
1.6 -4.9
1.6 -1.2
1.7 -4.9
1.7 -1.2
1.8 -4.9
1.8 -1.2
1.9 -4.9
1.9 -1.2
2 -4.9
2 -1.2
2.1 -4.9
2.1 -1.2
2.2 -4.9
2.2 -1.2
2.2 -1.1
2.3 -4.9
2.3 -1.2
2.3 -1.1
2.4 -4.9
2.4 -4.8
2.4 -1.2
2.4 -1.1
2.5 -4.8
2.5 -1.2
2.5 -1.1
2.6 -4.8
2.6 -1.2
2.6 -1.1
2.7 -4.8
2.7 -1.2
2.7 -1.1
2.8 -4.8
2.8 -1.2
2.8 -1.1
2.9 -4.9
2.9 -4.8
2.9 -1.2
2.9 -1.1
3 -4.9
3 -4.8
3 -1.2
3 -1.1
3.1 -4.9
3.1 -4.8
3.1 -1.2
3.1 -1.1
3.2 -4.9
3.2 -4.8
3.2 -1.1
3.3 -4.9
3.3 -1.1
3.4 -4.9
3.4 -1.1
3.5 -4.9
3.5 -1.1
3.6 -4.9
3.6 -1.1
3.7 -4.9
3.7 -1.1
3.7 -1
3.8 -4.9
3.8 -1.1
3.8 -1
3.9 -4.9
3.9 -1.1
3.9 -1
4 -5
4 -4.9
4 -1.1
4 -1
4.1 -5
4.1 -4.9
4.1 -1.1
4.1 -1
4.2 -5
4.2 -4.9
4.2 -1.1
4.2 -1
4.3 -5
4.3 -4.9
4.3 -1.1
4.3 -1
4.4 -5
4.4 -4.9
4.4 -1.1
4.4 -1
4.5 -4.9
4.5 -1.1
4.5 -1
4.6 -4.9
4.6 -1
4.7 -4.9
4.7 -1
4.8 -4.9
4.8 -1
4.9 -4.9
4.9 -1
5 -4.9
5 -1
5.1 -4.9
5.1 -1
5.2 -4.9
5.2 -1.6
5.2 -1.5
5.2 -1.4
5.2 -1.3
5.2 -1.2
5.2 -1.1
5.2 -1
5.3 -4.9
5.3 -4.8
5.3 -4.7
5.3 -4.6
5.3 -4.5
5.3 -4.4
5.3 -4.3
5.3 -4.2
5.3 -4.1
5.3 -4
5.3 -3.9
5.3 -3.8
5.3 -3.7
5.3 -3.6
5.3 -3.5
5.3 -3.4
5.3 -3.3
5.3 -3.2
5.3 -3.1
5.3 -3
5.3 -2.9
5.3 -2.8
5.3 -2.7
5.3 -2.6
5.3 -2.5
5.3 -2.4
5.3 -2.3
5.3 -2.2
5.3 -2.1
5.3 -2
5.3 -1.9
5.3 -1.8
5.3 -1.7
5.3 -1.6
5.3 -1.5
5.3 -1.4
5.3 -1.3
5.3 -1.2
5.3 -1.1
5.3 -1
room: 1.95993 -2.91324 0 1 272
-1.4 -1.2
-1.3 -1.2
-1.2 -1.2
-1.1 -1.2
-1 -1.2
-0.8 -2
-0.8 -2.1
-0.8 -2.4
-0.8 -2.5
-0.8 -2.6
-0.8 -2.7
-0.8 -2.8
-0.8 -2.9
-0.8 -3
-0.8 -3.1
-0.8 -3.2
-0.8 -3.3
-0.8 -3.4
-0.8 -3.5
-0.8 -3.6
-0.8 -3.7
-0.8 -3.8
-0.8 -3.9
-0.9 -1.2
-0.8 -5
-0.8 -4.9
-0.8 -4.8
-0.8 -4.7
-0.8 -4.6
-0.8 -4.5
-0.8 -4.4
-0.8 -4.3
-0.8 -4.2
-0.8 -4.1
-0.8 -2.3
-0.8 -2.2
-0.8 -1.2
-1.5 -2
-1.5 -2.1
-1.5 -2.4
-1.5 -2.5
-1.5 -2.6
-1.5 -2.7
-1.5 -2.8
-1.5 -2.9
-1.5 -3
-1.5 -3.1
-1.5 -3.2
-1.5 -3.3
-1.5 -3.4
-1.5 -3.5
-1.5 -3.6
-1.5 -3.7
-1.5 -3.8
-1.5 -3.9
-1.5 -1.2
-1.5 -5
-1.5 -4.9
-1.5 -4.8
-1.5 -4.7
-1.5 -4.6
-1.5 -4.5
-1.5 -4.4
-1.5 -4.3
-1.5 -4.2
-1.5 -4.1
-1.5 -2.3
-1.5 -2.2
-1.5 -1.2
-0.7 -5
-0.7 -1.2
-0.6 -5
-0.6 -1.2
-0.5 -5
-0.5 -1.2
-0.4 -5
-0.4 -1.2
-0.3 -5
-0.3 -1.2
-0.2 -5
-0.2 -1.3
-0.2 -1.2
-0.1 -5
-0.1 -4.9
-0.1 -1.3
-0.1 -1.2
0 -4.9
0 -1.3
0 -1.2
0.1 -4.9
0.1 -1.3
0.1 -1.2
0.2 -4.9
0.2 -1.3
0.2 -1.2
0.3 -4.9
0.3 -1.3
0.3 -1.2
0.4 -4.9
0.4 -1.3
0.4 -1.2
0.5 -4.9
0.5 -1.2
0.6 -4.9
0.6 -1.2
0.7 -4.9
0.7 -1.2
0.8 -4.9
0.8 -1.2
0.9 -4.9
0.9 -1.2
1 -4.9
1 -1.2
1.1 -4.9
1.1 -1.2
1.2 -4.9
1.2 -1.2
1.3 -4.9
1.3 -1.2
1.4 -4.9
1.4 -1.2
1.5 -4.9
1.5 -1.2
1.6 -4.9
1.6 -1.2
1.7 -4.9
1.7 -1.2
1.8 -4.9
1.8 -1.2
1.9 -4.9
1.9 -1.2
2 -4.9
2 -1.2
2.1 -4.9
2.1 -1.2
2.2 -4.9
2.2 -1.2
2.2 -1.1
2.3 -4.9
2.3 -1.2
2.3 -1.1
2.4 -4.9
2.4 -4.8
2.4 -1.2
2.4 -1.1
2.5 -4.8
2.5 -1.2
2.5 -1.1
2.6 -4.8
2.6 -1.2
2.6 -1.1
2.7 -4.8
2.7 -1.2
2.7 -1.1
2.8 -4.8
2.8 -1.2
2.8 -1.1
2.9 -4.9
2.9 -4.8
2.9 -1.2
2.9 -1.1
3 -4.9
3 -4.8
3 -1.2
3 -1.1
3.1 -4.9
3.1 -4.8
3.1 -1.2
3.1 -1.1
3.2 -4.9
3.2 -4.8
3.2 -1.1
3.3 -4.9
3.3 -1.1
3.4 -4.9
3.4 -1.1
3.5 -4.9
3.5 -1.1
3.6 -4.9
3.6 -1.1
3.7 -4.9
3.7 -1.1
3.7 -1
3.8 -4.9
3.8 -1.1
3.8 -1
3.9 -4.9
3.9 -1.1
3.9 -1
4 -5
4 -4.9
4 -1.1
4 -1
4.1 -5
4.1 -4.9
4.1 -1.1
4.1 -1
4.2 -5
4.2 -4.9
4.2 -1.1
4.2 -1
4.3 -5
4.3 -4.9
4.3 -1.1
4.3 -1
4.4 -5
4.4 -4.9
4.4 -1.1
4.4 -1
4.5 -4.9
4.5 -1.1
4.5 -1
4.6 -4.9
4.6 -1
4.7 -4.9
4.7 -1
4.8 -4.9
4.8 -1
4.9 -4.9
4.9 -1
5 -4.9
5 -1
5.1 -4.9
5.1 -1
5.2 -4.9
5.2 -1.6
5.2 -1.5
5.2 -1.4
5.2 -1.3
5.2 -1.2
5.2 -1.1
5.2 -1
5.3 -4.9
5.3 -4.8
5.3 -4.7
5.3 -4.6
5.3 -4.5
5.3 -4.4
5.3 -4.3
5.3 -4.2
5.3 -4.1
5.3 -4
5.3 -3.9
5.3 -3.8
5.3 -3.7
5.3 -3.6
5.3 -3.5
5.3 -3.4
5.3 -3.3
5.3 -3.2
5.3 -3.1
5.3 -3
5.3 -2.9
5.3 -2.8
5.3 -2.7
5.3 -2.6
5.3 -2.5
5.3 -2.4
5.3 -2.3
5.3 -2.2
5.3 -2.1
5.3 -2
5.3 -1.9
5.3 -1.8
5.3 -1.7
5.3 -1.6
5.3 -1.5
5.3 -1.4
5.3 -1.3
5.3 -1.2
5.3 -1.1
5.3 -1
table: 1.03508 -3.4561 -1 1 142
0.982286 -3.54434
0.932712 -3.53782
0.71487 -3.66048
0.764444 -3.667
0.988801 -3.49476
0.939228 -3.48825
0.814018 -3.67351
0.863591 -3.68003
0.913165 -3.68654
0.919681 -3.63697
0.870107 -3.63045
0.820533 -3.62394
0.77096 -3.61742
0.721386 -3.61091
1.01883 -3.65
0.969254 -3.64349
1.0684 -3.65652
0.671812 -3.60439
1.11798 -3.66303
1.16755 -3.66955
1.21712 -3.67606
1.03838 -3.50128
1.2667 -3.68258
1.31627 -3.6891
1.37236 -3.64604
1.32279 -3.63952
1.27321 -3.63301
1.22364 -3.62649
1.17406 -3.61997
1.12449 -3.61346
1.07492 -3.60694
1.02534 -3.60043
0.926196 -3.5874
0.876623 -3.58088
0.827049 -3.57436
0.777475 -3.56785
0.727902 -3.56133
0.678328 -3.55482
1.42193 -3.65255
0.995317 -3.44519
1.42845 -3.60298
1.37887 -3.59646
1.3293 -3.58995
1.27973 -3.58343
1.23015 -3.57692
1.18058 -3.5704
1.13101 -3.56388
1.08143 -3.55737
1.03186 -3.55085
0.883138 -3.53131
0.833565 -3.52479
0.783991 -3.51827
0.734418 -3.51176
0.684844 -3.50524
1.38539 -3.54689
1.33582 -3.54037
1.28624 -3.53386
1.23667 -3.52734
1.1871 -3.52083
1.13752 -3.51431
1.08795 -3.5078
0.889654 -3.48173
0.840081 -3.47522
0.790507 -3.4687
0.740933 -3.46219
0.69136 -3.45567
1.04489 -3.45171
0.945744 -3.43867
0.89617 -3.43216
0.846596 -3.42564
0.797023 -3.41913
0.747449 -3.41261
0.697875 -3.4061
1.39191 -3.49732
1.34233 -3.4908
1.29276 -3.48428
1.24319 -3.47777
1.19361 -3.47125
1.14404 -3.46474
1.09446 -3.45822
1.39842 -3.44774
1.34885 -3.44123
1.29927 -3.43471
1.2497 -3.4282
1.20013 -3.42168
1.15055 -3.41516
1.10098 -3.40865
1.05141 -3.40213
1.00183 -3.39562
0.952259 -3.3891
0.902686 -3.38259
0.853112 -3.37607
0.803538 -3.36955
0.753965 -3.36304
0.704391 -3.35652
1.40494 -3.39817
1.35536 -3.39165
1.30579 -3.38514
1.25622 -3.37862
1.20664 -3.37211
1.15707 -3.36559
1.1075 -3.35907
1.05792 -3.35256
1.00835 -3.34604
0.958775 -3.33953
0.909201 -3.33301
0.859628 -3.3265
0.810054 -3.31998
0.760481 -3.31346
0.710907 -3.30695
1.41145 -3.3486
1.36188 -3.34208
1.31231 -3.33556
1.26273 -3.32905
1.21316 -3.32253
1.16359 -3.31602
1.11401 -3.3095
1.06444 -3.30299
1.01486 -3.29647
0.965291 -3.28995
0.915717 -3.28344
0.866144 -3.27692
0.81657 -3.27041
0.766996 -3.26389
0.717423 -3.25738
0.667849 -3.25086
1.41797 -3.29902
1.3684 -3.29251
1.31882 -3.28599
1.26925 -3.27947
1.21967 -3.27296
1.1701 -3.26644
1.12053 -3.25993
1.07095 -3.25341
1.02138 -3.2469
0.971807 -3.24038
0.922233 -3.23386
0.872659 -3.22735
0.823086 -3.22083
0.773512 -3.21432
0.723938 -3.2078
0.674365 -3.20129
table: 3.89593 -4.15102 -1 1 542
4.50746 -4.65956
4.49734 -4.58958
4.46741 -4.62963
4.43747 -4.66968
4.52727 -4.54953
4.48722 -4.5196
4.45729 -4.55965
4.42736 -4.59969
4.39742 -4.63974
4.51716 -4.47955
4.36749 -4.67979
4.47711 -4.44961
4.44717 -4.48966
4.41724 -4.52971
4.38731 -4.56976
4.35737 -4.60981
4.32744 -4.64986
4.50704 -4.40956
4.53697 -4.36951
4.29751 -4.68991
4.49692 -4.33958
4.46699 -4.37963
4.43706 -4.41968
4.40712 -4.45973
4.37719 -4.49978
4.34726 -4.53983
4.31732 -4.57988
4.28739 -4.61993
4.25746 -4.65998
4.52686 -4.29953
4.48681 -4.2696
4.45688 -4.30965
4.42694 -4.3497
4.39701 -4.38974
4.36707 -4.42979
4.33714 -4.46984
4.30721 -4.50989
4.27727 -4.54994
4.24734 -4.58999
4.21741 -4.63004
4.18747 -4.67009
4.51674 -4.22955
4.50663 -4.15956
4.47669 -4.19961
4.44676 -4.23966
4.41683 -4.27971
4.38689 -4.31976
4.35696 -4.35981
4.32702 -4.39986
4.29709 -4.43991
4.26716 -4.47996
4.23722 -4.52001
4.20729 -4.56006
4.17736 -4.60011
4.14742 -4.64016
4.11749 -4.68021
4.53656 -4.11951
4.49651 -4.08958
4.46658 -4.12963
4.43664 -4.16968
4.40671 -4.20973
4.37678 -4.24978
4.34684 -4.28983
4.31691 -4.32988
4.28697 -4.36993
4.25704 -4.40998
4.22711 -4.45003
4.19717 -4.49008
4.16724 -4.53013
4.13731 -4.57018
4.10737 -4.61023
4.07744 -4.65028
4.52644 -4.04953
4.04751 -4.69033
4.48639 -4.0196
4.45646 -4.05965
4.42653 -4.0997
4.39659 -4.13975
4.36666 -4.1798
4.33673 -4.21984
4.30679 -4.25989
4.27686 -4.29994
4.24693 -4.33999
4.21699 -4.38004
4.18706 -4.42009
4.15712 -4.46014
4.12719 -4.50019
4.09726 -4.54024
4.06732 -4.58029
4.03739 -4.62034
4.00746 -4.66039
4.51633 -3.97955
4.50621 -3.90956
4.47628 -3.94961
4.44634 -3.98966
4.41641 -4.02971
4.38648 -4.06976
4.35654 -4.10981
4.32661 -4.14986
4.29668 -4.18991
4.26674 -4.22996
4.23681 -4.27001
4.20688 -4.31006
4.17694 -4.35011
4.14701 -4.39016
4.11707 -4.43021
4.08714 -4.47026
4.05721 -4.51031
4.02727 -4.55036
3.99734 -4.59041
3.96741 -4.63046
3.93747 -4.67051
3.93706 -4.42051
3.89701 -4.39057
4.53615 -3.86951
3.92694 -4.35052
4.4961 -3.83958
4.46616 -3.87963
4.43623 -3.91968
4.40629 -3.95973
4.37636 -3.99978
4.34643 -4.03983
4.31649 -4.07988
4.28656 -4.11993
4.25663 -4.15998
4.22669 -4.20003
4.19676 -4.24008
4.16683 -4.28013
4.13689 -4.32018
4.10696 -4.36023
4.07702 -4.40028
4.04709 -4.44033
4.01716 -4.48038
3.98722 -4.52042
3.95729 -4.56047
3.92736 -4.60052
3.89742 -4.64057
4.52603 -3.79953
3.86708 -4.43062
3.86749 -4.68062
3.85696 -4.36064
3.82703 -4.40069
4.48598 -3.7696
4.45605 -3.80965
4.42611 -3.8497
4.39618 -3.88975
4.36624 -3.9298
4.33631 -3.96985
4.30638 -4.00989
4.27644 -4.04994
4.24651 -4.08999
4.21658 -4.13004
4.18664 -4.17009
4.15671 -4.21014
4.12678 -4.25019
4.09684 -4.29024
4.06691 -4.33029
4.03698 -4.37034
4.00704 -4.41039
3.94717 -4.49049
3.91724 -4.53054
3.88731 -4.57059
3.85737 -4.61064
3.82744 -4.65069
4.51591 -3.72955
3.78698 -4.37076
3.79751 -4.69074
4.5058 -3.65956
4.47586 -3.69961
4.44593 -3.73966
4.416 -3.77971
4.38606 -3.81976
4.35613 -3.85981
4.32619 -3.89986
4.29626 -3.93991
4.26633 -3.97996
4.23639 -4.02001
4.20646 -4.06006
4.17653 -4.10011
4.14659 -4.14016
4.11666 -4.18021
4.08673 -4.22026
4.05679 -4.26031
4.02686 -4.30036
3.99693 -4.34041
3.96699 -4.38046
3.81691 -4.33071
3.87719 -4.50061
3.84726 -4.54066
3.81732 -4.58071
3.78739 -4.62076
3.75746 -4.66081
4.43581 -3.66968
4.40588 -3.70973
4.37595 -3.74978
4.34601 -3.78983
4.31608 -3.82988
4.28615 -3.86993
4.25621 -3.90998
4.22628 -3.95003
4.19634 -3.99008
4.16641 -4.03013
4.13648 -4.07018
4.10654 -4.11023
4.07661 -4.15028
4.04668 -4.19033
4.01674 -4.23038
3.98681 -4.27043
3.95688 -4.31048
3.75704 -4.41081
3.83714 -4.47067
3.80721 -4.51072
3.77727 -4.55077
3.74734 -4.59082
3.71741 -4.63087
3.68747 -4.67092
4.39576 -3.63975
4.36583 -3.6798
4.3359 -3.71985
4.30596 -3.7599
4.27603 -3.79994
4.2461 -3.83999
4.21616 -3.88004
4.18623 -3.92009
4.15629 -3.96014
4.12636 -4.00019
4.09643 -4.04024
4.06649 -4.08029
4.03656 -4.12034
4.00663 -4.16039
3.97669 -4.20044
3.94676 -4.24049
3.91683 -4.28054
3.88689 -4.32059
3.79709 -4.44074
3.76716 -4.48079
3.73722 -4.52084
3.70729 -4.56089
3.67736 -4.60094
3.64742 -4.64099
3.61749 -4.68104
4.32578 -3.64986
4.29585 -3.68991
4.26591 -3.72996
4.23598 -3.77001
4.20605 -3.81006
4.17611 -3.85011
4.14618 -3.89016
4.11625 -3.93021
4.08631 -3.97026
4.05638 -4.01031
4.02644 -4.05036
3.99651 -4.09041
3.96658 -4.13046
3.93664 -4.17051
3.90671 -4.21056
3.87678 -4.25061
3.84684 -4.29066
3.72711 -4.45086
3.69717 -4.49091
3.66724 -4.53096
3.63731 -4.57101
3.60737 -4.61106
3.57744 -4.6511
3.54751 -4.69115
4.2558 -3.65998
4.22586 -3.70003
4.19593 -3.74008
4.166 -3.78013
4.13606 -3.82018
4.10613 -3.86023
4.0762 -3.90028
4.04626 -3.94033
4.01633 -3.98038
3.98639 -4.02043
3.95646 -4.06048
3.92653 -4.10053
3.89659 -4.14057
3.86666 -4.18062
3.83673 -4.22067
3.80679 -4.26072
3.77686 -4.30077
3.74693 -4.34082
3.71699 -4.38087
3.68706 -4.42092
3.65713 -4.46097
3.62719 -4.50102
3.59726 -4.54107
3.56732 -4.58112
3.53739 -4.62117
3.50746 -4.66122
4.18581 -3.67009
4.15588 -3.71014
4.12595 -3.75019
4.09601 -3.79024
4.06608 -3.83029
4.03615 -3.87034
4.00621 -3.91039
3.97628 -3.95044
3.94634 -3.99049
3.91641 -4.03054
3.88648 -4.07059
3.85654 -4.11064
3.82661 -4.15069
3.79668 -4.19074
3.76674 -4.23079
3.73681 -4.27084
3.70688 -4.31089
3.67694 -4.35094
3.64701 -4.39099
3.61708 -4.43104
3.58714 -4.47109
3.55721 -4.51114
3.52727 -4.55119
3.49734 -4.59124
3.46741 -4.63129
3.43747 -4.67134
4.14576 -3.64016
4.11583 -3.68021
4.0859 -3.72026
4.05596 -3.76031
4.02603 -3.80036
3.9961 -3.84041
3.96616 -3.88046
3.93623 -3.92051
3.9063 -3.96056
3.87636 -4.00061
3.84643 -4.04066
3.81649 -4.08071
3.78656 -4.12076
3.75663 -4.16081
3.72669 -4.20086
3.69676 -4.24091
3.66683 -4.28096
3.63689 -4.32101
3.60696 -4.36106
3.57703 -4.40111
3.54709 -4.44116
3.51716 -4.4812
3.48723 -4.52125
3.45729 -4.5613
3.42736 -4.60135
4.07578 -3.65028
4.04585 -3.69033
4.01591 -3.73038
3.98598 -3.77043
3.95605 -3.81048
3.92611 -3.85053
3.89618 -3.89058
3.86625 -3.93062
3.83631 -3.97067
3.80638 -4.01072
3.77644 -4.05077
3.74651 -4.09082
3.71658 -4.13087
3.68664 -4.17092
3.65671 -4.21097
3.62678 -4.25102
3.59684 -4.29107
3.56691 -4.33112
3.53698 -4.37117
3.50704 -4.41122
3.47711 -4.45127
3.44718 -4.49132
3.41724 -4.53137
3.38731 -4.57142
4.0058 -3.66039
3.97586 -3.70044
3.94593 -3.74049
3.916 -3.78054
3.88606 -3.82059
3.85613 -3.86064
3.8262 -3.90069
3.79626 -3.94074
3.76633 -3.98079
3.73639 -4.02084
3.70646 -4.06089
3.67653 -4.10094
3.64659 -4.14099
3.61666 -4.18104
3.58673 -4.22109
3.55679 -4.26114
3.52686 -4.30119
3.49693 -4.34124
3.46699 -4.38129
3.43706 -4.42134
3.40713 -4.46139
3.37719 -4.50144
3.93581 -3.67051
3.90588 -3.71056
3.87595 -3.75061
3.84601 -3.79066
3.81608 -3.83071
3.78615 -3.87076
3.75621 -3.91081
3.72628 -3.95086
3.69635 -3.99091
3.66641 -4.03096
3.63648 -4.07101
3.60654 -4.11106
3.57661 -4.15111
3.54668 -4.19116
3.51674 -4.23121
3.48681 -4.27126
3.45688 -4.3113
3.42694 -4.35135
3.39701 -4.3914
3.36708 -4.43145
3.33714 -4.4715
3.96575 -3.63046
3.89576 -3.64058
3.86583 -3.68063
3.8359 -3.72067
3.80596 -3.76072
3.77603 -3.80077
3.7461 -3.84082
3.71616 -3.88087
3.68623 -3.92092
3.6563 -3.96097
3.62636 -4.00102
3.59643 -4.04107
3.56649 -4.08112
3.53656 -4.12117
3.50663 -4.16122
3.47669 -4.20127
3.44676 -4.24132
3.41683 -4.28137
3.38689 -4.32142
3.35696 -4.36147
3.32703 -4.40152
3.82578 -3.65069
3.79585 -3.69074
3.76591 -3.73079
3.73598 -3.77084
3.70605 -3.81089
3.67611 -3.85094
3.64618 -3.89099
3.61625 -3.93104
3.58631 -3.97109
3.55638 -4.01114
3.52644 -4.05119
3.49651 -4.09124
3.46658 -4.13129
3.43664 -4.17134
3.40671 -4.21139
3.37678 -4.25144
3.34684 -4.29149
3.31691 -4.33154
3.28698 -4.37159
3.7558 -3.66081
3.72586 -3.70086
3.69593 -3.74091
3.666 -3.78096
3.63606 -3.82101
3.60613 -3.86106
3.5762 -3.90111
3.54626 -3.94116
3.51633 -3.98121
3.4864 -4.02126
3.45646 -4.06131
3.42653 -4.10135
3.39659 -4.1414
3.36666 -4.18145
3.33673 -4.2215
3.30679 -4.26155
3.27686 -4.3016
3.68581 -3.67092
3.65588 -3.71097
3.62595 -3.75102
3.59601 -3.79107
3.56608 -3.83112
3.53615 -3.87117
3.50621 -3.91122
3.47628 -3.95127
3.44635 -3.99132
3.41641 -4.03137
3.38648 -4.07142
3.35654 -4.11147
3.32661 -4.15152
3.29668 -4.19157
3.26674 -4.23162
3.23681 -4.27167
3.71575 -3.63087
3.64576 -3.64099
3.61583 -3.68104
3.5859 -3.72109
3.55596 -3.76114
3.52603 -3.80119
3.4961 -3.84124
3.46616 -3.88129
3.43623 -3.92134
3.4063 -3.96139
3.37636 -4.00144
3.34643 -4.04149
3.3165 -4.08154
3.28656 -4.12159
3.25663 -4.16164
3.22669 -4.20169
3.57578 -3.65111
3.54585 -3.69116
3.51591 -3.73121
3.48598 -3.77126
3.45605 -3.81131
3.42611 -3.85136
3.39618 -3.8914
3.36625 -3.93145
3.33631 -3.9715
3.30638 -4.01155
3.27645 -4.0516
3.24651 -4.09165
3.21658 -4.1317
3.18664 -4.17175
3.5058 -3.66122
3.47586 -3.70127
3.44593 -3.74132
3.416 -3.78137
3.38606 -3.82142
3.35613 -3.86147
3.3262 -3.90152
3.29626 -3.94157
3.26633 -3.98162
3.2364 -4.02167
3.20646 -4.06172
3.17653 -4.10177
3.46575 -3.63129
3.43581 -3.67134
3.40588 -3.71139
3.37595 -3.75144
3.34601 -3.79149
3.31608 -3.83154
3.28615 -3.87159
3.25621 -3.91164
3.22628 -3.95169
3.19635 -3.99174
3.39576 -3.64141
3.36583 -3.68145
3.3359 -3.7215
3.30596 -3.76155
3.27603 -3.8016
3.2461 -3.84165
3.21616 -3.8817
3.18623 -3.92175
chair: 3.80106 -3.33915 2.70593 1 102
3.91546 -3.08917
3.86669 -3.10019
3.85568 -3.05142
3.8069 -3.06243
3.81792 -3.1112
3.96423 -3.07816
3.97525 -3.12693
3.75813 -3.07345
3.76915 -3.12222
3.70936 -3.08446
3.66059 -3.09548
4.02402 -3.11591
3.64957 -3.04671
3.61182 -3.1065
3.72038 -3.13323
3.6008 -3.05772
4.03504 -3.16468
4.04605 -3.21345
3.98627 -3.1757
3.99728 -3.22447
4.0083 -3.27324
4.01931 -3.32201
4.03033 -3.37078
4.04135 -3.41956
3.95953 -3.28426
3.97054 -3.33303
3.98156 -3.3818
3.99258 -3.43057
4.00359 -3.47934
4.01461 -3.52811
3.92648 -3.13794
3.9375 -3.18671
3.94851 -3.23549
3.87771 -3.14896
3.95482 -3.49036
3.93279 -3.39282
3.9438 -3.44159
3.96584 -3.53913
3.88872 -3.19773
3.91076 -3.29527
3.92177 -3.34404
3.97685 -3.5879
3.62284 -3.15527
3.89974 -3.2465
3.63385 -3.20404
3.64487 -3.25281
3.65588 -3.30158
3.57406 -3.16628
3.58508 -3.21505
3.5961 -3.26383
3.60711 -3.3126
3.91706 -3.55015
3.92808 -3.59892
3.61813 -3.36137
3.89503 -3.4526
3.90605 -3.50137
3.873 -3.35506
3.88402 -3.40383
3.86198 -3.30629
3.62914 -3.41014
3.84626 -3.46362
3.85728 -3.51239
3.86829 -3.56116
3.87931 -3.60993
3.55834 -3.32361
3.56936 -3.37238
3.58037 -3.42116
3.83524 -3.41485
3.64016 -3.45891
3.59139 -3.46993
3.79749 -3.47463
3.80851 -3.52341
3.81952 -3.57218
3.83054 -3.62095
3.73139 -3.18201
3.78647 -3.42586
3.74241 -3.23078
3.75343 -3.27955
3.67161 -3.14425
3.68262 -3.19302
3.76444 -3.32832
3.74872 -3.48565
3.75973 -3.53442
3.69364 -3.24179
3.77546 -3.37709
3.7377 -3.43688
3.77075 -3.58319
3.70465 -3.29057
3.71567 -3.33934
3.78177 -3.63196
3.72669 -3.38811
3.6669 -3.35035
3.67791 -3.39912
3.68893 -3.4479
3.69995 -3.49667
3.71096 -3.54544
3.72198 -3.59421
3.6024 -3.5187
3.65118 -3.50768
3.66219 -3.55645
3.67321 -3.60523
3.61342 -3.56747
