OR: -3.09937 -3.05241 3.11077 1.86203e-38 16
-3.24937 -3.20241
-3.24937 -3.10241
-3.24937 -3.00241
-3.24937 -2.90241
-3.14937 -3.20241
-3.14937 -3.10241
-3.14937 -3.00241
-3.14937 -2.90241
-3.04937 -3.20241
-3.04937 -3.10241
-3.04937 -3.00241
-3.04937 -2.90241
-2.94937 -3.20241
-2.94937 -3.10241
-2.94937 -3.00241
-2.94937 -2.90241
CR: 1.2868 -2.99946 4.38617 0.5 16
1.1368 -3.14946
1.1368 -3.04946
1.1368 -2.94946
1.1368 -2.84946
1.2368 -3.14946
1.2368 -3.04946
1.2368 -2.94946
1.2368 -2.84946
1.3368 -3.14946
1.3368 -3.04946
1.3368 -2.94946
1.3368 -2.84946
1.4368 -3.14946
1.4368 -3.04946
1.4368 -2.94946
1.4368 -2.84946
meetingroom: -4.45 -3.37963 3.1416 2 108
-5.2 -4.9
-5.2 -4.8
-5.2 -4.7
-5.2 -4.6
-5.2 -2.5
-5.2 -2.4
-5.2 -2.3
-5.2 -2.2
-5.2 -2.1
-5.2 -2
-5.2 -1.9
-5.2 -1.8
-5.2 -1.7
-5.2 -1.6
-5.2 -1.5
-5.2 -1.4
-5.2 -1.3
-5.2 -1.2
-5.1 -5
-5.1 -4.9
-5.1 -4.8
-5.1 -4.7
-5.1 -4.6
-5.1 -4.5
-5.1 -4.4
-5.1 -4.3
-5.1 -4.2
-5.1 -4.1
-5.1 -4
-5.1 -3.9
-5.1 -3.8
-5.1 -3.7
-5.1 -3.6
-5.1 -3.5
-5.1 -3.4
-5.1 -3.3
-5.1 -3.2
-5.1 -3.1
-5.1 -3
-5.1 -2.9
-5.1 -2.8
-5.1 -2.7
-5.1 -2.6
-5.1 -2.5
-5.1 -1.2
-5 -5
-5 -4.9
-5 -1.2
-4.9 -5
-4.9 -4.9
-4.9 -1.2
-4.8 -5
-4.8 -4.9
-4.8 -1.2
-4.7 -5
-4.7 -4.9
-4.7 -1.2
-4.6 -5
-4.6 -4.9
-4.6 -1.2
-4.5 -5
-4.5 -4.9
-4.5 -1.2
-4.4 -5
-4.4 -4.9
-4.4 -1.2
-4.3 -5
-4.3 -4.9
-4.3 -1.2
-4.2 -5
-4.2 -4.9
-4.2 -1.2
-4.1 -5
-4.1 -4.9
-4.1 -1.2
-4 -5
-4 -4.9
-4 -1.2
-3.9 -5
-3.9 -4.9
-3.9 -1.2
-3.8 -5
-3.8 -4.9
-3.8 -1.2
-3.7 -5
-3.7 -4.9
-3.7 -1.2
-3.6 -5
-3.6 -4.9
-3.6 -1.2
-3.5 -4.9
-3.5 -1.2
-3.4 -4.9
-3.4 -1.2
-3.3 -4.9
-3.3 -1.2
-3.2 -4.9
-3.2 -1.2
-3.1 -4.9
-3.1 -1.2
-3 -4.9
-3 -1.2
-2.9 -4.9
-2.9 -1.2
-2.8 -4.9
-2.8 -1.2
-2.7 -4.9
-2.7 -1.2
studioroom: -0.978142 3.95603 1.5708 2 398
-5.2 0.1
-5.2 0.2
-5.2 0.3
-5.2 0.4
-5.2 0.5
-5.2 0.6
-5.2 0.7
-5.2 0.8
-5.2 0.9
-5.2 1
-5.2 1.1
-5.2 1.2
-5.2 1.3
-5.2 1.4
-5.2 1.5
-5.2 1.6
-5.2 1.7
-5.2 1.8
-5.2 1.9
-5.2 2
-5.2 2.1
-5.2 2.2
-5.2 2.3
-5.2 2.4
-5.2 2.5
-5.2 2.6
-5.2 4.8
-5.2 4.9
-5.2 5
-5.2 5.1
-5.2 5.2
-5.2 5.3
-5.2 5.4
-5.2 5.5
-5.2 5.6
-5.2 5.7
-5.2 5.8
-5.2 5.9
-5.1 0
-5.1 0.1
-5.1 0.2
-5.1 0.3
-5.1 0.4
-5.1 0.5
-5.1 0.6
-5.1 0.7
-5.1 0.8
-5.1 0.9
-5.1 1
-5.1 1.1
-5.1 1.2
-5.1 1.3
-5.1 1.4
-5.1 1.5
-5.1 1.6
-5.1 1.7
-5.1 1.8
-5.1 1.9
-5.1 2
-5.1 2.1
-5.1 2.2
-5.1 2.3
-5.1 2.4
-5.1 2.5
-5.1 2.6
-5.1 2.7
-5.1 2.8
-5.1 2.9
-5.1 3
-5.1 3.1
-5.1 3.2
-5.1 3.3
-5.1 3.4
-5.1 3.5
-5.1 3.6
-5.1 3.7
-5.1 3.8
-5.1 3.9
-5.1 4
-5.1 4.1
-5.1 4.2
-5.1 4.3
-5.1 4.4
-5.1 4.5
-5.1 4.6
-5.1 4.7
-5.1 4.8
-5.1 4.9
-5.1 5
-5.1 5.1
-5.1 5.2
-5.1 5.3
-5.1 5.4
-5.1 5.5
-5.1 5.6
-5.1 5.7
-5.1 5.8
-5.1 5.9
-5.1 6
-5.1 6.1
-5.1 6.2
-5.1 6.3
-5.1 6.4
-5.1 6.5
-5.1 6.6
-5.1 6.7
-5.1 6.8
-5.1 6.9
-5 0
-5 0.1
-5 1.3
-5 1.4
-5 1.5
-5 1.6
-5 1.7
-5 6.8
-5 6.9
-4.9 0
-4.9 0.1
-4.9 6.8
-4.9 6.9
-4.8 0
-4.8 0.1
-4.8 6.8
-4.8 6.9
-4.7 0
-4.7 0.1
-4.7 6.8
-4.7 6.9
-4.6 0
-4.6 0.1
-4.6 6.8
-4.6 6.9
-4.5 0.1
-4.5 6.8
-4.5 6.9
-4.4 0.1
-4.4 6.8
-4.4 6.9
-4.3 0.1
-4.3 6.8
-4.3 6.9
-4.2 0.1
-4.2 6.8
-4.2 6.9
-4.1 0.1
-4.1 6.8
-4.1 6.9
-4 0.1
-4 6.8
-3.9 0.1
-3.9 6.8
-3.8 0.1
-3.8 6.8
-3.7 0.1
-3.7 6.8
-3.6 0.1
-3.6 6.8
-3.5 0.1
-3.5 6.8
-3.4 0.1
-3.4 6.8
-3.3 0.1
-3.3 6.8
-3.2 0.1
-3.2 6.8
-3.1 0.1
-3.1 6.8
-3 0.1
-3 6.8
-2.9 0.1
-2.9 6.8
-2.8 0.1
-2.8 6.8
-2.7 -0.2
-2.7 -0.1
-2.7 0
-2.7 0.1
-2.7 6.8
-2.6 6.6
-2.6 6.8
-2.5 6.6
-2.4 6.6
-2.3 6.6
-2.2 6.6
-2.1 6.6
-2 6.6
-1.9 6.6
-1.8 6.6
-1.8 6.7
-1.7 6.7
-1.6 0.1
-1.6 6.7
-1.6 6.8
-1.5 0.1
-1.5 6.7
-1.5 6.8
-1.4 0.1
-1.4 6.7
-1.4 6.8
-1.3 0.1
-1.3 6.7
-1.3 6.8
-1.2 0.1
-1.2 6.7
-1.2 6.8
-1.1 0.1
-1.1 6.7
-1.1 6.8
-1 0.1
-1 6.7
-1 6.8
-0.9 0.1
-0.9 6.7
-0.9 6.8
-0.8 0.1
-0.8 6.7
-0.8 6.8
-0.7 0.1
-0.7 6.7
-0.7 6.8
-0.6 0.1
-0.6 6.7
-0.6 6.8
-0.5 0.1
-0.5 6.7
-0.5 6.8
-0.4 0.1
-0.4 6.7
-0.4 6.8
-0.3 0.1
-0.3 6.7
-0.3 6.8
-0.2 0.1
-0.2 6.7
-0.2 6.8
-0.1 0.1
-0.1 6.7
-0.1 6.8
0 0.1
0 6.7
0 6.8
0.1 0.1
0.1 6.7
0.1 6.8
0.2 0.1
0.2 6.7
0.2 6.8
0.3 0.1
0.3 6.7
0.3 6.8
0.4 0.1
0.4 6.7
0.4 6.8
0.5 0.1
0.5 6.7
0.5 6.8
0.6 0.1
0.6 6.7
0.6 6.8
0.7 0.1
0.7 6.7
0.7 6.8
0.8 0.1
0.8 6.7
0.8 6.8
0.9 0.1
0.9 6.7
0.9 6.8
1 0.1
1 6.8
1.1 0.1
1.1 6.8
1.2 0.1
1.2 6.8
1.3 0.1
1.3 6.8
1.4 0.1
1.4 6.8
1.5 0.1
1.5 6.8
1.6 0.1
1.6 6.8
1.7 0.1
1.7 6.8
1.8 0.1
1.8 6.8
1.9 0.1
1.9 6.8
2 0.1
2 6.8
2.1 0.1
2.1 6.8
2.2 0.1
2.2 6.8
2.3 0.1
2.3 6.8
2.4 0.1
2.4 6.8
2.5 0.1
2.5 6.8
2.6 0.1
2.6 6.8
2.7 0.1
2.7 6.8
2.8 0.1
2.8 6.8
2.9 0.1
2.9 6.8
3 0.1
3 6.8
3.1 6.8
3.2 6.8
3.3 6.8
3.3 6.9
3.4 6.8
3.4 6.9
3.5 6.8
3.5 6.9
3.6 6.8
3.6 6.9
3.7 6.8
3.7 6.9
3.8 6.8
3.8 6.9
3.9 6.8
3.9 6.9
4 6.8
4 6.9
4.1 6.9
4.2 6.9
4.3 6.9
4.4 6.9
4.5 6.9
4.6 6.9
4.7 6.9
4.8 6.9
4.9 6.9
5 6.9
5.1 6.9
5.2 6.2
5.2 6.3
5.2 6.4
5.2 6.5
5.2 6.6
5.2 6.7
5.2 6.8
5.2 6.9
5.3 0.7
5.3 0.8
5.3 0.9
5.3 1
5.3 1.1
5.3 1.2
5.3 1.3
5.3 1.4
5.3 1.5
5.3 1.6
5.3 1.7
5.3 1.8
5.3 1.9
5.3 2
5.3 2.1
5.3 2.2
5.3 2.3
5.3 2.4
5.3 2.5
5.3 2.6
5.3 2.7
5.3 2.8
5.3 2.9
5.3 3
5.3 3.1
5.3 3.2
5.3 3.3
5.3 3.4
5.3 3.5
5.3 3.6
5.3 3.7
5.3 3.8
5.3 3.9
5.3 4
5.3 4.1
5.3 4.2
5.3 4.3
5.3 4.4
5.3 4.5
5.3 4.6
5.3 4.7
5.3 4.8
5.3 5.5
5.3 5.6
5.3 5.7
5.3 5.8
5.3 5.9
5.3 6
5.3 6.1
5.3 6.2
officeroom: 1.95993 -2.91324 0 2 272
-1.4 -1.2
-1.3 -1.2
-1.2 -1.2
-1.1 -1.2
-1 -1.2
-0.8 -2
-0.8 -2.1
-0.8 -2.4
-0.8 -2.5
-0.8 -2.6
-0.8 -2.7
-0.8 -2.8
-0.8 -2.9
-0.8 -3
-0.8 -3.1
-0.8 -3.2
-0.8 -3.3
-0.8 -3.4
-0.8 -3.5
-0.8 -3.6
-0.8 -3.7
-0.8 -3.8
-0.8 -3.9
-0.9 -1.2
-0.8 -5
-0.8 -4.9
-0.8 -4.8
-0.8 -4.7
-0.8 -4.6
-0.8 -4.5
-0.8 -4.4
-0.8 -4.3
-0.8 -4.2
-0.8 -4.1
-0.8 -2.3
-0.8 -2.2
-0.8 -1.2
-1.5 -2
-1.5 -2.1
-1.5 -2.4
-1.5 -2.5
-1.5 -2.6
-1.5 -2.7
-1.5 -2.8
-1.5 -2.9
-1.5 -3
-1.5 -3.1
-1.5 -3.2
-1.5 -3.3
-1.5 -3.4
-1.5 -3.5
-1.5 -3.6
-1.5 -3.7
-1.5 -3.8
-1.5 -3.9
-1.5 -1.2
-1.5 -5
-1.5 -4.9
-1.5 -4.8
-1.5 -4.7
-1.5 -4.6
-1.5 -4.5
-1.5 -4.4
-1.5 -4.3
-1.5 -4.2
-1.5 -4.1
-1.5 -2.3
-1.5 -2.2
-1.5 -1.2
-0.7 -5
-0.7 -1.2
-0.6 -5
-0.6 -1.2
-0.5 -5
-0.5 -1.2
-0.4 -5
-0.4 -1.2
-0.3 -5
-0.3 -1.2
-0.2 -5
-0.2 -1.3
-0.2 -1.2
-0.1 -5
-0.1 -4.9
-0.1 -1.3
-0.1 -1.2
0 -4.9
0 -1.3
0 -1.2
0.1 -4.9
0.1 -1.3
0.1 -1.2
0.2 -4.9
0.2 -1.3
0.2 -1.2
0.3 -4.9
0.3 -1.3
0.3 -1.2
0.4 -4.9
0.4 -1.3
0.4 -1.2
0.5 -4.9
0.5 -1.2
0.6 -4.9
0.6 -1.2
0.7 -4.9
0.7 -1.2
0.8 -4.9
0.8 -1.2
0.9 -4.9
0.9 -1.2
1 -4.9
1 -1.2
1.1 -4.9
1.1 -1.2
1.2 -4.9
1.2 -1.2
1.3 -4.9
1.3 -1.2
1.4 -4.9
1.4 -1.2
1.5 -4.9
1.5 -1.2
1.6 -4.9
1.6 -1.2
1.7 -4.9
1.7 -1.2
1.8 -4.9
1.8 -1.2
1.9 -4.9
1.9 -1.2
2 -4.9
2 -1.2
2.1 -4.9
2.1 -1.2
2.2 -4.9
2.2 -1.2
2.2 -1.1
2.3 -4.9
2.3 -1.2
2.3 -1.1
2.4 -4.9
2.4 -4.8
2.4 -1.2
2.4 -1.1
2.5 -4.8
2.5 -1.2
2.5 -1.1
2.6 -4.8
2.6 -1.2
2.6 -1.1
2.7 -4.8
2.7 -1.2
2.7 -1.1
2.8 -4.8
2.8 -1.2
2.8 -1.1
2.9 -4.9
2.9 -4.8
2.9 -1.2
2.9 -1.1
3 -4.9
3 -4.8
3 -1.2
3 -1.1
3.1 -4.9
3.1 -4.8
3.1 -1.2
3.1 -1.1
3.2 -4.9
3.2 -4.8
3.2 -1.1
3.3 -4.9
3.3 -1.1
3.4 -4.9
3.4 -1.1
3.5 -4.9
3.5 -1.1
3.6 -4.9
3.6 -1.1
3.7 -4.9
3.7 -1.1
3.7 -1
3.8 -4.9
3.8 -1.1
3.8 -1
3.9 -4.9
3.9 -1.1
3.9 -1
4 -5
4 -4.9
4 -1.1
4 -1
4.1 -5
4.1 -4.9
4.1 -1.1
4.1 -1
4.2 -5
4.2 -4.9
4.2 -1.1
4.2 -1
4.3 -5
4.3 -4.9
4.3 -1.1
4.3 -1
4.4 -5
4.4 -4.9
4.4 -1.1
4.4 -1
4.5 -4.9
4.5 -1.1
4.5 -1
4.6 -4.9
4.6 -1
4.7 -4.9
4.7 -1
4.8 -4.9
4.8 -1
4.9 -4.9
4.9 -1
5 -4.9
5 -1
5.1 -4.9
5.1 -1
5.2 -4.9
5.2 -1.6
5.2 -1.5
5.2 -1.4
5.2 -1.3
5.2 -1.2
5.2 -1.1
5.2 -1
5.3 -4.9
5.3 -4.8
5.3 -4.7
5.3 -4.6
5.3 -4.5
5.3 -4.4
5.3 -4.3
5.3 -4.2
5.3 -4.1
5.3 -4
5.3 -3.9
5.3 -3.8
5.3 -3.7
5.3 -3.6
5.3 -3.5
5.3 -3.4
5.3 -3.3
5.3 -3.2
5.3 -3.1
5.3 -3
5.3 -2.9
5.3 -2.8
5.3 -2.7
5.3 -2.6
5.3 -2.5
5.3 -2.4
5.3 -2.3
5.3 -2.2
5.3 -2.1
5.3 -2
5.3 -1.9
5.3 -1.8
5.3 -1.7
5.3 -1.6
5.3 -1.5
5.3 -1.4
5.3 -1.3
5.3 -1.2
5.3 -1.1
5.3 -1
room: 1.95993 -2.91324 0 2 272
-1.4 -1.2
-1.3 -1.2
-1.2 -1.2
-1.1 -1.2
-1 -1.2
-0.8 -2
-0.8 -2.1
-0.8 -2.4
-0.8 -2.5
-0.8 -2.6
-0.8 -2.7
-0.8 -2.8
-0.8 -2.9
-0.8 -3
-0.8 -3.1
-0.8 -3.2
-0.8 -3.3
-0.8 -3.4
-0.8 -3.5
-0.8 -3.6
-0.8 -3.7
-0.8 -3.8
-0.8 -3.9
-0.9 -1.2
-0.8 -5
-0.8 -4.9
-0.8 -4.8
-0.8 -4.7
-0.8 -4.6
-0.8 -4.5
-0.8 -4.4
-0.8 -4.3
-0.8 -4.2
-0.8 -4.1
-0.8 -2.3
-0.8 -2.2
-0.8 -1.2
-1.5 -2
-1.5 -2.1
-1.5 -2.4
-1.5 -2.5
-1.5 -2.6
-1.5 -2.7
-1.5 -2.8
-1.5 -2.9
-1.5 -3
-1.5 -3.1
-1.5 -3.2
-1.5 -3.3
-1.5 -3.4
-1.5 -3.5
-1.5 -3.6
-1.5 -3.7
-1.5 -3.8
-1.5 -3.9
-1.5 -1.2
-1.5 -5
-1.5 -4.9
-1.5 -4.8
-1.5 -4.7
-1.5 -4.6
-1.5 -4.5
-1.5 -4.4
-1.5 -4.3
-1.5 -4.2
-1.5 -4.1
-1.5 -2.3
-1.5 -2.2
-1.5 -1.2
-0.7 -5
-0.7 -1.2
-0.6 -5
-0.6 -1.2
-0.5 -5
-0.5 -1.2
-0.4 -5
-0.4 -1.2
-0.3 -5
-0.3 -1.2
-0.2 -5
-0.2 -1.3
-0.2 -1.2
-0.1 -5
-0.1 -4.9
-0.1 -1.3
-0.1 -1.2
0 -4.9
0 -1.3
0 -1.2
0.1 -4.9
0.1 -1.3
0.1 -1.2
0.2 -4.9
0.2 -1.3
0.2 -1.2
0.3 -4.9
0.3 -1.3
0.3 -1.2
0.4 -4.9
0.4 -1.3
0.4 -1.2
0.5 -4.9
0.5 -1.2
0.6 -4.9
0.6 -1.2
0.7 -4.9
0.7 -1.2
0.8 -4.9
0.8 -1.2
0.9 -4.9
0.9 -1.2
1 -4.9
1 -1.2
1.1 -4.9
1.1 -1.2
1.2 -4.9
1.2 -1.2
1.3 -4.9
1.3 -1.2
1.4 -4.9
1.4 -1.2
1.5 -4.9
1.5 -1.2
1.6 -4.9
1.6 -1.2
1.7 -4.9
1.7 -1.2
1.8 -4.9
1.8 -1.2
1.9 -4.9
1.9 -1.2
2 -4.9
2 -1.2
2.1 -4.9
2.1 -1.2
2.2 -4.9
2.2 -1.2
2.2 -1.1
2.3 -4.9
2.3 -1.2
2.3 -1.1
2.4 -4.9
2.4 -4.8
2.4 -1.2
2.4 -1.1
2.5 -4.8
2.5 -1.2
2.5 -1.1
2.6 -4.8
2.6 -1.2
2.6 -1.1
2.7 -4.8
2.7 -1.2
2.7 -1.1
2.8 -4.8
2.8 -1.2
2.8 -1.1
2.9 -4.9
2.9 -4.8
2.9 -1.2
2.9 -1.1
3 -4.9
3 -4.8
3 -1.2
3 -1.1
3.1 -4.9
3.1 -4.8
3.1 -1.2
3.1 -1.1
3.2 -4.9
3.2 -4.8
3.2 -1.1
3.3 -4.9
3.3 -1.1
3.4 -4.9
3.4 -1.1
3.5 -4.9
3.5 -1.1
3.6 -4.9
3.6 -1.1
3.7 -4.9
3.7 -1.1
3.7 -1
3.8 -4.9
3.8 -1.1
3.8 -1
3.9 -4.9
3.9 -1.1
3.9 -1
4 -5
4 -4.9
4 -1.1
4 -1
4.1 -5
4.1 -4.9
4.1 -1.1
4.1 -1
4.2 -5
4.2 -4.9
4.2 -1.1
4.2 -1
4.3 -5
4.3 -4.9
4.3 -1.1
4.3 -1
4.4 -5
4.4 -4.9
4.4 -1.1
4.4 -1
4.5 -4.9
4.5 -1.1
4.5 -1
4.6 -4.9
4.6 -1
4.7 -4.9
4.7 -1
4.8 -4.9
4.8 -1
4.9 -4.9
4.9 -1
5 -4.9
5 -1
5.1 -4.9
5.1 -1
5.2 -4.9
5.2 -1.6
5.2 -1.5
5.2 -1.4
5.2 -1.3
5.2 -1.2
5.2 -1.1
5.2 -1
5.3 -4.9
5.3 -4.8
5.3 -4.7
5.3 -4.6
5.3 -4.5
5.3 -4.4
5.3 -4.3
5.3 -4.2
5.3 -4.1
5.3 -4
5.3 -3.9
5.3 -3.8
5.3 -3.7
5.3 -3.6
5.3 -3.5
5.3 -3.4
5.3 -3.3
5.3 -3.2
5.3 -3.1
5.3 -3
5.3 -2.9
5.3 -2.8
5.3 -2.7
5.3 -2.6
5.3 -2.5
5.3 -2.4
5.3 -2.3
5.3 -2.2
5.3 -2.1
5.3 -2
5.3 -1.9
5.3 -1.8
5.3 -1.7
5.3 -1.6
5.3 -1.5
5.3 -1.4
5.3 -1.3
5.3 -1.2
5.3 -1.1
5.3 -1
table: 1.05178 -3.76449 -1 1 142
0.744837 -3.97735
0.7922 -3.99337
0.998383 -3.85199
0.839563 -4.0094
1.04575 -3.86802
0.855587 -3.96204
0.808223 -3.94601
0.760861 -3.92999
0.95102 -3.83597
0.713498 -3.91396
0.902949 -3.97806
1.06177 -3.82065
0.967043 -3.78861
1.0137 -3.96274
0.918973 -3.9307
0.87161 -3.91467
0.824247 -3.89865
0.776884 -3.88263
0.729521 -3.8666
1.06106 -3.97877
1.01441 -3.80463
1.10842 -3.99479
1.15579 -4.01081
1.17181 -3.96345
1.12445 -3.94743
1.07709 -3.9314
1.02972 -3.91538
0.934996 -3.88333
0.887633 -3.86731
0.84027 -3.85129
0.792907 -3.83526
0.745544 -3.81924
1.03043 -3.75727
1.21917 -3.97947
1.26654 -3.9955
1.3139 -4.01152
1.32992 -3.96416
1.28256 -3.94813
1.2352 -3.93211
1.18783 -3.91609
1.14047 -3.90006
1.09311 -3.88404
0.903657 -3.81995
0.856294 -3.80392
0.808931 -3.7879
0.761568 -3.77188
0.714205 -3.75585
1.37729 -3.98018
1.42465 -3.9962
1.44067 -3.94884
1.39331 -3.93282
1.34595 -3.91679
1.29858 -3.90077
1.25122 -3.88475
1.20386 -3.86872
1.15649 -3.8527
1.10913 -3.83668
0.91968 -3.77258
0.872317 -3.75656
0.824954 -3.74054
0.777591 -3.72451
0.730228 -3.70849
1.4567 -3.90148
1.40933 -3.88545
1.36197 -3.86943
1.31461 -3.85341
1.26724 -3.83738
1.21988 -3.82136
1.17252 -3.80534
1.12516 -3.78931
1.07779 -3.77329
0.983066 -3.74124
0.935703 -3.72522
0.88834 -3.7092
0.840977 -3.69317
0.793615 -3.67715
0.746252 -3.66113
1.42536 -3.83809
1.37799 -3.82207
1.33063 -3.80604
1.28327 -3.79002
1.2359 -3.774
1.18854 -3.75797
1.14118 -3.74195
1.09382 -3.72593
1.04645 -3.7099
0.99909 -3.69388
0.951727 -3.67786
0.904364 -3.66183
0.857001 -3.64581
0.809638 -3.62979
0.762275 -3.61376
0.714912 -3.59774
1.44138 -3.79073
1.39402 -3.7747
1.34665 -3.75868
1.29929 -3.74266
1.25193 -3.72663
1.20457 -3.71061
1.1572 -3.69459
1.10984 -3.67856
1.06248 -3.66254
1.01511 -3.64652
0.96775 -3.63049
0.920387 -3.61447
0.873024 -3.59845
0.825661 -3.58242
0.778298 -3.5664
0.730935 -3.55038
1.4574 -3.74337
1.41004 -3.72734
1.36268 -3.71132
1.31531 -3.6953
1.26795 -3.67927
1.22059 -3.66325
1.17323 -3.64722
1.12586 -3.6312
1.0785 -3.61518
1.03114 -3.59915
0.983774 -3.58313
0.936411 -3.56711
0.889048 -3.55108
0.841685 -3.53506
0.794322 -3.51904
0.746959 -3.50301
0.699596 -3.48699
1.42606 -3.67998
1.3787 -3.66396
1.33134 -3.64793
1.28397 -3.63191
1.23661 -3.61589
1.18925 -3.59986
1.14189 -3.58384
1.09452 -3.56782
1.04716 -3.55179
0.999797 -3.53577
0.952434 -3.51974
0.905071 -3.50372
0.857708 -3.4877
0.810345 -3.47167
0.762982 -3.45565
0.715619 -3.43963
couch: 0.178339 -3.3794 0.0897505 1 613
-0.200781 -3.50778
-0.161788 -3.47649
-0.193086 -3.43749
-0.224384 -3.3985
-0.13049 -3.51548
-0.122795 -3.44519
-0.154093 -3.4062
-0.185391 -3.3672
-0.138185 -3.58577
-0.0991925 -3.55447
-0.1151 -3.3749
-0.146398 -3.33591
-0.216689 -3.32821
-0.177696 -3.29691
-0.106887 -3.62476
-0.107405 -3.30461
-0.14588 -3.65606
-0.138703 -3.26561
-0.208994 -3.25792
-0.114582 -3.69505
-0.170001 -3.22662
-0.153575 -3.72635
-0.0997106 -3.23432
-0.131009 -3.19532
-0.201299 -3.18763
-0.122277 -3.76534
-0.162306 -3.15633
-0.129972 -3.83564
-0.16127 -3.79664
-0.193604 -3.11734
-0.123314 -3.12503
-0.176142 -4.25738
-0.144844 -4.29637
-0.154611 -3.08604
-0.105851 -4.26507
-0.137149 -4.22608
-0.20744 -4.21839
-0.137667 -3.90593
-0.113546 -4.33537
-0.224902 -3.07835
-0.168447 -4.18709
-0.185909 -3.04705
-0.0986744 -3.87463
-0.106369 -3.94492
-0.115619 -3.05474
-0.129454 -4.15579
-0.199745 -4.1481
-0.145362 -3.97622
-0.0822482 -4.37436
-0.0432553 -4.34306
-0.0745533 -4.30407
-0.160752 -4.1168
-0.19205 -4.07781
-0.153057 -4.04651
-0.114064 -4.01521
-0.146917 -3.01575
-0.121759 -4.0855
-0.00426245 -4.31176
0.0270354 -4.35076
-0.0355604 -4.27277
-0.217207 -3.00805
-0.0668583 -4.23378
-0.0981562 -4.19478
-0.178214 -2.97676
0.0660282 -4.31946
0.0347304 -4.28047
0.0973262 -4.35845
0.00343251 -4.24147
0.136319 -4.32715
0.105021 -4.28816
-0.107924 -2.98445
0.0737233 -4.24917
0.167617 -4.36615
-0.139222 -2.94546
0.20661 -4.33485
0.175312 -4.29585
0.144014 -4.25686
-0.209512 -2.93776
0.237908 -4.37384
0.0424254 -4.21017
0.2769 -4.34254
0.245602 -4.30355
0.214305 -4.26456
0.112716 -4.21787
0.183007 -4.22556
-0.170519 -2.90647
0.284595 -4.27225
0.269206 -4.41283
0.253298 -4.23326
-0.201817 -2.86747
-0.100229 -2.91416
-0.131527 -2.87517
-0.162824 -2.83618
-0.194122 -2.79718
-0.123832 -2.80488
-0.21003 -2.61761
-0.171037 -2.58631
-0.202335 -2.54732
-0.132045 -2.55501
-0.163343 -2.51602
-0.194641 -2.47703
-0.15513 -2.76588
-0.22542 -2.75819
-0.178733 -2.6566
-0.186427 -2.72689
-0.13974 -2.6253
-0.100747 -2.59401
-0.217725 -2.6879
-0.12435 -2.48472
-0.147435 -2.69559
-0.116137 -2.73459
-0.108442 -2.6643
0.308198 -4.38154
0.315893 -4.31124
0.339496 -4.42053
0.347191 -4.35024
0.378489 -4.38923
-0.085357 -2.45342
-0.054059 -2.49242
-0.0930519 -2.52371
0.386184 -4.31894
-0.0150661 -2.46112
0.44878 -4.39692
0.417482 -4.35793
0.487773 -4.36563
0.456475 -4.32663
0.519071 -4.40462
0.0162317 -2.50011
0.0239267 -2.42982
0.0552245 -2.46881
0.526765 -4.33433
0.495468 -4.29534
-0.0227612 -2.53141
0.558063 -4.37332
-0.0278654 -4.20248
-0.0591633 -4.16349
-0.0904613 -4.12449
0.0942173 -2.43752
0.0111275 -4.17118
-0.0201705 -4.13219
-0.0514684 -4.0932
-0.0827662 -4.0542
0.0865225 -2.50781
0.125515 -2.47651
0.0814182 -4.17888
0.0501202 -4.13988
0.0188223 -4.10089
-0.0124755 -4.0619
-0.0437734 -4.0229
-0.0750713 -3.98391
0.0475296 -2.5391
0.151709 -4.18657
0.120411 -4.14758
0.089113 -4.10859
0.0578151 -4.06959
0.0265172 -4.0306
-0.00478065 -3.99161
-0.0360786 -3.95261
-0.0673765 -3.91362
0.164508 -2.44521
0.13321 -2.40622
0.222 -4.19427
0.190702 -4.15527
0.159404 -4.11628
0.128106 -4.07729
0.0968081 -4.03829
0.0655103 -3.9993
0.0342124 -3.96031
0.00291443 -3.92132
-0.0283835 -3.88232
-0.0596814 -3.84333
-0.0909793 -3.80434
0.354886 -4.27995
0.323588 -4.24095
0.29229 -4.20196
0.260992 -4.16297
0.229695 -4.12398
0.198397 -4.08498
0.167099 -4.04599
0.135801 -4.007
0.104503 -3.968
0.0732051 -3.92901
0.0419072 -3.89002
0.0106093 -3.85103
-0.0206887 -3.81203
-0.0519866 -3.77304
-0.0832844 -3.73405
0.156813 -2.5155
0.195806 -2.4842
0.425177 -4.28764
0.393879 -4.24865
0.362581 -4.20966
0.331283 -4.17066
0.299985 -4.13167
0.268687 -4.09268
0.23739 -4.05368
0.206092 -4.01469
0.174794 -3.9757
0.143496 -3.93671
0.112198 -3.89771
0.0809001 -3.85872
0.0496022 -3.81973
0.0183042 -3.78073
-0.0129937 -3.74174
-0.0442915 -3.70275
-0.0755894 -3.66376
0.234799 -2.45291
0.203501 -2.41391
0.46417 -4.25634
0.432872 -4.21735
0.401574 -4.17836
0.370276 -4.13937
0.338978 -4.10037
0.30768 -4.06138
0.276382 -4.02239
0.245084 -3.98339
0.213786 -3.9444
0.182489 -3.90541
0.151191 -3.86642
0.119893 -3.82742
0.0885949 -3.78843
0.057297 -3.74944
0.0259991 -3.71044
-0.00529873 -3.67145
-0.0365967 -3.63246
-0.0678946 -3.59347
0.53446 -4.26404
0.503162 -4.22505
0.471865 -4.18605
0.440567 -4.14706
0.409269 -4.10807
0.377971 -4.06907
0.346673 -4.03008
0.315375 -3.99109
0.284077 -3.9521
0.252779 -3.9131
0.221481 -3.87411
0.190184 -3.83512
0.158886 -3.79612
0.127588 -3.75713
0.0962898 -3.71814
0.0649918 -3.67915
0.033694 -3.64015
0.00239611 -3.60116
-0.0289018 -3.56217
-0.0601997 -3.52317
-0.0914977 -3.48418
0.227104 -2.5232
0.266097 -2.4919
0.273792 -2.42161
0.542156 -4.19375
0.510858 -4.15476
0.47956 -4.11576
0.448262 -4.07677
0.416964 -4.03778
0.385666 -3.99878
0.354368 -3.95979
0.32307 -3.9208
0.291772 -3.88181
0.260474 -3.84281
0.229177 -3.80382
0.197879 -3.76483
0.166581 -3.72583
0.135283 -3.68684
0.103985 -3.64785
0.072687 -3.60886
0.0413891 -3.56986
0.0100912 -3.53087
-0.0212067 -3.49188
-0.0525047 -3.45288
-0.0838025 -3.41389
0.242494 -2.38261
0.54985 -4.12346
0.518553 -4.08446
0.487255 -4.04547
0.455957 -4.00648
0.424659 -3.96749
0.393361 -3.92849
0.362063 -3.8895
0.330765 -3.85051
0.299467 -3.81151
0.268169 -3.77252
0.236871 -3.73353
0.205574 -3.69454
0.174276 -3.65554
0.142978 -3.61655
0.11168 -3.57756
0.080382 -3.53856
0.0490841 -3.49957
0.0177861 -3.46058
-0.0135118 -3.42159
-0.0448096 -3.38259
-0.0761075 -3.3436
0.526247 -4.01417
0.494949 -3.97518
0.463652 -3.93619
0.432354 -3.8972
0.401056 -3.8582
0.369758 -3.81921
0.33846 -3.78022
0.307162 -3.74122
0.275864 -3.70223
0.244566 -3.66324
0.213268 -3.62425
0.18197 -3.58525
0.150673 -3.54626
0.119375 -3.50727
0.0880768 -3.46827
0.0567789 -3.42928
0.025481 -3.39029
-0.00581682 -3.3513
-0.0371147 -3.3123
-0.0684127 -3.27331
0.533942 -3.94388
0.502644 -3.90489
0.471346 -3.8659
0.440049 -3.8269
0.408751 -3.78791
0.377453 -3.74892
0.346155 -3.70993
0.314857 -3.67093
0.283559 -3.63194
0.252261 -3.59295
0.220963 -3.55395
0.189665 -3.51496
0.158368 -3.47597
0.12707 -3.43698
0.0957717 -3.39798
0.0644737 -3.35899
0.0331759 -3.32
0.00187802 -3.281
-0.0294199 -3.24201
-0.0607178 -3.20302
-0.0920157 -3.16403
0.541637 -3.87359
0.510339 -3.8346
0.479041 -3.79561
0.447744 -3.75661
0.416446 -3.71762
0.385148 -3.67863
0.35385 -3.63964
0.322552 -3.60064
0.291254 -3.56165
0.259956 -3.52266
0.228658 -3.48366
0.19736 -3.44467
0.166062 -3.40568
0.134765 -3.36669
0.103467 -3.32769
0.0721688 -3.2887
0.0408709 -3.24971
0.00957298 -3.21071
-0.0217249 -3.17172
-0.0530229 -3.13273
-0.0843208 -3.09374
0.549332 -3.8033
0.518034 -3.76431
0.486736 -3.72532
0.455439 -3.68632
0.424141 -3.64733
0.392843 -3.60834
0.361545 -3.56934
0.330247 -3.53035
0.298949 -3.49136
0.267651 -3.45237
0.236353 -3.41337
0.205055 -3.37438
0.173757 -3.33539
0.14246 -3.29639
0.111162 -3.2574
0.0798638 -3.21841
0.0485659 -3.17942
0.0172679 -3.14042
-0.01403 -3.10143
-0.0453279 -3.06244
-0.0766257 -3.02344
0.525729 -3.69402
0.494431 -3.65503
0.463134 -3.61603
0.431836 -3.57704
0.400538 -3.53805
0.36924 -3.49905
0.337942 -3.46006
0.306644 -3.42107
0.275346 -3.38208
0.244048 -3.34308
0.21275 -3.30409
0.181452 -3.2651
0.150155 -3.2261
0.118857 -3.18711
0.0875587 -3.14812
0.0562608 -3.10913
0.0249629 -3.07013
-0.00633502 -3.03114
-0.0376328 -2.99215
-0.0689307 -2.95315
0.533424 -3.62373
0.502126 -3.58473
0.470828 -3.54574
0.43953 -3.50675
0.408233 -3.46776
0.376935 -3.42876
0.345637 -3.38977
0.314339 -3.35078
0.283041 -3.31178
0.251743 -3.27279
0.220445 -3.2338
0.189147 -3.19481
0.157849 -3.15581
0.126552 -3.11682
0.0952536 -3.07783
0.0639557 -3.03883
0.0326579 -2.99984
0.00135994 -2.96085
-0.029938 -2.92186
-0.0612359 -2.88286
-0.0925338 -2.84387
0.541119 -3.55344
0.509821 -3.51444
0.478523 -3.47545
0.447225 -3.43646
0.415928 -3.39746
0.38463 -3.35847
0.353332 -3.31948
0.322034 -3.28049
0.290736 -3.24149
0.259438 -3.2025
0.22814 -3.16351
0.196842 -3.12452
0.165544 -3.08552
0.134246 -3.04653
0.102949 -3.00754
0.0716507 -2.96854
0.0403528 -2.92955
0.0090549 -2.89056
-0.022243 -2.85157
-0.0535409 -2.81257
-0.0848387 -2.77358
0.297395 -2.53089
0.30509 -2.4606
0.548814 -3.48315
0.517516 -3.44415
0.486218 -3.40516
0.45492 -3.36617
0.423623 -3.32717
0.392325 -3.28818
0.361027 -3.24919
0.329729 -3.2102
0.298431 -3.1712
0.267133 -3.13221
0.235835 -3.09322
0.204537 -3.05422
0.173239 -3.01523
0.141941 -2.97624
0.110644 -2.93725
0.0793457 -2.89825
0.0480478 -2.85926
0.0167499 -2.82027
-0.0145481 -2.78127
-0.0458459 -2.74228
-0.0771438 -2.70329
-0.0463641 -2.42213
0.525211 -3.37386
0.493913 -3.33487
0.462615 -3.29588
0.431317 -3.25688
0.40002 -3.21789
0.368722 -3.1789
0.337424 -3.1399
0.306126 -3.10091
0.274828 -3.06192
0.24353 -3.02293
0.212232 -2.98393
0.180934 -2.94494
0.149636 -2.90595
0.118338 -2.86696
0.0870405 -2.82796
0.0557426 -2.78897
0.0244447 -2.74998
-0.0068531 -2.71098
-0.038151 -2.67199
-0.0694489 -2.633
0.336387 -2.49959
-0.116655 -2.41443
-0.155648 -2.44573
0.532906 -3.30357
0.501608 -3.26458
0.47031 -3.22559
0.439012 -3.18659
0.407714 -3.1476
0.376417 -3.10861
0.345119 -3.06961
0.313821 -3.03062
0.282523 -2.99163
0.251225 -2.95264
0.219927 -2.91364
0.188629 -2.87465
0.157331 -2.83566
0.126033 -2.79666
0.0947355 -2.75767
0.0634376 -2.71868
0.0321398 -2.67969
0.000841856 -2.64069
-0.0304561 -2.6017
-0.061754 -2.56271
0.0629194 -2.39852
-0.186946 -2.40674
0.540601 -3.23328
0.509303 -3.19429
0.478005 -3.15529
0.446707 -3.1163
0.415409 -3.07731
0.384112 -3.03832
0.352814 -2.99932
0.321516 -2.96033
0.290218 -2.92134
0.25892 -2.88234
0.227622 -2.84335
0.196324 -2.80436
0.165026 -2.76537
0.133728 -2.72637
0.10243 -2.68738
0.0711325 -2.64839
0.0398346 -2.6094
0.0085367 -2.5704
0.344082 -2.4293
0.548296 -3.16299
0.516998 -3.124
0.4857 -3.085
0.454402 -3.04601
0.423104 -3.00702
0.391806 -2.96803
0.360509 -2.92903
0.329211 -2.89004
0.297913 -2.85105
0.266615 -2.81205
0.235317 -2.77306
0.204019 -2.73407
0.172721 -2.69508
0.141423 -2.65608
0.110125 -2.61709
0.0788275 -2.5781
0.37538 -2.4683
0.367685 -2.53859
0.556509 -3.41285
0.524693 -3.05371
0.493395 -3.01471
0.462097 -2.97572
0.430799 -2.93673
0.399501 -2.89773
0.368204 -2.85874
0.336906 -2.81975
0.305608 -2.78076
0.27431 -2.74176
0.243012 -2.70277
0.211714 -2.66378
0.180416 -2.62478
0.149118 -2.58579
0.11782 -2.5468
0.406678 -2.50729
0.532388 -2.98342
0.50109 -2.94442
0.469792 -2.90543
0.438494 -2.86644
0.407196 -2.82744
0.375898 -2.78845
0.3446 -2.74946
0.313303 -2.71047
0.282005 -2.67147
0.250707 -2.63248
0.219409 -2.59349
0.188111 -2.55449
0.414373 -2.437
0.476969 -2.51498
0.445671 -2.47599
0.540083 -2.91312
0.508785 -2.87413
0.477487 -2.83514
0.446189 -2.79615
0.414891 -2.75715
0.383593 -2.71816
0.352296 -2.67917
0.320998 -2.64017
0.2897 -2.60118
0.258402 -2.56219
0.383075 -2.398
0.515962 -2.48369
0.484664 -2.44469
0.453366 -2.4057
0.547778 -2.84283
0.51648 -2.80384
0.485182 -2.76485
0.453884 -2.72586
0.422586 -2.68686
0.391288 -2.64787
0.35999 -2.60888
0.328693 -2.56988
0.54726 -2.52268
0.555991 -3.0927
0.524175 -2.73355
0.492877 -2.69456
0.461579 -2.65556
0.430281 -2.61657
0.398983 -2.57758
0.554955 -2.45239
0.523657 -2.41339
0.53187 -2.66326
0.500572 -2.62427
0.469274 -2.58527
0.437976 -2.54628
0.539565 -2.59297
0.508267 -2.55398
0.555473 -2.77254
