OR: -3.05471 1.58564 3.89126 1.8436e-38 16
-3.20471 1.43564
-3.20471 1.53564
-3.20471 1.63564
-3.20471 1.73564
-3.10471 1.43564
-3.10471 1.53564
-3.10471 1.63564
-3.10471 1.73564
-3.00471 1.43564
-3.00471 1.53564
-3.00471 1.63564
-3.00471 1.73564
-2.90471 1.43564
-2.90471 1.53564
-2.90471 1.63564
-2.90471 1.73564
CR: -3.52364 5.42696 2.74595 0.5 16
-3.67364 5.27696
-3.67364 5.37696
-3.67364 5.47696
-3.67364 5.57696
-3.57364 5.27696
-3.57364 5.37696
-3.57364 5.47696
-3.57364 5.57696
-3.47364 5.27696
-3.47364 5.37696
-3.47364 5.47696
-3.47364 5.57696
-3.37364 5.27696
-3.37364 5.37696
-3.37364 5.47696
-3.37364 5.57696
meetingroom: -4.45 -3.37963 3.1416 2 108
-5.2 -4.9
-5.2 -4.8
-5.2 -4.7
-5.2 -4.6
-5.2 -2.5
-5.2 -2.4
-5.2 -2.3
-5.2 -2.2
-5.2 -2.1
-5.2 -2
-5.2 -1.9
-5.2 -1.8
-5.2 -1.7
-5.2 -1.6
-5.2 -1.5
-5.2 -1.4
-5.2 -1.3
-5.2 -1.2
-5.1 -5
-5.1 -4.9
-5.1 -4.8
-5.1 -4.7
-5.1 -4.6
-5.1 -4.5
-5.1 -4.4
-5.1 -4.3
-5.1 -4.2
-5.1 -4.1
-5.1 -4
-5.1 -3.9
-5.1 -3.8
-5.1 -3.7
-5.1 -3.6
-5.1 -3.5
-5.1 -3.4
-5.1 -3.3
-5.1 -3.2
-5.1 -3.1
-5.1 -3
-5.1 -2.9
-5.1 -2.8
-5.1 -2.7
-5.1 -2.6
-5.1 -2.5
-5.1 -1.2
-5 -5
-5 -4.9
-5 -1.2
-4.9 -5
-4.9 -4.9
-4.9 -1.2
-4.8 -5
-4.8 -4.9
-4.8 -1.2
-4.7 -5
-4.7 -4.9
-4.7 -1.2
-4.6 -5
-4.6 -4.9
-4.6 -1.2
-4.5 -5
-4.5 -4.9
-4.5 -1.2
-4.4 -5
-4.4 -4.9
-4.4 -1.2
-4.3 -5
-4.3 -4.9
-4.3 -1.2
-4.2 -5
-4.2 -4.9
-4.2 -1.2
-4.1 -5
-4.1 -4.9
-4.1 -1.2
-4 -5
-4 -4.9
-4 -1.2
-3.9 -5
-3.9 -4.9
-3.9 -1.2
-3.8 -5
-3.8 -4.9
-3.8 -1.2
-3.7 -5
-3.7 -4.9
-3.7 -1.2
-3.6 -5
-3.6 -4.9
-3.6 -1.2
-3.5 -4.9
-3.5 -1.2
-3.4 -4.9
-3.4 -1.2
-3.3 -4.9
-3.3 -1.2
-3.2 -4.9
-3.2 -1.2
-3.1 -4.9
-3.1 -1.2
-3 -4.9
-3 -1.2
-2.9 -4.9
-2.9 -1.2
-2.8 -4.9
-2.8 -1.2
-2.7 -4.9
-2.7 -1.2
studioroom: -0.978142 3.95603 1.5708 2 398
-5.2 0.1
-5.2 0.2
-5.2 0.3
-5.2 0.4
-5.2 0.5
-5.2 0.6
-5.2 0.7
-5.2 0.8
-5.2 0.9
-5.2 1
-5.2 1.1
-5.2 1.2
-5.2 1.3
-5.2 1.4
-5.2 1.5
-5.2 1.6
-5.2 1.7
-5.2 1.8
-5.2 1.9
-5.2 2
-5.2 2.1
-5.2 2.2
-5.2 2.3
-5.2 2.4
-5.2 2.5
-5.2 2.6
-5.2 4.8
-5.2 4.9
-5.2 5
-5.2 5.1
-5.2 5.2
-5.2 5.3
-5.2 5.4
-5.2 5.5
-5.2 5.6
-5.2 5.7
-5.2 5.8
-5.2 5.9
-5.1 0
-5.1 0.1
-5.1 0.2
-5.1 0.3
-5.1 0.4
-5.1 0.5
-5.1 0.6
-5.1 0.7
-5.1 0.8
-5.1 0.9
-5.1 1
-5.1 1.1
-5.1 1.2
-5.1 1.3
-5.1 1.4
-5.1 1.5
-5.1 1.6
-5.1 1.7
-5.1 1.8
-5.1 1.9
-5.1 2
-5.1 2.1
-5.1 2.2
-5.1 2.3
-5.1 2.4
-5.1 2.5
-5.1 2.6
-5.1 2.7
-5.1 2.8
-5.1 2.9
-5.1 3
-5.1 3.1
-5.1 3.2
-5.1 3.3
-5.1 3.4
-5.1 3.5
-5.1 3.6
-5.1 3.7
-5.1 3.8
-5.1 3.9
-5.1 4
-5.1 4.1
-5.1 4.2
-5.1 4.3
-5.1 4.4
-5.1 4.5
-5.1 4.6
-5.1 4.7
-5.1 4.8
-5.1 4.9
-5.1 5
-5.1 5.1
-5.1 5.2
-5.1 5.3
-5.1 5.4
-5.1 5.5
-5.1 5.6
-5.1 5.7
-5.1 5.8
-5.1 5.9
-5.1 6
-5.1 6.1
-5.1 6.2
-5.1 6.3
-5.1 6.4
-5.1 6.5
-5.1 6.6
-5.1 6.7
-5.1 6.8
-5.1 6.9
-5 0
-5 0.1
-5 1.3
-5 1.4
-5 1.5
-5 1.6
-5 1.7
-5 6.8
-5 6.9
-4.9 0
-4.9 0.1
-4.9 6.8
-4.9 6.9
-4.8 0
-4.8 0.1
-4.8 6.8
-4.8 6.9
-4.7 0
-4.7 0.1
-4.7 6.8
-4.7 6.9
-4.6 0
-4.6 0.1
-4.6 6.8
-4.6 6.9
-4.5 0.1
-4.5 6.8
-4.5 6.9
-4.4 0.1
-4.4 6.8
-4.4 6.9
-4.3 0.1
-4.3 6.8
-4.3 6.9
-4.2 0.1
-4.2 6.8
-4.2 6.9
-4.1 0.1
-4.1 6.8
-4.1 6.9
-4 0.1
-4 6.8
-3.9 0.1
-3.9 6.8
-3.8 0.1
-3.8 6.8
-3.7 0.1
-3.7 6.8
-3.6 0.1
-3.6 6.8
-3.5 0.1
-3.5 6.8
-3.4 0.1
-3.4 6.8
-3.3 0.1
-3.3 6.8
-3.2 0.1
-3.2 6.8
-3.1 0.1
-3.1 6.8
-3 0.1
-3 6.8
-2.9 0.1
-2.9 6.8
-2.8 0.1
-2.8 6.8
-2.7 -0.2
-2.7 -0.1
-2.7 0
-2.7 0.1
-2.7 6.8
-2.6 6.6
-2.6 6.8
-2.5 6.6
-2.4 6.6
-2.3 6.6
-2.2 6.6
-2.1 6.6
-2 6.6
-1.9 6.6
-1.8 6.6
-1.8 6.7
-1.7 6.7
-1.6 0.1
-1.6 6.7
-1.6 6.8
-1.5 0.1
-1.5 6.7
-1.5 6.8
-1.4 0.1
-1.4 6.7
-1.4 6.8
-1.3 0.1
-1.3 6.7
-1.3 6.8
-1.2 0.1
-1.2 6.7
-1.2 6.8
-1.1 0.1
-1.1 6.7
-1.1 6.8
-1 0.1
-1 6.7
-1 6.8
-0.9 0.1
-0.9 6.7
-0.9 6.8
-0.8 0.1
-0.8 6.7
-0.8 6.8
-0.7 0.1
-0.7 6.7
-0.7 6.8
-0.6 0.1
-0.6 6.7
-0.6 6.8
-0.5 0.1
-0.5 6.7
-0.5 6.8
-0.4 0.1
-0.4 6.7
-0.4 6.8
-0.3 0.1
-0.3 6.7
-0.3 6.8
-0.2 0.1
-0.2 6.7
-0.2 6.8
-0.1 0.1
-0.1 6.7
-0.1 6.8
0 0.1
0 6.7
0 6.8
0.1 0.1
0.1 6.7
0.1 6.8
0.2 0.1
0.2 6.7
0.2 6.8
0.3 0.1
0.3 6.7
0.3 6.8
0.4 0.1
0.4 6.7
0.4 6.8
0.5 0.1
0.5 6.7
0.5 6.8
0.6 0.1
0.6 6.7
0.6 6.8
0.7 0.1
0.7 6.7
0.7 6.8
0.8 0.1
0.8 6.7
0.8 6.8
0.9 0.1
0.9 6.7
0.9 6.8
1 0.1
1 6.8
1.1 0.1
1.1 6.8
1.2 0.1
1.2 6.8
1.3 0.1
1.3 6.8
1.4 0.1
1.4 6.8
1.5 0.1
1.5 6.8
1.6 0.1
1.6 6.8
1.7 0.1
1.7 6.8
1.8 0.1
1.8 6.8
1.9 0.1
1.9 6.8
2 0.1
2 6.8
2.1 0.1
2.1 6.8
2.2 0.1
2.2 6.8
2.3 0.1
2.3 6.8
2.4 0.1
2.4 6.8
2.5 0.1
2.5 6.8
2.6 0.1
2.6 6.8
2.7 0.1
2.7 6.8
2.8 0.1
2.8 6.8
2.9 0.1
2.9 6.8
3 0.1
3 6.8
3.1 6.8
3.2 6.8
3.3 6.8
3.3 6.9
3.4 6.8
3.4 6.9
3.5 6.8
3.5 6.9
3.6 6.8
3.6 6.9
3.7 6.8
3.7 6.9
3.8 6.8
3.8 6.9
3.9 6.8
3.9 6.9
4 6.8
4 6.9
4.1 6.9
4.2 6.9
4.3 6.9
4.4 6.9
4.5 6.9
4.6 6.9
4.7 6.9
4.8 6.9
4.9 6.9
5 6.9
5.1 6.9
5.2 6.2
5.2 6.3
5.2 6.4
5.2 6.5
5.2 6.6
5.2 6.7
5.2 6.8
5.2 6.9
5.3 0.7
5.3 0.8
5.3 0.9
5.3 1
5.3 1.1
5.3 1.2
5.3 1.3
5.3 1.4
5.3 1.5
5.3 1.6
5.3 1.7
5.3 1.8
5.3 1.9
5.3 2
5.3 2.1
5.3 2.2
5.3 2.3
5.3 2.4
5.3 2.5
5.3 2.6
5.3 2.7
5.3 2.8
5.3 2.9
5.3 3
5.3 3.1
5.3 3.2
5.3 3.3
5.3 3.4
5.3 3.5
5.3 3.6
5.3 3.7
5.3 3.8
5.3 3.9
5.3 4
5.3 4.1
5.3 4.2
5.3 4.3
5.3 4.4
5.3 4.5
5.3 4.6
5.3 4.7
5.3 4.8
5.3 5.5
5.3 5.6
5.3 5.7
5.3 5.8
5.3 5.9
5.3 6
5.3 6.1
5.3 6.2
officeroom: 1.95993 -2.91324 0 2 272
-1.4 -1.2
-1.3 -1.2
-1.2 -1.2
-1.1 -1.2
-1 -1.2
-0.8 -2
-0.8 -2.1
-0.8 -2.4
-0.8 -2.5
-0.8 -2.6
-0.8 -2.7
-0.8 -2.8
-0.8 -2.9
-0.8 -3
-0.8 -3.1
-0.8 -3.2
-0.8 -3.3
-0.8 -3.4
-0.8 -3.5
-0.8 -3.6
-0.8 -3.7
-0.8 -3.8
-0.8 -3.9
-0.9 -1.2
-0.8 -5
-0.8 -4.9
-0.8 -4.8
-0.8 -4.7
-0.8 -4.6
-0.8 -4.5
-0.8 -4.4
-0.8 -4.3
-0.8 -4.2
-0.8 -4.1
-0.8 -2.3
-0.8 -2.2
-0.8 -1.2
-1.5 -2
-1.5 -2.1
-1.5 -2.4
-1.5 -2.5
-1.5 -2.6
-1.5 -2.7
-1.5 -2.8
-1.5 -2.9
-1.5 -3
-1.5 -3.1
-1.5 -3.2
-1.5 -3.3
-1.5 -3.4
-1.5 -3.5
-1.5 -3.6
-1.5 -3.7
-1.5 -3.8
-1.5 -3.9
-1.5 -1.2
-1.5 -5
-1.5 -4.9
-1.5 -4.8
-1.5 -4.7
-1.5 -4.6
-1.5 -4.5
-1.5 -4.4
-1.5 -4.3
-1.5 -4.2
-1.5 -4.1
-1.5 -2.3
-1.5 -2.2
-1.5 -1.2
-0.7 -5
-0.7 -1.2
-0.6 -5
-0.6 -1.2
-0.5 -5
-0.5 -1.2
-0.4 -5
-0.4 -1.2
-0.3 -5
-0.3 -1.2
-0.2 -5
-0.2 -1.3
-0.2 -1.2
-0.1 -5
-0.1 -4.9
-0.1 -1.3
-0.1 -1.2
0 -4.9
0 -1.3
0 -1.2
0.1 -4.9
0.1 -1.3
0.1 -1.2
0.2 -4.9
0.2 -1.3
0.2 -1.2
0.3 -4.9
0.3 -1.3
0.3 -1.2
0.4 -4.9
0.4 -1.3
0.4 -1.2
0.5 -4.9
0.5 -1.2
0.6 -4.9
0.6 -1.2
0.7 -4.9
0.7 -1.2
0.8 -4.9
0.8 -1.2
0.9 -4.9
0.9 -1.2
1 -4.9
1 -1.2
1.1 -4.9
1.1 -1.2
1.2 -4.9
1.2 -1.2
1.3 -4.9
1.3 -1.2
1.4 -4.9
1.4 -1.2
1.5 -4.9
1.5 -1.2
1.6 -4.9
1.6 -1.2
1.7 -4.9
1.7 -1.2
1.8 -4.9
1.8 -1.2
1.9 -4.9
1.9 -1.2
2 -4.9
2 -1.2
2.1 -4.9
2.1 -1.2
2.2 -4.9
2.2 -1.2
2.2 -1.1
2.3 -4.9
2.3 -1.2
2.3 -1.1
2.4 -4.9
2.4 -4.8
2.4 -1.2
2.4 -1.1
2.5 -4.8
2.5 -1.2
2.5 -1.1
2.6 -4.8
2.6 -1.2
2.6 -1.1
2.7 -4.8
2.7 -1.2
2.7 -1.1
2.8 -4.8
2.8 -1.2
2.8 -1.1
2.9 -4.9
2.9 -4.8
2.9 -1.2
2.9 -1.1
3 -4.9
3 -4.8
3 -1.2
3 -1.1
3.1 -4.9
3.1 -4.8
3.1 -1.2
3.1 -1.1
3.2 -4.9
3.2 -4.8
3.2 -1.1
3.3 -4.9
3.3 -1.1
3.4 -4.9
3.4 -1.1
3.5 -4.9
3.5 -1.1
3.6 -4.9
3.6 -1.1
3.7 -4.9
3.7 -1.1
3.7 -1
3.8 -4.9
3.8 -1.1
3.8 -1
3.9 -4.9
3.9 -1.1
3.9 -1
4 -5
4 -4.9
4 -1.1
4 -1
4.1 -5
4.1 -4.9
4.1 -1.1
4.1 -1
4.2 -5
4.2 -4.9
4.2 -1.1
4.2 -1
4.3 -5
4.3 -4.9
4.3 -1.1
4.3 -1
4.4 -5
4.4 -4.9
4.4 -1.1
4.4 -1
4.5 -4.9
4.5 -1.1
4.5 -1
4.6 -4.9
4.6 -1
4.7 -4.9
4.7 -1
4.8 -4.9
4.8 -1
4.9 -4.9
4.9 -1
5 -4.9
5 -1
5.1 -4.9
5.1 -1
5.2 -4.9
5.2 -1.6
5.2 -1.5
5.2 -1.4
5.2 -1.3
5.2 -1.2
5.2 -1.1
5.2 -1
5.3 -4.9
5.3 -4.8
5.3 -4.7
5.3 -4.6
5.3 -4.5
5.3 -4.4
5.3 -4.3
5.3 -4.2
5.3 -4.1
5.3 -4
5.3 -3.9
5.3 -3.8
5.3 -3.7
5.3 -3.6
5.3 -3.5
5.3 -3.4
5.3 -3.3
5.3 -3.2
5.3 -3.1
5.3 -3
5.3 -2.9
5.3 -2.8
5.3 -2.7
5.3 -2.6
5.3 -2.5
5.3 -2.4
5.3 -2.3
5.3 -2.2
5.3 -2.1
5.3 -2
5.3 -1.9
5.3 -1.8
5.3 -1.7
5.3 -1.6
5.3 -1.5
5.3 -1.4
5.3 -1.3
5.3 -1.2
5.3 -1.1
5.3 -1
room: -0.978142 3.95603 1.5708 2 398
-5.2 0.1
-5.2 0.2
-5.2 0.3
-5.2 0.4
-5.2 0.5
-5.2 0.6
-5.2 0.7
-5.2 0.8
-5.2 0.9
-5.2 1
-5.2 1.1
-5.2 1.2
-5.2 1.3
-5.2 1.4
-5.2 1.5
-5.2 1.6
-5.2 1.7
-5.2 1.8
-5.2 1.9
-5.2 2
-5.2 2.1
-5.2 2.2
-5.2 2.3
-5.2 2.4
-5.2 2.5
-5.2 2.6
-5.2 4.8
-5.2 4.9
-5.2 5
-5.2 5.1
-5.2 5.2
-5.2 5.3
-5.2 5.4
-5.2 5.5
-5.2 5.6
-5.2 5.7
-5.2 5.8
-5.2 5.9
-5.1 0
-5.1 0.1
-5.1 0.2
-5.1 0.3
-5.1 0.4
-5.1 0.5
-5.1 0.6
-5.1 0.7
-5.1 0.8
-5.1 0.9
-5.1 1
-5.1 1.1
-5.1 1.2
-5.1 1.3
-5.1 1.4
-5.1 1.5
-5.1 1.6
-5.1 1.7
-5.1 1.8
-5.1 1.9
-5.1 2
-5.1 2.1
-5.1 2.2
-5.1 2.3
-5.1 2.4
-5.1 2.5
-5.1 2.6
-5.1 2.7
-5.1 2.8
-5.1 2.9
-5.1 3
-5.1 3.1
-5.1 3.2
-5.1 3.3
-5.1 3.4
-5.1 3.5
-5.1 3.6
-5.1 3.7
-5.1 3.8
-5.1 3.9
-5.1 4
-5.1 4.1
-5.1 4.2
-5.1 4.3
-5.1 4.4
-5.1 4.5
-5.1 4.6
-5.1 4.7
-5.1 4.8
-5.1 4.9
-5.1 5
-5.1 5.1
-5.1 5.2
-5.1 5.3
-5.1 5.4
-5.1 5.5
-5.1 5.6
-5.1 5.7
-5.1 5.8
-5.1 5.9
-5.1 6
-5.1 6.1
-5.1 6.2
-5.1 6.3
-5.1 6.4
-5.1 6.5
-5.1 6.6
-5.1 6.7
-5.1 6.8
-5.1 6.9
-5 0
-5 0.1
-5 1.3
-5 1.4
-5 1.5
-5 1.6
-5 1.7
-5 6.8
-5 6.9
-4.9 0
-4.9 0.1
-4.9 6.8
-4.9 6.9
-4.8 0
-4.8 0.1
-4.8 6.8
-4.8 6.9
-4.7 0
-4.7 0.1
-4.7 6.8
-4.7 6.9
-4.6 0
-4.6 0.1
-4.6 6.8
-4.6 6.9
-4.5 0.1
-4.5 6.8
-4.5 6.9
-4.4 0.1
-4.4 6.8
-4.4 6.9
-4.3 0.1
-4.3 6.8
-4.3 6.9
-4.2 0.1
-4.2 6.8
-4.2 6.9
-4.1 0.1
-4.1 6.8
-4.1 6.9
-4 0.1
-4 6.8
-3.9 0.1
-3.9 6.8
-3.8 0.1
-3.8 6.8
-3.7 0.1
-3.7 6.8
-3.6 0.1
-3.6 6.8
-3.5 0.1
-3.5 6.8
-3.4 0.1
-3.4 6.8
-3.3 0.1
-3.3 6.8
-3.2 0.1
-3.2 6.8
-3.1 0.1
-3.1 6.8
-3 0.1
-3 6.8
-2.9 0.1
-2.9 6.8
-2.8 0.1
-2.8 6.8
-2.7 -0.2
-2.7 -0.1
-2.7 0
-2.7 0.1
-2.7 6.8
-2.6 6.6
-2.6 6.8
-2.5 6.6
-2.4 6.6
-2.3 6.6
-2.2 6.6
-2.1 6.6
-2 6.6
-1.9 6.6
-1.8 6.6
-1.8 6.7
-1.7 6.7
-1.6 0.1
-1.6 6.7
-1.6 6.8
-1.5 0.1
-1.5 6.7
-1.5 6.8
-1.4 0.1
-1.4 6.7
-1.4 6.8
-1.3 0.1
-1.3 6.7
-1.3 6.8
-1.2 0.1
-1.2 6.7
-1.2 6.8
-1.1 0.1
-1.1 6.7
-1.1 6.8
-1 0.1
-1 6.7
-1 6.8
-0.9 0.1
-0.9 6.7
-0.9 6.8
-0.8 0.1
-0.8 6.7
-0.8 6.8
-0.7 0.1
-0.7 6.7
-0.7 6.8
-0.6 0.1
-0.6 6.7
-0.6 6.8
-0.5 0.1
-0.5 6.7
-0.5 6.8
-0.4 0.1
-0.4 6.7
-0.4 6.8
-0.3 0.1
-0.3 6.7
-0.3 6.8
-0.2 0.1
-0.2 6.7
-0.2 6.8
-0.1 0.1
-0.1 6.7
-0.1 6.8
0 0.1
0 6.7
0 6.8
0.1 0.1
0.1 6.7
0.1 6.8
0.2 0.1
0.2 6.7
0.2 6.8
0.3 0.1
0.3 6.7
0.3 6.8
0.4 0.1
0.4 6.7
0.4 6.8
0.5 0.1
0.5 6.7
0.5 6.8
0.6 0.1
0.6 6.7
0.6 6.8
0.7 0.1
0.7 6.7
0.7 6.8
0.8 0.1
0.8 6.7
0.8 6.8
0.9 0.1
0.9 6.7
0.9 6.8
1 0.1
1 6.8
1.1 0.1
1.1 6.8
1.2 0.1
1.2 6.8
1.3 0.1
1.3 6.8
1.4 0.1
1.4 6.8
1.5 0.1
1.5 6.8
1.6 0.1
1.6 6.8
1.7 0.1
1.7 6.8
1.8 0.1
1.8 6.8
1.9 0.1
1.9 6.8
2 0.1
2 6.8
2.1 0.1
2.1 6.8
2.2 0.1
2.2 6.8
2.3 0.1
2.3 6.8
2.4 0.1
2.4 6.8
2.5 0.1
2.5 6.8
2.6 0.1
2.6 6.8
2.7 0.1
2.7 6.8
2.8 0.1
2.8 6.8
2.9 0.1
2.9 6.8
3 0.1
3 6.8
3.1 6.8
3.2 6.8
3.3 6.8
3.3 6.9
3.4 6.8
3.4 6.9
3.5 6.8
3.5 6.9
3.6 6.8
3.6 6.9
3.7 6.8
3.7 6.9
3.8 6.8
3.8 6.9
3.9 6.8
3.9 6.9
4 6.8
4 6.9
4.1 6.9
4.2 6.9
4.3 6.9
4.4 6.9
4.5 6.9
4.6 6.9
4.7 6.9
4.8 6.9
4.9 6.9
5 6.9
5.1 6.9
5.2 6.2
5.2 6.3
5.2 6.4
5.2 6.5
5.2 6.6
5.2 6.7
5.2 6.8
5.2 6.9
5.3 0.7
5.3 0.8
5.3 0.9
5.3 1
5.3 1.1
5.3 1.2
5.3 1.3
5.3 1.4
5.3 1.5
5.3 1.6
5.3 1.7
5.3 1.8
5.3 1.9
5.3 2
5.3 2.1
5.3 2.2
5.3 2.3
5.3 2.4
5.3 2.5
5.3 2.6
5.3 2.7
5.3 2.8
5.3 2.9
5.3 3
5.3 3.1
5.3 3.2
5.3 3.3
5.3 3.4
5.3 3.5
5.3 3.6
5.3 3.7
5.3 3.8
5.3 3.9
5.3 4
5.3 4.1
5.3 4.2
5.3 4.3
5.3 4.4
5.3 4.5
5.3 4.6
5.3 4.7
5.3 4.8
5.3 5.5
5.3 5.6
5.3 5.7
5.3 5.8
5.3 5.9
5.3 6
5.3 6.1
5.3 6.2
table: -3.86389 0.862194 -1 1 544
-4.47689 0.398245
-4.44282 0.361649
-4.51096 0.43484
-4.40623 0.395719
-4.4403 0.432315
-4.47437 0.46891
-4.37216 0.359123
-4.50844 0.505506
-4.30149 0.356597
-4.33556 0.393193
-4.36963 0.429789
-4.4037 0.466384
-4.43777 0.50298
-4.47184 0.539576
-4.50591 0.576171
-4.2649 0.390667
-4.29897 0.427263
-4.33304 0.463858
-4.36711 0.500454
-4.40118 0.53705
-4.43525 0.573646
-4.46932 0.610241
-4.23083 0.354071
-4.50339 0.646837
-4.19423 0.388141
-4.2283 0.424737
-4.26237 0.461333
-4.29644 0.497928
-4.33051 0.534524
-4.36458 0.57112
-4.39865 0.607715
-4.43272 0.644311
-4.46679 0.680907
-4.50086 0.717503
-4.16016 0.351546
-4.12357 0.385615
-4.15763 0.422211
-4.1917 0.458807
-4.22577 0.495402
-4.25984 0.531998
-4.29391 0.568594
-4.32798 0.60519
-4.36205 0.641785
-4.39612 0.678381
-4.43019 0.714977
-4.46426 0.751572
-4.49833 0.788168
-4.0895 0.34902
-4.0529 0.38309
-4.08697 0.419685
-4.12104 0.456281
-4.15511 0.492877
-4.18918 0.529472
-4.22325 0.566068
-4.25732 0.602664
-4.29139 0.639259
-4.32546 0.675855
-4.35953 0.712451
-4.3936 0.749047
-4.42767 0.785642
-4.46174 0.822238
-4.49581 0.858834
-4.01883 0.346494
-3.98223 0.380564
-4.0163 0.417159
-4.05037 0.453755
-4.08444 0.490351
-4.11851 0.526946
-4.15258 0.563542
-4.18665 0.600138
-4.22072 0.636734
-4.25479 0.673329
-4.28886 0.709925
-4.32293 0.746521
-4.357 0.783116
-4.39107 0.819712
-4.42514 0.856308
-4.45921 0.892903
-4.49328 0.929499
-3.94816 0.343968
-3.91157 0.378038
-3.94564 0.414634
-3.97971 0.451229
-4.01378 0.487825
-4.04785 0.524421
-4.08192 0.561016
-4.11599 0.597612
-4.15006 0.634208
-4.18413 0.670803
-4.2182 0.707399
-4.25227 0.743995
-4.28634 0.780591
-4.32041 0.817186
-4.35448 0.853782
-4.38855 0.890378
-4.42262 0.926973
-4.45669 0.963569
-4.49076 1.00016
-3.8775 0.341442
-3.8409 0.375512
-3.87497 0.412108
-3.90904 0.448703
-3.94311 0.485299
-3.97718 0.521895
-4.01125 0.558491
-4.04532 0.595086
-4.07939 0.631682
-4.11346 0.668278
-4.14753 0.704873
-4.1816 0.741469
-4.21567 0.778065
-4.24974 0.81466
-4.28381 0.851256
-4.31788 0.887852
-4.35195 0.924448
-4.38602 0.961043
-4.42009 0.997639
-4.45416 1.03423
-4.48823 1.07083
-3.94059 0.555965
-3.90399 0.590035
-3.93806 0.62663
-3.80683 0.338916
-3.77024 0.372986
-3.80431 0.409582
-3.83838 0.446178
-3.87245 0.482773
-3.90652 0.519369
-3.97466 0.59256
-4.00873 0.629156
-4.0428 0.665752
-4.07687 0.702347
-4.11094 0.738943
-4.14501 0.775539
-4.17908 0.812135
-4.21315 0.84873
-4.24722 0.885326
-4.28129 0.921922
-4.31536 0.958517
-4.34942 0.995113
-4.38349 1.03171
-4.41756 1.0683
-4.45163 1.1049
-4.4857 1.1415
-3.73617 0.33639
-3.69957 0.37046
-3.73364 0.407056
-3.76771 0.443652
-3.80178 0.480247
-3.83585 0.516843
-3.86992 0.553439
-3.97213 0.663226
-4.0062 0.699822
-4.04027 0.736417
-4.07434 0.773013
-4.10841 0.809609
-4.14248 0.846204
-4.17655 0.8828
-4.21062 0.919396
-4.24469 0.955992
-4.27876 0.992587
-4.31283 1.02918
-4.3469 1.06578
-4.38097 1.10237
-4.41504 1.13897
-4.44911 1.17557
-4.48318 1.21216
-3.6655 0.333865
-3.83333 0.587509
-3.8674 0.624104
-4.51725 1.24876
-3.62891 0.367934
-3.66298 0.40453
-3.69705 0.441126
-3.73112 0.477722
-3.76519 0.514317
-3.79926 0.550913
-3.90146 0.6607
-3.93553 0.697296
-3.9696 0.733891
-4.00367 0.770487
-4.03774 0.807083
-4.07181 0.843679
-4.10588 0.880274
-4.13995 0.91687
-4.17402 0.953466
-4.20809 0.990061
-4.24216 1.02666
-4.27623 1.06325
-4.3103 1.09985
-4.34437 1.13644
-4.37844 1.17304
-4.41251 1.20964
-4.44658 1.24623
-4.48065 1.28283
-3.79673 0.621578
-3.55824 0.365409
-3.59231 0.402004
-3.62638 0.4386
-3.66045 0.475196
-3.69452 0.511791
-3.72859 0.548387
-3.76266 0.584983
-3.8308 0.658174
-3.86487 0.69477
-3.89894 0.731366
-3.93301 0.767961
-3.96708 0.804557
-4.00115 0.841153
-4.03522 0.877748
-4.06929 0.914344
-4.10336 0.95094
-4.13743 0.987535
-4.1715 1.02413
-4.20557 1.06073
-4.23964 1.09732
-4.27371 1.13392
-4.30778 1.17051
-4.34185 1.20711
-4.37592 1.24371
-4.40999 1.2803
-4.44406 1.3169
-3.72606 0.619053
-3.48758 0.362883
-3.52165 0.399478
-3.55571 0.436074
-3.58978 0.47267
-3.62385 0.509266
-3.65792 0.545861
-3.69199 0.582457
-3.76013 0.655648
-3.7942 0.692244
-3.82827 0.72884
-3.86234 0.765435
-3.89641 0.802031
-3.93048 0.838627
-3.96455 0.875223
-3.99862 0.911818
-4.03269 0.948414
-4.06676 0.98501
-4.10083 1.02161
-4.1349 1.0582
-4.16897 1.0948
-4.20304 1.13139
-4.23711 1.16799
-4.27118 1.20458
-4.30525 1.24118
-4.33932 1.27778
-4.37339 1.31437
-3.41691 0.360357
-3.45098 0.396953
-3.48505 0.433548
-3.51912 0.470144
-3.55319 0.50674
-3.58726 0.543335
-3.62133 0.579931
-3.6554 0.616527
-3.68947 0.653122
-3.72354 0.689718
-3.75761 0.726314
-3.79168 0.76291
-3.82575 0.799505
-3.85982 0.836101
-3.89389 0.872697
-3.92796 0.909292
-3.96203 0.945888
-3.9961 0.982484
-4.03017 1.01908
-4.06424 1.05568
-4.09831 1.09227
-4.13238 1.12887
-4.16645 1.16546
-4.20052 1.20206
-4.23459 1.23865
-4.26866 1.27525
-4.30273 1.31185
-3.38031 0.394427
-3.41438 0.431023
-3.44845 0.467618
-3.48252 0.504214
-3.51659 0.54081
-3.55066 0.577405
-3.58473 0.614001
-3.6188 0.650597
-3.65287 0.687192
-3.68694 0.723788
-3.72101 0.760384
-3.75508 0.796979
-3.78915 0.833575
-3.82322 0.870171
-3.85729 0.906767
-3.89136 0.943362
-3.92543 0.979958
-3.9595 1.01655
-3.99357 1.05315
-4.02764 1.08975
-4.06171 1.12634
-4.09578 1.16294
-4.12985 1.19953
-4.16392 1.23613
-4.19799 1.27272
-4.23206 1.30932
-4.26613 1.34591
-3.34624 0.357831
-3.34372 0.428497
-3.37779 0.465092
-3.41186 0.501688
-3.44593 0.538284
-3.48 0.574879
-3.51407 0.611475
-3.54814 0.648071
-3.58221 0.684667
-3.61628 0.721262
-3.65035 0.757858
-3.68442 0.794454
-3.71849 0.831049
-3.75256 0.867645
-3.78663 0.904241
-3.8207 0.940836
-3.85477 0.977432
-3.88884 1.01403
-3.92291 1.05062
-3.95698 1.08722
-3.99105 1.12381
-4.02512 1.16041
-4.05919 1.19701
-4.09326 1.2336
-4.12733 1.2702
-4.16139 1.30679
-4.19546 1.34339
-3.30712 0.462566
-3.34119 0.499162
-3.37526 0.535758
-3.40933 0.572354
-3.4434 0.608949
-3.47747 0.645545
-3.51154 0.682141
-3.54561 0.718736
-3.57968 0.755332
-3.61375 0.791928
-3.64782 0.828523
-3.68189 0.865119
-3.71596 0.901715
-3.75003 0.938311
-3.7841 0.974906
-3.81817 1.0115
-3.85224 1.0481
-3.88631 1.08469
-3.92038 1.12129
-3.95445 1.15788
-3.98852 1.19448
-4.02259 1.23108
-4.05666 1.26767
-4.09073 1.30427
-4.1248 1.34086
-4.15887 1.37746
-3.3046 0.533232
-3.33867 0.569828
-3.37274 0.606423
-3.40681 0.643019
-3.44088 0.679615
-3.47495 0.716211
-3.50902 0.752806
-3.54309 0.789402
-3.57716 0.825998
-3.61123 0.862593
-3.6453 0.899189
-3.67937 0.935785
-3.71343 0.97238
-3.7475 1.00898
-3.78157 1.04557
-3.81564 1.08217
-3.84971 1.11876
-3.88378 1.15536
-3.91785 1.19195
-3.95192 1.22855
-3.98599 1.26515
-4.02006 1.30174
-4.05413 1.33834
-4.0882 1.37493
-3.268 0.567302
-3.30207 0.603898
-3.33614 0.640493
-3.37021 0.677089
-3.40428 0.713685
-3.43835 0.75028
-3.47242 0.786876
-3.50649 0.823472
-3.54056 0.860067
-3.57463 0.896663
-3.6087 0.933259
-3.64277 0.969855
-3.67684 1.00645
-3.71091 1.04305
-3.74498 1.07964
-3.77905 1.11624
-3.81312 1.15283
-3.84719 1.18943
-3.88126 1.22602
-3.91533 1.26262
-3.9494 1.29922
-3.98347 1.33581
-4.01754 1.37241
-3.26548 0.637967
-3.29954 0.674563
-3.33361 0.711159
-3.36768 0.747755
-3.40175 0.78435
-3.43582 0.820946
-3.46989 0.857542
-3.50396 0.894137
-3.53803 0.930733
-3.5721 0.967329
-3.60617 1.00392
-3.64024 1.04052
-3.67431 1.07712
-3.70838 1.11371
-3.74245 1.15031
-3.77652 1.1869
-3.81059 1.2235
-3.84466 1.26009
-3.87873 1.29669
-3.9128 1.33329
-3.94687 1.36988
-4.40746 1.35097
-3.22888 0.672037
-3.26295 0.708633
-3.29702 0.745229
-3.33109 0.781824
-3.36516 0.81842
-3.39923 0.855016
-3.4333 0.891611
-3.46737 0.928207
-3.50144 0.964803
-3.53551 1.0014
-3.56958 1.03799
-3.60365 1.07459
-3.63772 1.11119
-3.67179 1.14778
-3.70586 1.18438
-3.73993 1.22097
-3.774 1.25757
-3.80807 1.29416
-3.84214 1.33076
-3.87621 1.36736
-3.22635 0.742703
-3.26042 0.779299
-3.29449 0.815894
-3.32856 0.85249
-3.36263 0.889086
-3.3967 0.925681
-3.43077 0.962277
-3.46484 0.998873
-3.49891 1.03547
-3.53298 1.07206
-3.56705 1.10866
-3.60112 1.14526
-3.63519 1.18185
-3.66926 1.21845
-3.70333 1.25504
-3.7374 1.29164
-3.77147 1.32823
-3.80554 1.36483
-3.18976 0.776773
-3.22383 0.813368
-3.2579 0.849964
-3.29197 0.88656
-3.32604 0.923156
-3.36011 0.959751
-3.39418 0.996347
-3.42825 1.03294
-3.46232 1.06954
-3.49639 1.10613
-3.53046 1.14273
-3.56453 1.17933
-3.5986 1.21592
-3.63267 1.25252
-3.66674 1.28911
-3.70081 1.32571
-3.73488 1.3623
-3.18723 0.847438
-3.2213 0.884034
-3.25537 0.92063
-3.28944 0.957225
-3.32351 0.993821
-3.35758 1.03042
-3.39165 1.06701
-3.42572 1.10361
-3.45979 1.1402
-3.49386 1.1768
-3.52793 1.2134
-3.562 1.24999
-3.59607 1.28659
-3.63014 1.32318
-3.66421 1.35978
-3.69828 1.39637
-3.18471 0.918104
-3.21878 0.9547
-3.25285 0.991295
-3.28692 1.02789
-3.32099 1.06449
-3.35506 1.10108
-3.38913 1.13768
-3.4232 1.17427
-3.45726 1.21087
-3.49133 1.24747
-3.5254 1.28406
-3.55947 1.32066
-3.59354 1.35725
-3.62761 1.39385
-4.44153 1.38756
-4.47813 1.35349
-3.18218 0.988769
-3.21625 1.02537
-3.25032 1.06196
-3.28439 1.09856
-3.31846 1.13515
-3.35253 1.17175
-3.3866 1.20834
-3.42067 1.24494
-3.45474 1.28153
-3.48881 1.31813
-3.52288 1.35473
-3.55695 1.39132
-3.17965 1.05943
-3.21372 1.09603
-3.24779 1.13263
-3.28186 1.16922
-3.31593 1.20582
-3.35 1.24241
-3.38407 1.27901
-3.41814 1.3156
-3.45221 1.3522
-3.48628 1.3888
-3.27305 0.425971
-3.17713 1.1301
-3.2112 1.1667
-3.24527 1.20329
-3.27934 1.23989
-3.31341 1.27648
-3.34748 1.31308
-3.38155 1.34967
-3.41562 1.38627
-3.23898 0.389375
table: -4.44189 5.7989 -1 0.765695 565
-4.49786 5.75469
-4.47864 5.70853
-4.4517 5.77391
-4.52479 5.6893
-4.54402 5.73546
-4.94393 6.43551
-4.89778 6.45473
-4.92471 6.38935
-4.87855 6.40858
-4.8324 6.4278
-4.78624 6.44703
-4.95164 6.32397
-4.85933 6.36242
-4.81317 6.38165
-4.76701 6.40087
-4.72086 6.4201
-4.6747 6.43932
-4.62855 6.45855
-4.58239 6.47777
-4.93241 6.27781
-4.8401 6.31627
-4.79395 6.33549
-4.74779 6.35472
-4.70163 6.37394
-4.65548 6.39317
-4.60932 6.41239
-4.56316 6.43162
-4.51701 6.45084
-4.47085 6.47007
-4.95934 6.21243
-4.91319 6.23166
-4.86703 6.25088
-4.82088 6.27011
-4.77472 6.28933
-4.72856 6.30856
-4.68241 6.32778
-4.63625 6.34701
-4.5901 6.36624
-4.54394 6.38546
-4.49778 6.40469
-4.45163 6.42391
-4.40547 6.44314
-4.35932 6.46236
-4.94012 6.16628
-4.89396 6.1855
-4.84781 6.20473
-4.80165 6.22395
-4.7555 6.24318
-4.70934 6.2624
-4.66318 6.28163
-4.61703 6.30085
-4.57087 6.32008
-4.52471 6.3393
-4.47856 6.35853
-4.4324 6.37776
-4.38625 6.39698
-4.34009 6.41621
-4.29393 6.43543
-4.24778 6.45466
-4.20162 6.47388
-4.96705 6.1009
-4.92089 6.12012
-4.87474 6.13935
-4.82858 6.15857
-4.73627 6.19702
-4.69011 6.21625
-4.64396 6.23547
-4.5978 6.2547
-4.55165 6.27392
-4.50549 6.29315
-4.45933 6.31237
-4.41318 6.3316
-4.36702 6.35082
-4.32086 6.37005
-4.27471 6.38927
-4.22855 6.4085
-4.1824 6.42772
-4.13624 6.44695
-4.09008 6.46618
-4.94783 6.05474
-4.90167 6.07396
-4.85551 6.09319
-4.80936 6.11242
-4.71704 6.15087
-4.67089 6.17009
-4.62473 6.18932
-4.57858 6.20854
-4.53242 6.22777
-4.48626 6.24699
-4.44011 6.26622
-4.39395 6.28544
-4.3478 6.30467
-4.30164 6.32389
-4.25548 6.34312
-4.20933 6.36234
-4.16317 6.38157
-4.11701 6.40079
-4.07086 6.42002
-4.0247 6.43925
-3.97855 6.45847
-4.9286 6.00858
-4.88244 6.02781
-4.83629 6.04703
-4.79013 6.06626
-4.69782 6.10471
-4.65166 6.12393
-4.60551 6.14316
-4.55935 6.16239
-4.51319 6.18161
-4.46704 6.20084
-4.42088 6.22006
-4.37473 6.23929
-4.32857 6.25851
-4.28241 6.27774
-4.23626 6.29696
-4.1901 6.31619
-4.14395 6.33541
-4.09779 6.35464
-4.05163 6.37386
-4.00548 6.39309
-3.95932 6.41231
-3.93239 6.4777
-4.97476 5.98936
-4.74398 6.08548
-4.95553 5.9432
-4.90937 5.96243
-4.86322 5.98165
-4.81706 6.00088
-4.77091 6.0201
-4.72475 6.03933
-4.67859 6.05855
-4.63244 6.07778
-4.58628 6.097
-4.54013 6.11623
-4.49397 6.13545
-4.44781 6.15468
-4.40166 6.17391
-4.3555 6.19313
-4.30934 6.21236
-4.26319 6.23158
-4.21703 6.25081
-4.17088 6.27003
-4.12472 6.28926
-4.07856 6.30848
-4.03241 6.32771
-3.98625 6.34693
-3.9401 6.36616
-4.93631 5.89705
-4.89015 5.91627
-4.84399 5.9355
-4.79784 5.95472
-4.75168 5.97395
-4.70552 5.99317
-4.65937 6.0124
-4.61321 6.03162
-4.56706 6.05085
-4.5209 6.07007
-4.47474 6.0893
-4.42859 6.10852
-4.38243 6.12775
-4.33628 6.14697
-4.29012 6.1662
-4.24396 6.18542
-4.19781 6.20465
-4.15165 6.22388
-4.10549 6.2431
-4.05934 6.26233
-4.01318 6.28155
-3.96703 6.30078
-3.92087 6.32
-4.96324 5.83166
-4.91708 5.85089
-4.87092 5.87011
-4.82477 5.88934
-4.77861 5.90857
-4.73246 5.92779
-4.6863 5.94702
-4.64014 5.96624
-4.59399 5.98547
-4.54783 6.00469
-4.50167 6.02392
-4.45552 6.04314
-4.40936 6.06237
-4.36321 6.08159
-4.31705 6.10082
-4.27089 6.12004
-4.22474 6.13927
-4.17858 6.15849
-4.13243 6.17772
-4.08627 6.19694
-4.04011 6.21617
-3.99396 6.2354
-3.9478 6.25462
-4.94401 5.78551
-4.89785 5.80473
-4.8517 5.82396
-4.80554 5.84318
-4.75939 5.86241
-4.71323 5.88163
-4.66707 5.90086
-4.62092 5.92008
-4.57476 5.93931
-4.52861 5.95854
-4.48245 5.97776
-4.43629 5.99699
-4.39014 6.01621
-4.34398 6.03544
-4.29783 6.05466
-4.25167 6.07389
-4.20551 6.09311
-4.15936 6.11234
-4.1132 6.13156
-4.06704 6.15079
-4.02089 6.17001
-3.97473 6.18924
-3.92858 6.20846
-4.92479 5.73935
-4.87863 5.75858
-4.83247 5.7778
-4.78632 5.79703
-4.74016 5.81625
-4.69401 5.83548
-4.64785 5.8547
-4.60169 5.87393
-4.55554 5.89315
-4.50938 5.91238
-4.46322 5.9316
-4.41707 5.95083
-4.37091 5.97006
-4.32476 5.98928
-4.2786 6.00851
-4.23244 6.02773
-4.18629 6.04696
-4.14013 6.06618
-4.09398 6.08541
-4.04782 6.10463
-4.00166 6.12386
-3.95551 6.14308
-4.97094 5.72013
-4.95172 5.67397
-4.90556 5.6932
-4.8594 5.71242
-4.81325 5.73165
-4.76709 5.75087
-4.72094 5.7701
-4.67478 5.78932
-4.62862 5.80855
-4.58247 5.82777
-4.53631 5.847
-4.49016 5.86622
-4.444 5.88545
-4.39784 5.90467
-4.35169 5.9239
-4.30553 5.94312
-4.25937 5.96235
-4.21322 5.98158
-4.16706 6.0008
-4.12091 6.02003
-4.07475 6.03925
-4.02859 6.05848
-3.98244 6.0777
-3.93628 6.09693
-4.93249 5.62781
-4.88634 5.64704
-4.84018 5.66627
-4.79402 5.68549
-4.74787 5.70472
-4.70171 5.72394
-4.65555 5.74317
-4.6094 5.76239
-4.56324 5.78162
-4.51709 5.80084
-4.47093 5.82007
-4.42477 5.83929
-4.37862 5.85852
-4.33246 5.87774
-4.28631 5.89697
-4.24015 5.91619
-4.19399 5.93542
-4.14784 5.95464
-4.10168 5.97387
-4.05552 5.99309
-4.00937 6.01232
-3.96321 6.03155
-3.91706 6.05077
-4.95942 5.56243
-4.91327 5.58166
-4.86711 5.60088
-4.82095 5.62011
-4.7748 5.63933
-4.72864 5.65856
-4.68249 5.67778
-4.63633 5.69701
-4.59017 5.71624
-4.40555 5.79314
-4.35939 5.81236
-4.31324 5.83159
-4.26708 5.85081
-4.22092 5.87004
-4.17477 5.88926
-4.12861 5.90849
-4.08246 5.92771
-4.0363 5.94694
-3.99014 5.96616
-3.94399 5.98539
-4.9402 5.51628
-4.89404 5.5355
-4.84788 5.55473
-4.80173 5.57395
-4.75557 5.59318
-4.70942 5.6124
-4.66326 5.63163
-4.6171 5.65085
-4.57095 5.67008
-4.43248 5.72776
-4.38632 5.74698
-4.34017 5.76621
-4.29401 5.78543
-4.24785 5.80466
-4.2017 5.82388
-4.15554 5.84311
-4.10939 5.86233
-4.06323 5.88156
-4.01707 5.90078
-3.97092 5.92001
-3.92476 5.93923
-4.92097 5.47012
-4.87482 5.48935
-4.82866 5.50857
-4.7825 5.5278
-4.73635 5.54702
-4.69019 5.56625
-4.64403 5.58547
-4.59788 5.6047
-4.55172 5.62392
-4.50557 5.64315
-4.45941 5.66237
-4.41325 5.6816
-4.3671 5.70082
-4.32094 5.72005
-4.27479 5.73927
-4.22863 5.7585
-4.18247 5.77773
-4.13632 5.79695
-4.09016 5.81618
-4.044 5.8354
-3.99785 5.85463
-3.95169 5.87385
-4.96713 5.4509
-4.9479 5.40474
-4.90175 5.42396
-4.85559 5.44319
-4.80943 5.46242
-4.76328 5.48164
-4.71712 5.50087
-4.67097 5.52009
-4.62481 5.53932
-4.57865 5.55854
-4.5325 5.57777
-4.48634 5.59699
-4.44019 5.61622
-4.39403 5.63544
-4.34787 5.65467
-4.30172 5.67389
-4.25556 5.69312
-4.2094 5.71234
-4.16325 5.73157
-4.11709 5.75079
-4.07094 5.77002
-4.02478 5.78925
-3.97862 5.80847
-3.93247 5.8277
-4.92868 5.35858
-4.88252 5.37781
-4.83636 5.39703
-4.79021 5.41626
-4.74405 5.43548
-4.6979 5.45471
-4.65174 5.47394
-4.60558 5.49316
-4.55943 5.51239
-4.51327 5.53161
-4.46712 5.55084
-4.42096 5.57006
-4.3748 5.58929
-4.32865 5.60851
-4.28249 5.62774
-4.23633 5.64696
-4.19018 5.66619
-4.14402 5.68541
-4.09787 5.70464
-4.05171 5.72386
-4.00555 5.74309
-3.9594 5.76231
-4.97483 5.33936
-4.95561 5.2932
-4.90945 5.31243
-4.8633 5.33165
-4.81714 5.35088
-4.77098 5.3701
-4.72483 5.38933
-4.67867 5.40855
-4.63251 5.42778
-4.58636 5.447
-4.5402 5.46623
-4.49405 5.48545
-4.44789 5.50468
-4.40173 5.5239
-4.35558 5.54313
-4.30942 5.56236
-4.26327 5.58158
-4.21711 5.60081
-4.17095 5.62003
-4.1248 5.63926
-4.07864 5.65848
-4.03249 5.67771
-3.98633 5.69693
-3.94017 5.71616
-4.93638 5.24705
-4.89023 5.26627
-4.84407 5.2855
-4.79791 5.30472
-4.75176 5.32395
-4.7056 5.34317
-4.65945 5.3624
-4.61329 5.38162
-4.56713 5.40085
-4.52098 5.42007
-4.47482 5.4393
-4.42867 5.45852
-4.38251 5.47775
-4.33635 5.49697
-4.2902 5.5162
-4.24404 5.53543
-4.19788 5.55465
-4.15173 5.57388
-4.10557 5.5931
-4.05942 5.61233
-4.01326 5.63155
-3.9671 5.65078
-3.92095 5.67
-4.96331 5.18166
-4.91716 5.20089
-4.871 5.22011
-4.82485 5.23934
-4.77869 5.25857
-4.73253 5.27779
-4.68638 5.29702
-4.64022 5.31624
-4.59406 5.33547
-4.54791 5.35469
-4.50175 5.37392
-4.4556 5.39314
-4.40944 5.41237
-4.36328 5.43159
-4.31713 5.45082
-4.27097 5.47004
-4.22482 5.48927
-4.17866 5.50849
-4.1325 5.52772
-4.08635 5.54694
-4.04019 5.56617
-3.99403 5.5854
-3.94788 5.60462
-4.94409 5.13551
-4.89793 5.15473
-4.85178 5.17396
-4.80562 5.19318
-4.75946 5.21241
-4.71331 5.23163
-4.66715 5.25086
-4.621 5.27008
-4.57484 5.28931
-4.52868 5.30854
-4.48253 5.32776
-4.43637 5.34699
-4.39021 5.36621
-4.34406 5.38544
-4.2979 5.40466
-4.25175 5.42389
-4.20559 5.44311
-4.15943 5.46234
-4.11328 5.48156
-4.06712 5.50079
-4.02097 5.52001
-3.97481 5.53924
-3.92865 5.55846
-4.78639 5.14703
-4.74024 5.16625
-4.69408 5.18548
-4.64793 5.2047
-4.60177 5.22393
-4.55561 5.24315
-4.50946 5.26238
-4.4633 5.2816
-4.41715 5.30083
-4.37099 5.32006
-4.32483 5.33928
-4.27868 5.35851
-4.23252 5.37773
-4.18637 5.39696
-4.14021 5.41618
-4.09405 5.43541
-4.0479 5.45463
-4.00174 5.47386
-3.95558 5.49308
-4.67486 5.13932
-4.6287 5.15855
-4.58254 5.17777
-4.53639 5.197
-4.49023 5.21622
-4.44408 5.23545
-4.39792 5.25467
-4.35176 5.2739
-4.30561 5.29312
-4.25945 5.31235
-4.2133 5.33157
-4.16714 5.3508
-4.12098 5.37003
-4.07483 5.38925
-4.02867 5.40848
-3.98252 5.4277
-3.93636 5.44693
-4.56332 5.13162
-4.51716 5.15084
-4.47101 5.17007
-4.42485 5.18929
-4.3787 5.20852
-4.33254 5.22774
-4.28638 5.24697
-4.24023 5.26619
-4.19407 5.28542
-4.14791 5.30464
-4.10176 5.32387
-4.0556 5.34309
-4.00945 5.36232
-3.96329 5.38155
-4.40563 5.14314
-4.35947 5.16236
-4.31331 5.18159
-4.26716 5.20081
-4.221 5.22004
-4.17485 5.23926
-4.12869 5.25849
-4.08253 5.27771
-4.03638 5.29694
-3.99022 5.31616
-3.94406 5.33539
-4.29409 5.13543
-4.24793 5.15466
-4.20178 5.17388
-4.15562 5.19311
-4.10946 5.21233
-4.06331 5.23156
-4.01715 5.25078
-3.971 5.27001
-3.92484 5.28923
-4.13639 5.14695
-4.09024 5.16618
-4.04408 5.1854
-3.99793 5.20463
-3.95177 5.22385
-4.02486 5.13925
-3.9787 5.15847
-3.93254 5.1777
chair: -3.24809 5.81601 4.46722 0.410075 165
-3.55551 6.09304
-3.53629 6.04688
-3.49013 6.0661
-3.50936 6.11226
-3.44398 6.08533
-3.39782 6.10456
-3.37859 6.0584
-3.33244 6.07762
-3.28628 6.09685
-3.26706 6.05069
-3.2209 6.06992
-3.17474 6.08914
-3.12859 6.10837
-3.10936 6.06221
-3.06321 6.08144
-3.01705 6.10066
-2.99783 6.05451
-2.95167 6.07373
-3.15552 6.04299
-3.42475 6.03917
-3.58244 6.02765
-3.04398 6.03528
-3.51706 6.00072
-3.56322 5.9815
-3.54399 5.93534
-3.49784 5.95457
-2.93244 6.02758
-3.59015 5.91612
-3.52477 5.88919
-3.57092 5.86996
-3.31321 6.03147
-2.9786 6.00835
-3.5517 5.8238
-3.50554 5.84303
-2.95937 5.9622
-2.91322 5.98142
-3.53247 5.77765
-3.48632 5.79687
-3.57863 5.75842
-3.00553 5.94297
-2.94015 5.91604
-3.5594 5.71227
-3.51325 5.73149
-2.98631 5.89681
-3.47091 6.01995
-2.92092 5.86988
-3.54018 5.66611
-2.96708 5.85066
-3.49402 5.68534
-3.20167 6.02376
-2.99401 5.78528
-2.94785 5.8045
-3.01324 5.83143
-2.97479 5.73912
-2.92863 5.75835
-2.9094 5.71219
-2.95556 5.69296
-3.45168 5.97379
-3.40552 5.99302
-3.35937 6.01224
-3.00172 5.67374
-3.58634 5.64689
-3.47861 5.90841
-3.43246 5.92764
-3.3863 5.94686
-3.34014 5.96609
-3.29399 5.98531
-3.24783 6.00454
-2.93634 5.64681
-3.45939 5.86226
-3.41323 5.88148
-3.36707 5.90071
-3.32092 5.91993
-3.27476 5.93916
-3.22861 5.95838
-3.18245 5.97761
-3.13629 5.99683
-3.09014 6.01606
-2.97089 6.11989
-3.44016 5.8161
-3.39401 5.83532
-3.34785 5.85455
-3.30169 5.87377
-3.25554 5.893
-3.20938 5.91223
-3.16322 5.93145
-3.11707 5.95068
-3.07091 5.9699
-3.02476 5.98913
-3.52095 5.61995
-3.46709 5.75072
-3.42094 5.76994
-3.37478 5.78917
-3.32862 5.80839
-3.28247 5.82762
-3.23631 5.84684
-3.19016 5.86607
-3.144 5.88529
-3.09784 5.90452
-3.05169 5.92374
-3.44787 5.70456
-3.40171 5.72379
-3.35555 5.74301
-3.3094 5.76224
-3.26324 5.78146
-3.21709 5.80069
-3.17093 5.81991
-3.12477 5.83914
-3.07862 5.85836
-3.03246 5.87759
-2.98249 5.62758
-3.56711 5.60073
-3.4748 5.63918
-3.42864 5.6584
-3.38249 5.67763
-3.33633 5.69686
-3.29017 5.71608
-3.24402 5.73531
-3.19786 5.75453
-3.1517 5.77376
-3.10555 5.79298
-3.05939 5.81221
-3.54788 5.55457
-3.50173 5.5738
-3.45557 5.59302
-3.40942 5.61225
-3.36326 5.63147
-3.3171 5.6507
-3.27095 5.66992
-3.22479 5.68915
-3.17864 5.70838
-3.13248 5.7276
-3.08632 5.74683
-3.04017 5.76605
-3.4825 5.52764
-3.43635 5.54687
-3.39019 5.56609
-3.34403 5.58532
-3.29788 5.60454
-3.25172 5.62377
-3.20557 5.64299
-3.15941 5.66222
-3.11325 5.68144
-3.0671 5.70067
-3.02094 5.71989
-3.37097 5.51994
-3.32481 5.53916
-3.27865 5.55839
-3.2325 5.57761
-3.18634 5.59684
-3.14018 5.61606
-3.09403 5.63529
-3.04787 5.65451
-3.21327 5.53146
-3.16712 5.55068
-3.12096 5.56991
-3.0748 5.58913
-3.02865 5.60836
-3.10173 5.52375
-3.05558 5.54298
-3.00942 5.5622
-2.96327 5.58143
-2.91711 5.60065
-2.94404 5.53527
-2.9902 5.51605
