OR: -2.1091 -3.36435 2.62671 1.27257e-37 16
-2.2591 -3.51435
-2.2591 -3.41435
-2.2591 -3.31435
-2.2591 -3.21435
-2.1591 -3.51435
-2.1591 -3.41435
-2.1591 -3.31435
-2.1591 -3.21435
-2.0591 -3.51435
-2.0591 -3.41435
-2.0591 -3.31435
-2.0591 -3.21435
-1.9591 -3.51435
-1.9591 -3.41435
-1.9591 -3.31435
-1.9591 -3.21435
CR: -2.86213 -3.26844 3.08073 0.5 16
-3.01213 -3.41844
-3.01213 -3.31844
-3.01213 -3.21844
-3.01213 -3.11844
-2.91213 -3.41844
-2.91213 -3.31844
-2.91213 -3.21844
-2.91213 -3.11844
-2.81213 -3.41844
-2.81213 -3.31844
-2.81213 -3.21844
-2.81213 -3.11844
-2.71213 -3.41844
-2.71213 -3.31844
-2.71213 -3.21844
-2.71213 -3.11844
meetingroom: -4.45 -3.37963 3.1416 1 108
-5.2 -4.9
-5.2 -4.8
-5.2 -4.7
-5.2 -4.6
-5.2 -2.5
-5.2 -2.4
-5.2 -2.3
-5.2 -2.2
-5.2 -2.1
-5.2 -2
-5.2 -1.9
-5.2 -1.8
-5.2 -1.7
-5.2 -1.6
-5.2 -1.5
-5.2 -1.4
-5.2 -1.3
-5.2 -1.2
-5.1 -5
-5.1 -4.9
-5.1 -4.8
-5.1 -4.7
-5.1 -4.6
-5.1 -4.5
-5.1 -4.4
-5.1 -4.3
-5.1 -4.2
-5.1 -4.1
-5.1 -4
-5.1 -3.9
-5.1 -3.8
-5.1 -3.7
-5.1 -3.6
-5.1 -3.5
-5.1 -3.4
-5.1 -3.3
-5.1 -3.2
-5.1 -3.1
-5.1 -3
-5.1 -2.9
-5.1 -2.8
-5.1 -2.7
-5.1 -2.6
-5.1 -2.5
-5.1 -1.2
-5 -5
-5 -4.9
-5 -1.2
-4.9 -5
-4.9 -4.9
-4.9 -1.2
-4.8 -5
-4.8 -4.9
-4.8 -1.2
-4.7 -5
-4.7 -4.9
-4.7 -1.2
-4.6 -5
-4.6 -4.9
-4.6 -1.2
-4.5 -5
-4.5 -4.9
-4.5 -1.2
-4.4 -5
-4.4 -4.9
-4.4 -1.2
-4.3 -5
-4.3 -4.9
-4.3 -1.2
-4.2 -5
-4.2 -4.9
-4.2 -1.2
-4.1 -5
-4.1 -4.9
-4.1 -1.2
-4 -5
-4 -4.9
-4 -1.2
-3.9 -5
-3.9 -4.9
-3.9 -1.2
-3.8 -5
-3.8 -4.9
-3.8 -1.2
-3.7 -5
-3.7 -4.9
-3.7 -1.2
-3.6 -5
-3.6 -4.9
-3.6 -1.2
-3.5 -4.9
-3.5 -1.2
-3.4 -4.9
-3.4 -1.2
-3.3 -4.9
-3.3 -1.2
-3.2 -4.9
-3.2 -1.2
-3.1 -4.9
-3.1 -1.2
-3 -4.9
-3 -1.2
-2.9 -4.9
-2.9 -1.2
-2.8 -4.9
-2.8 -1.2
-2.7 -4.9
-2.7 -1.2
studioroom: -0.978142 3.95603 1.5708 1 398
-5.2 0.1
-5.2 0.2
-5.2 0.3
-5.2 0.4
-5.2 0.5
-5.2 0.6
-5.2 0.7
-5.2 0.8
-5.2 0.9
-5.2 1
-5.2 1.1
-5.2 1.2
-5.2 1.3
-5.2 1.4
-5.2 1.5
-5.2 1.6
-5.2 1.7
-5.2 1.8
-5.2 1.9
-5.2 2
-5.2 2.1
-5.2 2.2
-5.2 2.3
-5.2 2.4
-5.2 2.5
-5.2 2.6
-5.2 4.8
-5.2 4.9
-5.2 5
-5.2 5.1
-5.2 5.2
-5.2 5.3
-5.2 5.4
-5.2 5.5
-5.2 5.6
-5.2 5.7
-5.2 5.8
-5.2 5.9
-5.1 0
-5.1 0.1
-5.1 0.2
-5.1 0.3
-5.1 0.4
-5.1 0.5
-5.1 0.6
-5.1 0.7
-5.1 0.8
-5.1 0.9
-5.1 1
-5.1 1.1
-5.1 1.2
-5.1 1.3
-5.1 1.4
-5.1 1.5
-5.1 1.6
-5.1 1.7
-5.1 1.8
-5.1 1.9
-5.1 2
-5.1 2.1
-5.1 2.2
-5.1 2.3
-5.1 2.4
-5.1 2.5
-5.1 2.6
-5.1 2.7
-5.1 2.8
-5.1 2.9
-5.1 3
-5.1 3.1
-5.1 3.2
-5.1 3.3
-5.1 3.4
-5.1 3.5
-5.1 3.6
-5.1 3.7
-5.1 3.8
-5.1 3.9
-5.1 4
-5.1 4.1
-5.1 4.2
-5.1 4.3
-5.1 4.4
-5.1 4.5
-5.1 4.6
-5.1 4.7
-5.1 4.8
-5.1 4.9
-5.1 5
-5.1 5.1
-5.1 5.2
-5.1 5.3
-5.1 5.4
-5.1 5.5
-5.1 5.6
-5.1 5.7
-5.1 5.8
-5.1 5.9
-5.1 6
-5.1 6.1
-5.1 6.2
-5.1 6.3
-5.1 6.4
-5.1 6.5
-5.1 6.6
-5.1 6.7
-5.1 6.8
-5.1 6.9
-5 0
-5 0.1
-5 1.3
-5 1.4
-5 1.5
-5 1.6
-5 1.7
-5 6.8
-5 6.9
-4.9 0
-4.9 0.1
-4.9 6.8
-4.9 6.9
-4.8 0
-4.8 0.1
-4.8 6.8
-4.8 6.9
-4.7 0
-4.7 0.1
-4.7 6.8
-4.7 6.9
-4.6 0
-4.6 0.1
-4.6 6.8
-4.6 6.9
-4.5 0.1
-4.5 6.8
-4.5 6.9
-4.4 0.1
-4.4 6.8
-4.4 6.9
-4.3 0.1
-4.3 6.8
-4.3 6.9
-4.2 0.1
-4.2 6.8
-4.2 6.9
-4.1 0.1
-4.1 6.8
-4.1 6.9
-4 0.1
-4 6.8
-3.9 0.1
-3.9 6.8
-3.8 0.1
-3.8 6.8
-3.7 0.1
-3.7 6.8
-3.6 0.1
-3.6 6.8
-3.5 0.1
-3.5 6.8
-3.4 0.1
-3.4 6.8
-3.3 0.1
-3.3 6.8
-3.2 0.1
-3.2 6.8
-3.1 0.1
-3.1 6.8
-3 0.1
-3 6.8
-2.9 0.1
-2.9 6.8
-2.8 0.1
-2.8 6.8
-2.7 -0.2
-2.7 -0.1
-2.7 0
-2.7 0.1
-2.7 6.8
-2.6 6.6
-2.6 6.8
-2.5 6.6
-2.4 6.6
-2.3 6.6
-2.2 6.6
-2.1 6.6
-2 6.6
-1.9 6.6
-1.8 6.6
-1.8 6.7
-1.7 6.7
-1.6 0.1
-1.6 6.7
-1.6 6.8
-1.5 0.1
-1.5 6.7
-1.5 6.8
-1.4 0.1
-1.4 6.7
-1.4 6.8
-1.3 0.1
-1.3 6.7
-1.3 6.8
-1.2 0.1
-1.2 6.7
-1.2 6.8
-1.1 0.1
-1.1 6.7
-1.1 6.8
-1 0.1
-1 6.7
-1 6.8
-0.9 0.1
-0.9 6.7
-0.9 6.8
-0.8 0.1
-0.8 6.7
-0.8 6.8
-0.7 0.1
-0.7 6.7
-0.7 6.8
-0.6 0.1
-0.6 6.7
-0.6 6.8
-0.5 0.1
-0.5 6.7
-0.5 6.8
-0.4 0.1
-0.4 6.7
-0.4 6.8
-0.3 0.1
-0.3 6.7
-0.3 6.8
-0.2 0.1
-0.2 6.7
-0.2 6.8
-0.1 0.1
-0.1 6.7
-0.1 6.8
0 0.1
0 6.7
0 6.8
0.1 0.1
0.1 6.7
0.1 6.8
0.2 0.1
0.2 6.7
0.2 6.8
0.3 0.1
0.3 6.7
0.3 6.8
0.4 0.1
0.4 6.7
0.4 6.8
0.5 0.1
0.5 6.7
0.5 6.8
0.6 0.1
0.6 6.7
0.6 6.8
0.7 0.1
0.7 6.7
0.7 6.8
0.8 0.1
0.8 6.7
0.8 6.8
0.9 0.1
0.9 6.7
0.9 6.8
1 0.1
1 6.8
1.1 0.1
1.1 6.8
1.2 0.1
1.2 6.8
1.3 0.1
1.3 6.8
1.4 0.1
1.4 6.8
1.5 0.1
1.5 6.8
1.6 0.1
1.6 6.8
1.7 0.1
1.7 6.8
1.8 0.1
1.8 6.8
1.9 0.1
1.9 6.8
2 0.1
2 6.8
2.1 0.1
2.1 6.8
2.2 0.1
2.2 6.8
2.3 0.1
2.3 6.8
2.4 0.1
2.4 6.8
2.5 0.1
2.5 6.8
2.6 0.1
2.6 6.8
2.7 0.1
2.7 6.8
2.8 0.1
2.8 6.8
2.9 0.1
2.9 6.8
3 0.1
3 6.8
3.1 6.8
3.2 6.8
3.3 6.8
3.3 6.9
3.4 6.8
3.4 6.9
3.5 6.8
3.5 6.9
3.6 6.8
3.6 6.9
3.7 6.8
3.7 6.9
3.8 6.8
3.8 6.9
3.9 6.8
3.9 6.9
4 6.8
4 6.9
4.1 6.9
4.2 6.9
4.3 6.9
4.4 6.9
4.5 6.9
4.6 6.9
4.7 6.9
4.8 6.9
4.9 6.9
5 6.9
5.1 6.9
5.2 6.2
5.2 6.3
5.2 6.4
5.2 6.5
5.2 6.6
5.2 6.7
5.2 6.8
5.2 6.9
5.3 0.7
5.3 0.8
5.3 0.9
5.3 1
5.3 1.1
5.3 1.2
5.3 1.3
5.3 1.4
5.3 1.5
5.3 1.6
5.3 1.7
5.3 1.8
5.3 1.9
5.3 2
5.3 2.1
5.3 2.2
5.3 2.3
5.3 2.4
5.3 2.5
5.3 2.6
5.3 2.7
5.3 2.8
5.3 2.9
5.3 3
5.3 3.1
5.3 3.2
5.3 3.3
5.3 3.4
5.3 3.5
5.3 3.6
5.3 3.7
5.3 3.8
5.3 3.9
5.3 4
5.3 4.1
5.3 4.2
5.3 4.3
5.3 4.4
5.3 4.5
5.3 4.6
5.3 4.7
5.3 4.8
5.3 5.5
5.3 5.6
5.3 5.7
5.3 5.8
5.3 5.9
5.3 6
5.3 6.1
5.3 6.2
officeroom: 1.95993 -2.91324 0 1 272
-1.4 -1.2
-1.3 -1.2
-1.2 -1.2
-1.1 -1.2
-1 -1.2
-0.8 -2
-0.8 -2.1
-0.8 -2.4
-0.8 -2.5
-0.8 -2.6
-0.8 -2.7
-0.8 -2.8
-0.8 -2.9
-0.8 -3
-0.8 -3.1
-0.8 -3.2
-0.8 -3.3
-0.8 -3.4
-0.8 -3.5
-0.8 -3.6
-0.8 -3.7
-0.8 -3.8
-0.8 -3.9
-0.9 -1.2
-0.8 -5
-0.8 -4.9
-0.8 -4.8
-0.8 -4.7
-0.8 -4.6
-0.8 -4.5
-0.8 -4.4
-0.8 -4.3
-0.8 -4.2
-0.8 -4.1
-0.8 -2.3
-0.8 -2.2
-0.8 -1.2
-1.5 -2
-1.5 -2.1
-1.5 -2.4
-1.5 -2.5
-1.5 -2.6
-1.5 -2.7
-1.5 -2.8
-1.5 -2.9
-1.5 -3
-1.5 -3.1
-1.5 -3.2
-1.5 -3.3
-1.5 -3.4
-1.5 -3.5
-1.5 -3.6
-1.5 -3.7
-1.5 -3.8
-1.5 -3.9
-1.5 -1.2
-1.5 -5
-1.5 -4.9
-1.5 -4.8
-1.5 -4.7
-1.5 -4.6
-1.5 -4.5
-1.5 -4.4
-1.5 -4.3
-1.5 -4.2
-1.5 -4.1
-1.5 -2.3
-1.5 -2.2
-1.5 -1.2
-0.7 -5
-0.7 -1.2
-0.6 -5
-0.6 -1.2
-0.5 -5
-0.5 -1.2
-0.4 -5
-0.4 -1.2
-0.3 -5
-0.3 -1.2
-0.2 -5
-0.2 -1.3
-0.2 -1.2
-0.1 -5
-0.1 -4.9
-0.1 -1.3
-0.1 -1.2
0 -4.9
0 -1.3
0 -1.2
0.1 -4.9
0.1 -1.3
0.1 -1.2
0.2 -4.9
0.2 -1.3
0.2 -1.2
0.3 -4.9
0.3 -1.3
0.3 -1.2
0.4 -4.9
0.4 -1.3
0.4 -1.2
0.5 -4.9
0.5 -1.2
0.6 -4.9
0.6 -1.2
0.7 -4.9
0.7 -1.2
0.8 -4.9
0.8 -1.2
0.9 -4.9
0.9 -1.2
1 -4.9
1 -1.2
1.1 -4.9
1.1 -1.2
1.2 -4.9
1.2 -1.2
1.3 -4.9
1.3 -1.2
1.4 -4.9
1.4 -1.2
1.5 -4.9
1.5 -1.2
1.6 -4.9
1.6 -1.2
1.7 -4.9
1.7 -1.2
1.8 -4.9
1.8 -1.2
1.9 -4.9
1.9 -1.2
2 -4.9
2 -1.2
2.1 -4.9
2.1 -1.2
2.2 -4.9
2.2 -1.2
2.2 -1.1
2.3 -4.9
2.3 -1.2
2.3 -1.1
2.4 -4.9
2.4 -4.8
2.4 -1.2
2.4 -1.1
2.5 -4.8
2.5 -1.2
2.5 -1.1
2.6 -4.8
2.6 -1.2
2.6 -1.1
2.7 -4.8
2.7 -1.2
2.7 -1.1
2.8 -4.8
2.8 -1.2
2.8 -1.1
2.9 -4.9
2.9 -4.8
2.9 -1.2
2.9 -1.1
3 -4.9
3 -4.8
3 -1.2
3 -1.1
3.1 -4.9
3.1 -4.8
3.1 -1.2
3.1 -1.1
3.2 -4.9
3.2 -4.8
3.2 -1.1
3.3 -4.9
3.3 -1.1
3.4 -4.9
3.4 -1.1
3.5 -4.9
3.5 -1.1
3.6 -4.9
3.6 -1.1
3.7 -4.9
3.7 -1.1
3.7 -1
3.8 -4.9
3.8 -1.1
3.8 -1
3.9 -4.9
3.9 -1.1
3.9 -1
4 -5
4 -4.9
4 -1.1
4 -1
4.1 -5
4.1 -4.9
4.1 -1.1
4.1 -1
4.2 -5
4.2 -4.9
4.2 -1.1
4.2 -1
4.3 -5
4.3 -4.9
4.3 -1.1
4.3 -1
4.4 -5
4.4 -4.9
4.4 -1.1
4.4 -1
4.5 -4.9
4.5 -1.1
4.5 -1
4.6 -4.9
4.6 -1
4.7 -4.9
4.7 -1
4.8 -4.9
4.8 -1
4.9 -4.9
4.9 -1
5 -4.9
5 -1
5.1 -4.9
5.1 -1
5.2 -4.9
5.2 -1.6
5.2 -1.5
5.2 -1.4
5.2 -1.3
5.2 -1.2
5.2 -1.1
5.2 -1
5.3 -4.9
5.3 -4.8
5.3 -4.7
5.3 -4.6
5.3 -4.5
5.3 -4.4
5.3 -4.3
5.3 -4.2
5.3 -4.1
5.3 -4
5.3 -3.9
5.3 -3.8
5.3 -3.7
5.3 -3.6
5.3 -3.5
5.3 -3.4
5.3 -3.3
5.3 -3.2
5.3 -3.1
5.3 -3
5.3 -2.9
5.3 -2.8
5.3 -2.7
5.3 -2.6
5.3 -2.5
5.3 -2.4
5.3 -2.3
5.3 -2.2
5.3 -2.1
5.3 -2
5.3 -1.9
5.3 -1.8
5.3 -1.7
5.3 -1.6
5.3 -1.5
5.3 -1.4
5.3 -1.3
5.3 -1.2
5.3 -1.1
5.3 -1
room: -4.45 -3.37963 3.1416 1 108
-5.2 -4.9
-5.2 -4.8
-5.2 -4.7
-5.2 -4.6
-5.2 -2.5
-5.2 -2.4
-5.2 -2.3
-5.2 -2.2
-5.2 -2.1
-5.2 -2
-5.2 -1.9
-5.2 -1.8
-5.2 -1.7
-5.2 -1.6
-5.2 -1.5
-5.2 -1.4
-5.2 -1.3
-5.2 -1.2
-5.1 -5
-5.1 -4.9
-5.1 -4.8
-5.1 -4.7
-5.1 -4.6
-5.1 -4.5
-5.1 -4.4
-5.1 -4.3
-5.1 -4.2
-5.1 -4.1
-5.1 -4
-5.1 -3.9
-5.1 -3.8
-5.1 -3.7
-5.1 -3.6
-5.1 -3.5
-5.1 -3.4
-5.1 -3.3
-5.1 -3.2
-5.1 -3.1
-5.1 -3
-5.1 -2.9
-5.1 -2.8
-5.1 -2.7
-5.1 -2.6
-5.1 -2.5
-5.1 -1.2
-5 -5
-5 -4.9
-5 -1.2
-4.9 -5
-4.9 -4.9
-4.9 -1.2
-4.8 -5
-4.8 -4.9
-4.8 -1.2
-4.7 -5
-4.7 -4.9
-4.7 -1.2
-4.6 -5
-4.6 -4.9
-4.6 -1.2
-4.5 -5
-4.5 -4.9
-4.5 -1.2
-4.4 -5
-4.4 -4.9
-4.4 -1.2
-4.3 -5
-4.3 -4.9
-4.3 -1.2
-4.2 -5
-4.2 -4.9
-4.2 -1.2
-4.1 -5
-4.1 -4.9
-4.1 -1.2
-4 -5
-4 -4.9
-4 -1.2
-3.9 -5
-3.9 -4.9
-3.9 -1.2
-3.8 -5
-3.8 -4.9
-3.8 -1.2
-3.7 -5
-3.7 -4.9
-3.7 -1.2
-3.6 -5
-3.6 -4.9
-3.6 -1.2
-3.5 -4.9
-3.5 -1.2
-3.4 -4.9
-3.4 -1.2
-3.3 -4.9
-3.3 -1.2
-3.2 -4.9
-3.2 -1.2
-3.1 -4.9
-3.1 -1.2
-3 -4.9
-3 -1.2
-2.9 -4.9
-2.9 -1.2
-2.8 -4.9
-2.8 -1.2
-2.7 -4.9
-2.7 -1.2
chair: -3.83914 -1.83489 4.23081 0.617227 110
-3.92179 -1.59231
-3.87827 -1.61693
-3.85365 -1.57341
-3.98993 -1.61122
-3.81013 -1.59802
-3.94641 -1.63583
-3.78552 -1.5545
-3.76661 -1.62264
-3.742 -1.57912
-4.03345 -1.5866
-3.69848 -1.60373
-3.67386 -1.56021
-3.65495 -1.62835
-3.63034 -1.58483
-4.05806 -1.63012
-3.96531 -1.5677
-4.08268 -1.67365
-4.06377 -1.74178
-4.03916 -1.69826
-4.01454 -1.65474
-4.08839 -1.7853
-4.04487 -1.80992
-4.02025 -1.7664
-3.99564 -1.72288
-4.06948 -1.85344
-4.05058 -1.92158
-4.02596 -1.87806
-4.00135 -1.83453
-4.00706 -1.94619
-4.07519 -1.9651
-4.03167 -1.98971
-3.67957 -1.67187
-3.63605 -1.69649
-3.61143 -1.65296
-3.66066 -1.74001
-3.68528 -1.78353
-3.66637 -1.85166
-3.64176 -1.80814
-3.61714 -1.76462
-3.69099 -1.89518
-3.64747 -1.9198
-3.62285 -1.87628
-3.59824 -1.83276
-3.67208 -1.96332
-3.60395 -1.94442
-3.97102 -1.67936
-3.97673 -1.79101
-3.62856 -1.98794
-3.95212 -1.74749
-3.9275 -1.70397
-3.90288 -1.66045
-3.98244 -1.90267
-3.83475 -1.64154
-3.95783 -1.85915
-3.85936 -1.68507
-4.05629 -2.03323
-3.93321 -1.81563
-3.90859 -1.77211
-3.88398 -1.72859
-4.01277 -2.05785
-3.98815 -2.01433
-3.96354 -1.97081
-3.79123 -1.66616
-3.93892 -1.92729
-3.9143 -1.88377
-3.81584 -1.70968
-3.88969 -1.84024
-3.84046 -1.7532
-3.86507 -1.79672
-3.72309 -1.64725
-3.96924 -2.08246
-3.94463 -2.03894
-3.74771 -1.69078
-3.92001 -1.99542
-3.8954 -1.9519
-3.77232 -1.7343
-3.87078 -1.90838
-3.79694 -1.77782
-3.84617 -1.86486
-3.82155 -1.82134
-3.92572 -2.10708
-3.90111 -2.06356
-3.87649 -2.02004
-3.85188 -1.97652
-3.7288 -1.75891
-3.70419 -1.71539
-3.82726 -1.933
-3.75342 -1.80243
-3.77803 -1.84595
-3.80265 -1.88947
-3.83297 -2.04465
-3.80836 -2.00113
-3.78374 -1.95761
-3.70989 -1.82705
-3.8822 -2.1317
-3.85759 -2.08817
-3.75913 -1.91409
-3.73451 -1.87057
-3.78945 -2.06927
-3.76484 -2.02575
-3.74022 -1.98223
-3.7156 -1.93871
-3.81407 -2.11279
-3.6967 -2.00684
-3.74593 -2.09388
-3.72131 -2.05036
-3.65318 -2.03146
-3.67779 -2.07498
-3.70241 -2.1185
-3.60966 -2.05607
table: -3.80874 -3.06465 -1 1 485
-3.93011 -3.24199
-3.91949 -3.19313
-3.87063 -3.20375
-3.82177 -3.21437
-3.77291 -3.22499
-3.72405 -3.23561
-3.66457 -3.19737
-3.71343 -3.18675
-3.76229 -3.17613
-3.81115 -3.16551
-4.21478 -2.66844
-4.20416 -2.61958
-4.19354 -2.57072
-4.18292 -2.52186
-4.1723 -2.473
-4.18716 -2.77678
-4.17654 -2.72792
-4.16592 -2.67906
-4.1553 -2.6302
-4.14468 -2.58134
-4.13406 -2.53248
-4.12344 -2.48362
-4.11282 -2.43476
-4.2084 -2.8745
-4.19778 -2.82564
-4.1022 -2.38591
-4.22964 -2.97222
-4.21902 -2.92336
-3.86001 -3.15489
-4.20202 -3.08055
-4.1914 -3.0317
-4.18078 -2.98284
-4.17016 -2.93398
-4.15954 -2.88512
-4.14892 -2.83626
-4.1383 -2.7874
-4.12768 -2.73854
-4.11706 -2.68968
-4.10644 -2.64082
-4.09582 -2.59196
-4.0852 -2.5431
-4.07458 -2.49424
-4.06396 -2.44538
-4.05335 -2.39653
-4.04273 -2.34767
-4.22326 -3.17827
-4.21264 -3.12941
-4.19564 -3.28661
-4.18502 -3.23775
-4.1744 -3.18889
-4.16378 -3.14003
-4.15316 -3.09117
-4.14254 -3.04232
-4.13192 -2.99346
-4.1213 -2.9446
-4.11068 -2.89574
-4.10006 -2.84688
-4.08944 -2.79802
-4.07882 -2.74916
-4.0682 -2.7003
-4.05758 -2.65144
-4.04696 -2.60258
-4.03635 -2.55372
-4.02573 -2.50486
-4.01511 -2.456
-4.00449 -2.40715
-3.99387 -2.35829
-4.21688 -3.38433
-4.20626 -3.33547
-3.98325 -2.30943
-4.18926 -3.49267
-4.17864 -3.44381
-4.16802 -3.39495
-4.1574 -3.34609
-4.14678 -3.29723
-4.13616 -3.24837
-4.12554 -3.19951
-4.11492 -3.15065
-4.1043 -3.10179
-4.09368 -3.05293
-4.08306 -3.00408
-4.07244 -2.95522
-4.06182 -2.90636
-4.0512 -2.8575
-4.04058 -2.80864
-4.02996 -2.75978
-4.01935 -2.71092
-4.00873 -2.66206
-3.99811 -2.6132
-3.98749 -2.56434
-3.97687 -2.51548
-3.96625 -2.46662
-3.95563 -2.41776
-3.94501 -2.36891
-3.93439 -2.32005
-4.2105 -3.59039
-4.19988 -3.54153
-3.90887 -3.14427
-4.17226 -3.64986
-4.16164 -3.60101
-4.15102 -3.55215
-4.1404 -3.50329
-4.12978 -3.45443
-4.11916 -3.40557
-4.10854 -3.35671
-4.09792 -3.30785
-4.0873 -3.25899
-4.07668 -3.21013
-4.06606 -3.16127
-3.65395 -3.14851
-4.05544 -3.11241
-4.04482 -3.06355
-4.0342 -3.01469
-4.02358 -2.96584
-4.01296 -2.91698
-4.00235 -2.86812
-3.99173 -2.81926
-3.98111 -2.7704
-3.97049 -2.72154
-3.95987 -2.67268
-3.94925 -2.62382
-3.93863 -2.57496
-3.92801 -2.5261
-3.91739 -2.47724
-3.90677 -2.42838
-3.89615 -2.37953
-3.88553 -2.33067
-4.18288 -3.69872
-3.87491 -2.28181
-4.13402 -3.70934
-4.1234 -3.66048
-4.11278 -3.61163
-4.10216 -3.56277
-4.09154 -3.51391
-4.08092 -3.46505
-4.0703 -3.41619
-4.05968 -3.36733
-4.04906 -3.31847
-4.03844 -3.26961
-4.02782 -3.22075
-4.0172 -3.17189
-4.00658 -3.12303
-3.99596 -3.07417
-3.98534 -3.02531
-3.93649 -3.03593
-3.92587 -2.98708
-3.97473 -2.97646
-3.96411 -2.9276
-3.95349 -2.87874
-3.94287 -2.82988
-3.93225 -2.78102
-3.92163 -2.73216
-3.91101 -2.6833
-3.90039 -2.63444
-3.88977 -2.58558
-3.87915 -2.53672
-3.86853 -2.48786
-3.85791 -2.439
-3.84729 -2.39014
-3.83667 -2.34129
-3.82605 -2.29243
-3.94711 -3.08479
-3.95773 -3.13365
-3.91525 -2.93822
-4.09578 -3.76882
-4.08516 -3.71996
-4.07454 -3.6711
-4.06392 -3.62224
-4.0533 -3.57339
-4.04268 -3.52453
-4.03206 -3.47567
-4.02144 -3.42681
-4.01082 -3.37795
-4.0002 -3.32909
-3.98958 -3.28023
-3.97896 -3.23137
-3.96834 -3.18251
-3.89825 -3.09541
-3.88763 -3.04655
-3.87701 -2.99769
-3.86639 -2.94884
-3.90463 -2.88936
-3.89401 -2.8405
-3.88339 -2.79164
-3.87277 -2.74278
-3.86215 -2.69392
-3.85153 -2.64506
-3.84091 -2.5962
-3.83029 -2.54734
-3.81967 -2.49848
-3.80905 -2.44962
-3.79843 -2.40076
-3.78781 -2.35191
-3.77719 -2.30305
-3.70281 -3.13789
-4.04692 -3.77944
-4.0363 -3.73058
-4.02568 -3.68172
-4.01506 -3.63286
-4.00444 -3.58401
-3.99382 -3.53515
-3.9832 -3.48629
-3.97258 -3.43743
-3.96196 -3.38857
-3.95134 -3.33971
-3.94072 -3.29085
-3.83877 -3.05717
-3.82815 -3.00831
-3.85577 -2.89998
-3.84515 -2.85112
-3.83453 -2.80226
-3.82391 -2.7534
-3.81329 -2.70454
-3.80267 -2.65568
-3.79205 -2.60682
-3.78143 -2.55796
-3.77081 -2.5091
-3.76019 -2.46024
-3.74957 -2.41138
-3.73895 -2.36253
-3.72833 -2.31367
-3.84939 -3.10603
-3.81753 -2.95946
-3.99806 -3.79006
-3.98744 -3.7412
-3.97682 -3.69234
-3.9662 -3.64348
-3.95558 -3.59462
-3.94496 -3.54577
-3.93434 -3.49691
-3.92372 -3.44805
-3.91311 -3.39919
-3.90249 -3.35033
-3.89187 -3.30147
-3.88125 -3.25261
-3.80053 -3.11665
-3.77929 -3.01893
-3.76867 -2.97007
-3.80691 -2.9106
-3.79629 -2.86174
-3.78567 -2.81288
-3.77505 -2.76402
-3.76443 -2.71516
-3.75381 -2.6663
-3.74319 -2.61744
-3.73257 -2.56858
-3.72195 -2.51972
-3.71133 -2.47086
-3.70071 -2.422
-3.69009 -2.37314
-3.67947 -2.32429
-3.78991 -3.06779
-3.9492 -3.80068
-3.93858 -3.75182
-3.92796 -3.70296
-3.91734 -3.6541
-3.90672 -3.60524
-3.8961 -3.55639
-3.88549 -3.50753
-3.87487 -3.45867
-3.86425 -3.40981
-3.85363 -3.36095
-3.84301 -3.31209
-3.83239 -3.26323
-3.75167 -3.12727
-3.75805 -2.92122
-3.74743 -2.87236
-3.73681 -2.8235
-3.72619 -2.77464
-3.71557 -2.72578
-3.70495 -2.67692
-3.69433 -2.62806
-3.68371 -2.5792
-3.67309 -2.53034
-3.66247 -2.48148
-3.65185 -2.43262
-3.64123 -2.38376
-3.63061 -2.33491
-3.74105 -3.07841
-3.73043 -3.02955
-3.71981 -2.98069
-3.90034 -3.8113
-3.88972 -3.76244
-3.8791 -3.71358
-3.86848 -3.66472
-3.85787 -3.61586
-3.84725 -3.56701
-3.83663 -3.51815
-3.82601 -3.46929
-3.81539 -3.42043
-3.80477 -3.37157
-3.79415 -3.32271
-3.78353 -3.27385
-3.69219 -3.08903
-3.68157 -3.04017
-3.67095 -2.99131
-3.70919 -2.93184
-3.69857 -2.88298
-3.68795 -2.83412
-3.67733 -2.78526
-3.66671 -2.7364
-3.65609 -2.68754
-3.64547 -2.63868
-3.63485 -2.58982
-3.62423 -2.54096
-3.61361 -2.4921
-3.60299 -2.44324
-3.59237 -2.39438
-3.58175 -2.34553
-3.85148 -3.82192
-3.84087 -3.77306
-3.83025 -3.7242
-3.81963 -3.67534
-3.80901 -3.62648
-3.79839 -3.57762
-3.78777 -3.52877
-3.77715 -3.47991
-3.76653 -3.43105
-3.75591 -3.38219
-3.74529 -3.33333
-3.73467 -3.28447
-3.66033 -2.94246
-3.64971 -2.8936
-3.63909 -2.84474
-3.62847 -2.79588
-3.61785 -2.74702
-3.60723 -2.69816
-3.59661 -2.6493
-3.58599 -2.60044
-3.57537 -2.55158
-3.56475 -2.50272
-3.55413 -2.45386
-3.54351 -2.405
-3.53289 -2.35614
-3.80263 -3.83254
-3.79201 -3.78368
-3.78139 -3.73482
-3.77077 -3.68596
-3.76015 -3.6371
-3.74953 -3.58824
-3.73891 -3.53939
-3.72829 -3.49053
-3.71767 -3.44167
-3.70705 -3.39281
-3.69643 -3.34395
-3.68581 -3.29509
-3.67519 -3.24623
-3.64333 -3.09965
-3.63271 -3.05079
-3.62209 -3.00193
-3.61147 -2.95307
-3.60085 -2.90422
-3.59023 -2.85536
-3.57961 -2.8065
-3.56899 -2.75764
-3.55837 -2.70878
-3.54775 -2.65992
-3.53713 -2.61106
-3.52651 -2.5622
-3.51589 -2.51334
-3.50527 -2.46448
-3.49465 -2.41562
-3.75377 -3.84316
-3.74315 -3.7943
-3.73253 -3.74544
-3.72191 -3.69658
-3.71129 -3.64772
-3.70067 -3.59886
-3.69005 -3.55
-3.67943 -3.50115
-3.66881 -3.45229
-3.65819 -3.40343
-3.64757 -3.35457
-3.63695 -3.30571
-3.62633 -3.25685
-3.61571 -3.20799
-3.60509 -3.15913
-3.59447 -3.11027
-3.58385 -3.06141
-3.57323 -3.01255
-3.56261 -2.96369
-3.55199 -2.91484
-3.54137 -2.86598
-3.53075 -2.81712
-3.52013 -2.76826
-3.50951 -2.7194
-3.49889 -2.67054
-3.48827 -2.62168
-3.47765 -2.57282
-3.46703 -2.52396
-3.45642 -2.4751
-3.4458 -2.42624
-3.69429 -3.80492
-3.68367 -3.75606
-3.67305 -3.7072
-3.66243 -3.65834
-3.65181 -3.60948
-3.64119 -3.56062
-3.63057 -3.51177
-3.61995 -3.46291
-3.60933 -3.41405
-3.59871 -3.36519
-3.58809 -3.31633
-3.57747 -3.26747
-3.56685 -3.21861
-3.55623 -3.16975
-3.54561 -3.12089
-3.53499 -3.07203
-3.52437 -3.02317
-3.51375 -2.97431
-3.50313 -2.92546
-3.49251 -2.8766
-3.48189 -2.82774
-3.47127 -2.77888
-3.46065 -2.73002
-3.45003 -2.68116
-3.43941 -2.6323
-3.4288 -2.58344
-3.41818 -2.53458
-3.64543 -3.81554
-3.63481 -3.76668
-3.62419 -3.71782
-3.61357 -3.66896
-3.60295 -3.6201
-3.59233 -3.57124
-3.58171 -3.52239
-3.57109 -3.47353
-3.56047 -3.42467
-3.54985 -3.37581
-3.53923 -3.32695
-3.52861 -3.27809
-3.51799 -3.22923
-3.50737 -3.18037
-3.49675 -3.13151
-3.48613 -3.08265
-3.47551 -3.03379
-3.46489 -2.98493
-3.45427 -2.93607
-3.44365 -2.88722
-3.43303 -2.83836
-3.42241 -2.7895
-3.4118 -2.74064
-3.40118 -2.69178
-3.39056 -2.64292
-3.58595 -3.7773
-3.57533 -3.72844
-3.56471 -3.67958
-3.55409 -3.63072
-3.54347 -3.58186
-3.53285 -3.533
-3.52223 -3.48415
-3.51161 -3.43529
-3.50099 -3.38643
-3.49037 -3.33757
-3.47975 -3.28871
-3.46913 -3.23985
-3.45851 -3.19099
-3.44789 -3.14213
-3.43727 -3.09327
-3.42665 -3.04441
-3.41603 -2.99555
-3.40541 -2.94669
-3.39479 -2.89784
-3.53709 -3.78792
-3.52647 -3.73906
-3.51585 -3.6902
-3.50523 -3.64134
-3.49461 -3.59248
-3.48399 -3.54362
-3.47337 -3.49477
-3.46275 -3.44591
-3.45213 -3.39705
-3.44151 -3.34819
-3.43089 -3.29933
-3.42027 -3.25047
-3.40965 -3.20161
-3.39903 -3.15275
-3.46699 -3.70082
-3.45637 -3.65196
-3.44575 -3.6031
-3.43513 -3.55424
-3.42451 -3.50538
-3.41389 -3.45653
-3.40327 -3.40767
-3.39265 -3.35881
chair: -3.78887 -4.29181 5.84996 0.44721 105
-3.82564 -4.57969
-3.83348 -4.53031
-3.88286 -4.53815
-3.93224 -4.54598
-3.77626 -4.57186
-3.7841 -4.52248
-3.72688 -4.56403
-3.73471 -4.51464
-3.98163 -4.55381
-3.98946 -4.50443
-3.6775 -4.55619
-3.68533 -4.50681
-3.94008 -4.4966
-3.62811 -4.54836
-3.63595 -4.49898
-3.57873 -4.54052
-3.58657 -4.49114
-3.99729 -4.45505
-4.00513 -4.40567
-4.01296 -4.35628
-4.0208 -4.3069
-4.02863 -4.25752
-4.03646 -4.20814
-3.94791 -4.44722
-3.95575 -4.39783
-3.96358 -4.34845
-3.97141 -4.29907
-3.97925 -4.24969
-3.98708 -4.2003
-3.99492 -4.15092
-3.5944 -4.44176
-3.60223 -4.39238
-3.61007 -4.343
-3.6179 -4.29361
-3.62574 -4.24423
-3.55285 -4.38454
-3.56069 -4.33516
-3.56852 -4.28578
-3.57635 -4.2364
-3.63357 -4.19485
-3.58419 -4.18701
-4.00275 -4.10154
-3.9377 -4.19247
-3.94553 -4.14309
-3.95337 -4.0937
-3.9142 -4.34062
-3.92203 -4.29123
-3.92986 -4.24185
-3.9612 -4.04432
-3.59202 -4.13763
-3.88832 -4.18464
-3.89615 -4.13525
-3.90398 -4.08587
-3.91182 -4.03649
-3.84131 -4.48093
-3.86481 -4.33278
-3.87265 -4.2834
-3.88048 -4.23402
-3.84915 -4.43155
-3.79193 -4.4731
-3.85698 -4.38216
-3.79976 -4.42371
-3.84677 -4.12742
-3.8546 -4.07804
-3.86244 -4.02865
-3.8076 -4.37433
-3.83893 -4.1768
-3.8311 -4.22618
-3.81543 -4.32495
-3.82327 -4.27557
-3.74255 -4.46526
-3.75038 -4.41588
-3.78955 -4.16897
-3.79739 -4.11958
-3.80522 -4.0702
-3.81305 -4.02082
-3.75822 -4.3665
-3.78172 -4.21835
-3.76605 -4.31711
-3.77388 -4.26773
-3.69317 -4.45743
-3.701 -4.40805
-3.74017 -4.16113
-3.748 -4.11175
-3.75584 -4.06237
-3.70883 -4.35866
-3.73234 -4.21052
-3.76367 -4.01299
-3.71667 -4.30928
-3.7245 -4.2599
-3.64378 -4.44959
-3.65162 -4.40021
-3.65945 -4.35083
-3.68295 -4.20268
-3.69079 -4.1533
-3.69862 -4.10392
-3.66728 -4.30145
-3.67512 -4.25206
-3.70645 -4.05453
-3.71429 -4.00515
-3.6414 -4.14546
-3.64924 -4.09608
-3.65707 -4.0467
-3.59986 -4.08825
-3.60769 -4.03887
