OR: -0.513544 5.70264 5.35251 1.00397e-37 16
-0.663544 5.55264
-0.663544 5.65264
-0.663544 5.75264
-0.663544 5.85264
-0.563544 5.55264
-0.563544 5.65264
-0.563544 5.75264
-0.563544 5.85264
-0.463544 5.55264
-0.463544 5.65264
-0.463544 5.75264
-0.463544 5.85264
-0.363544 5.55264
-0.363544 5.65264
-0.363544 5.75264
-0.363544 5.85264
CR: 3.56475 3.63102 0.315752 0.5 16
3.41475 3.48102
3.41475 3.58102
3.41475 3.68102
3.41475 3.78102
3.51475 3.48102
3.51475 3.58102
3.51475 3.68102
3.51475 3.78102
3.61475 3.48102
3.61475 3.58102
3.61475 3.68102
3.61475 3.78102
3.71475 3.48102
3.71475 3.58102
3.71475 3.68102
3.71475 3.78102
meetingroom: -4.45 -3.37963 3.1416 2 108
-5.2 -4.9
-5.2 -4.8
-5.2 -4.7
-5.2 -4.6
-5.2 -2.5
-5.2 -2.4
-5.2 -2.3
-5.2 -2.2
-5.2 -2.1
-5.2 -2
-5.2 -1.9
-5.2 -1.8
-5.2 -1.7
-5.2 -1.6
-5.2 -1.5
-5.2 -1.4
-5.2 -1.3
-5.2 -1.2
-5.1 -5
-5.1 -4.9
-5.1 -4.8
-5.1 -4.7
-5.1 -4.6
-5.1 -4.5
-5.1 -4.4
-5.1 -4.3
-5.1 -4.2
-5.1 -4.1
-5.1 -4
-5.1 -3.9
-5.1 -3.8
-5.1 -3.7
-5.1 -3.6
-5.1 -3.5
-5.1 -3.4
-5.1 -3.3
-5.1 -3.2
-5.1 -3.1
-5.1 -3
-5.1 -2.9
-5.1 -2.8
-5.1 -2.7
-5.1 -2.6
-5.1 -2.5
-5.1 -1.2
-5 -5
-5 -4.9
-5 -1.2
-4.9 -5
-4.9 -4.9
-4.9 -1.2
-4.8 -5
-4.8 -4.9
-4.8 -1.2
-4.7 -5
-4.7 -4.9
-4.7 -1.2
-4.6 -5
-4.6 -4.9
-4.6 -1.2
-4.5 -5
-4.5 -4.9
-4.5 -1.2
-4.4 -5
-4.4 -4.9
-4.4 -1.2
-4.3 -5
-4.3 -4.9
-4.3 -1.2
-4.2 -5
-4.2 -4.9
-4.2 -1.2
-4.1 -5
-4.1 -4.9
-4.1 -1.2
-4 -5
-4 -4.9
-4 -1.2
-3.9 -5
-3.9 -4.9
-3.9 -1.2
-3.8 -5
-3.8 -4.9
-3.8 -1.2
-3.7 -5
-3.7 -4.9
-3.7 -1.2
-3.6 -5
-3.6 -4.9
-3.6 -1.2
-3.5 -4.9
-3.5 -1.2
-3.4 -4.9
-3.4 -1.2
-3.3 -4.9
-3.3 -1.2
-3.2 -4.9
-3.2 -1.2
-3.1 -4.9
-3.1 -1.2
-3 -4.9
-3 -1.2
-2.9 -4.9
-2.9 -1.2
-2.8 -4.9
-2.8 -1.2
-2.7 -4.9
-2.7 -1.2
studioroom: -0.978142 3.95603 1.5708 2 398
-5.2 0.1
-5.2 0.2
-5.2 0.3
-5.2 0.4
-5.2 0.5
-5.2 0.6
-5.2 0.7
-5.2 0.8
-5.2 0.9
-5.2 1
-5.2 1.1
-5.2 1.2
-5.2 1.3
-5.2 1.4
-5.2 1.5
-5.2 1.6
-5.2 1.7
-5.2 1.8
-5.2 1.9
-5.2 2
-5.2 2.1
-5.2 2.2
-5.2 2.3
-5.2 2.4
-5.2 2.5
-5.2 2.6
-5.2 4.8
-5.2 4.9
-5.2 5
-5.2 5.1
-5.2 5.2
-5.2 5.3
-5.2 5.4
-5.2 5.5
-5.2 5.6
-5.2 5.7
-5.2 5.8
-5.2 5.9
-5.1 0
-5.1 0.1
-5.1 0.2
-5.1 0.3
-5.1 0.4
-5.1 0.5
-5.1 0.6
-5.1 0.7
-5.1 0.8
-5.1 0.9
-5.1 1
-5.1 1.1
-5.1 1.2
-5.1 1.3
-5.1 1.4
-5.1 1.5
-5.1 1.6
-5.1 1.7
-5.1 1.8
-5.1 1.9
-5.1 2
-5.1 2.1
-5.1 2.2
-5.1 2.3
-5.1 2.4
-5.1 2.5
-5.1 2.6
-5.1 2.7
-5.1 2.8
-5.1 2.9
-5.1 3
-5.1 3.1
-5.1 3.2
-5.1 3.3
-5.1 3.4
-5.1 3.5
-5.1 3.6
-5.1 3.7
-5.1 3.8
-5.1 3.9
-5.1 4
-5.1 4.1
-5.1 4.2
-5.1 4.3
-5.1 4.4
-5.1 4.5
-5.1 4.6
-5.1 4.7
-5.1 4.8
-5.1 4.9
-5.1 5
-5.1 5.1
-5.1 5.2
-5.1 5.3
-5.1 5.4
-5.1 5.5
-5.1 5.6
-5.1 5.7
-5.1 5.8
-5.1 5.9
-5.1 6
-5.1 6.1
-5.1 6.2
-5.1 6.3
-5.1 6.4
-5.1 6.5
-5.1 6.6
-5.1 6.7
-5.1 6.8
-5.1 6.9
-5 0
-5 0.1
-5 1.3
-5 1.4
-5 1.5
-5 1.6
-5 1.7
-5 6.8
-5 6.9
-4.9 0
-4.9 0.1
-4.9 6.8
-4.9 6.9
-4.8 0
-4.8 0.1
-4.8 6.8
-4.8 6.9
-4.7 0
-4.7 0.1
-4.7 6.8
-4.7 6.9
-4.6 0
-4.6 0.1
-4.6 6.8
-4.6 6.9
-4.5 0.1
-4.5 6.8
-4.5 6.9
-4.4 0.1
-4.4 6.8
-4.4 6.9
-4.3 0.1
-4.3 6.8
-4.3 6.9
-4.2 0.1
-4.2 6.8
-4.2 6.9
-4.1 0.1
-4.1 6.8
-4.1 6.9
-4 0.1
-4 6.8
-3.9 0.1
-3.9 6.8
-3.8 0.1
-3.8 6.8
-3.7 0.1
-3.7 6.8
-3.6 0.1
-3.6 6.8
-3.5 0.1
-3.5 6.8
-3.4 0.1
-3.4 6.8
-3.3 0.1
-3.3 6.8
-3.2 0.1
-3.2 6.8
-3.1 0.1
-3.1 6.8
-3 0.1
-3 6.8
-2.9 0.1
-2.9 6.8
-2.8 0.1
-2.8 6.8
-2.7 -0.2
-2.7 -0.1
-2.7 0
-2.7 0.1
-2.7 6.8
-2.6 6.6
-2.6 6.8
-2.5 6.6
-2.4 6.6
-2.3 6.6
-2.2 6.6
-2.1 6.6
-2 6.6
-1.9 6.6
-1.8 6.6
-1.8 6.7
-1.7 6.7
-1.6 0.1
-1.6 6.7
-1.6 6.8
-1.5 0.1
-1.5 6.7
-1.5 6.8
-1.4 0.1
-1.4 6.7
-1.4 6.8
-1.3 0.1
-1.3 6.7
-1.3 6.8
-1.2 0.1
-1.2 6.7
-1.2 6.8
-1.1 0.1
-1.1 6.7
-1.1 6.8
-1 0.1
-1 6.7
-1 6.8
-0.9 0.1
-0.9 6.7
-0.9 6.8
-0.8 0.1
-0.8 6.7
-0.8 6.8
-0.7 0.1
-0.7 6.7
-0.7 6.8
-0.6 0.1
-0.6 6.7
-0.6 6.8
-0.5 0.1
-0.5 6.7
-0.5 6.8
-0.4 0.1
-0.4 6.7
-0.4 6.8
-0.3 0.1
-0.3 6.7
-0.3 6.8
-0.2 0.1
-0.2 6.7
-0.2 6.8
-0.1 0.1
-0.1 6.7
-0.1 6.8
0 0.1
0 6.7
0 6.8
0.1 0.1
0.1 6.7
0.1 6.8
0.2 0.1
0.2 6.7
0.2 6.8
0.3 0.1
0.3 6.7
0.3 6.8
0.4 0.1
0.4 6.7
0.4 6.8
0.5 0.1
0.5 6.7
0.5 6.8
0.6 0.1
0.6 6.7
0.6 6.8
0.7 0.1
0.7 6.7
0.7 6.8
0.8 0.1
0.8 6.7
0.8 6.8
0.9 0.1
0.9 6.7
0.9 6.8
1 0.1
1 6.8
1.1 0.1
1.1 6.8
1.2 0.1
1.2 6.8
1.3 0.1
1.3 6.8
1.4 0.1
1.4 6.8
1.5 0.1
1.5 6.8
1.6 0.1
1.6 6.8
1.7 0.1
1.7 6.8
1.8 0.1
1.8 6.8
1.9 0.1
1.9 6.8
2 0.1
2 6.8
2.1 0.1
2.1 6.8
2.2 0.1
2.2 6.8
2.3 0.1
2.3 6.8
2.4 0.1
2.4 6.8
2.5 0.1
2.5 6.8
2.6 0.1
2.6 6.8
2.7 0.1
2.7 6.8
2.8 0.1
2.8 6.8
2.9 0.1
2.9 6.8
3 0.1
3 6.8
3.1 6.8
3.2 6.8
3.3 6.8
3.3 6.9
3.4 6.8
3.4 6.9
3.5 6.8
3.5 6.9
3.6 6.8
3.6 6.9
3.7 6.8
3.7 6.9
3.8 6.8
3.8 6.9
3.9 6.8
3.9 6.9
4 6.8
4 6.9
4.1 6.9
4.2 6.9
4.3 6.9
4.4 6.9
4.5 6.9
4.6 6.9
4.7 6.9
4.8 6.9
4.9 6.9
5 6.9
5.1 6.9
5.2 6.2
5.2 6.3
5.2 6.4
5.2 6.5
5.2 6.6
5.2 6.7
5.2 6.8
5.2 6.9
5.3 0.7
5.3 0.8
5.3 0.9
5.3 1
5.3 1.1
5.3 1.2
5.3 1.3
5.3 1.4
5.3 1.5
5.3 1.6
5.3 1.7
5.3 1.8
5.3 1.9
5.3 2
5.3 2.1
5.3 2.2
5.3 2.3
5.3 2.4
5.3 2.5
5.3 2.6
5.3 2.7
5.3 2.8
5.3 2.9
5.3 3
5.3 3.1
5.3 3.2
5.3 3.3
5.3 3.4
5.3 3.5
5.3 3.6
5.3 3.7
5.3 3.8
5.3 3.9
5.3 4
5.3 4.1
5.3 4.2
5.3 4.3
5.3 4.4
5.3 4.5
5.3 4.6
5.3 4.7
5.3 4.8
5.3 5.5
5.3 5.6
5.3 5.7
5.3 5.8
5.3 5.9
5.3 6
5.3 6.1
5.3 6.2
officeroom: 1.95993 -2.91324 0 2 272
-1.4 -1.2
-1.3 -1.2
-1.2 -1.2
-1.1 -1.2
-1 -1.2
-0.8 -2
-0.8 -2.1
-0.8 -2.4
-0.8 -2.5
-0.8 -2.6
-0.8 -2.7
-0.8 -2.8
-0.8 -2.9
-0.8 -3
-0.8 -3.1
-0.8 -3.2
-0.8 -3.3
-0.8 -3.4
-0.8 -3.5
-0.8 -3.6
-0.8 -3.7
-0.8 -3.8
-0.8 -3.9
-0.9 -1.2
-0.8 -5
-0.8 -4.9
-0.8 -4.8
-0.8 -4.7
-0.8 -4.6
-0.8 -4.5
-0.8 -4.4
-0.8 -4.3
-0.8 -4.2
-0.8 -4.1
-0.8 -2.3
-0.8 -2.2
-0.8 -1.2
-1.5 -2
-1.5 -2.1
-1.5 -2.4
-1.5 -2.5
-1.5 -2.6
-1.5 -2.7
-1.5 -2.8
-1.5 -2.9
-1.5 -3
-1.5 -3.1
-1.5 -3.2
-1.5 -3.3
-1.5 -3.4
-1.5 -3.5
-1.5 -3.6
-1.5 -3.7
-1.5 -3.8
-1.5 -3.9
-1.5 -1.2
-1.5 -5
-1.5 -4.9
-1.5 -4.8
-1.5 -4.7
-1.5 -4.6
-1.5 -4.5
-1.5 -4.4
-1.5 -4.3
-1.5 -4.2
-1.5 -4.1
-1.5 -2.3
-1.5 -2.2
-1.5 -1.2
-0.7 -5
-0.7 -1.2
-0.6 -5
-0.6 -1.2
-0.5 -5
-0.5 -1.2
-0.4 -5
-0.4 -1.2
-0.3 -5
-0.3 -1.2
-0.2 -5
-0.2 -1.3
-0.2 -1.2
-0.1 -5
-0.1 -4.9
-0.1 -1.3
-0.1 -1.2
0 -4.9
0 -1.3
0 -1.2
0.1 -4.9
0.1 -1.3
0.1 -1.2
0.2 -4.9
0.2 -1.3
0.2 -1.2
0.3 -4.9
0.3 -1.3
0.3 -1.2
0.4 -4.9
0.4 -1.3
0.4 -1.2
0.5 -4.9
0.5 -1.2
0.6 -4.9
0.6 -1.2
0.7 -4.9
0.7 -1.2
0.8 -4.9
0.8 -1.2
0.9 -4.9
0.9 -1.2
1 -4.9
1 -1.2
1.1 -4.9
1.1 -1.2
1.2 -4.9
1.2 -1.2
1.3 -4.9
1.3 -1.2
1.4 -4.9
1.4 -1.2
1.5 -4.9
1.5 -1.2
1.6 -4.9
1.6 -1.2
1.7 -4.9
1.7 -1.2
1.8 -4.9
1.8 -1.2
1.9 -4.9
1.9 -1.2
2 -4.9
2 -1.2
2.1 -4.9
2.1 -1.2
2.2 -4.9
2.2 -1.2
2.2 -1.1
2.3 -4.9
2.3 -1.2
2.3 -1.1
2.4 -4.9
2.4 -4.8
2.4 -1.2
2.4 -1.1
2.5 -4.8
2.5 -1.2
2.5 -1.1
2.6 -4.8
2.6 -1.2
2.6 -1.1
2.7 -4.8
2.7 -1.2
2.7 -1.1
2.8 -4.8
2.8 -1.2
2.8 -1.1
2.9 -4.9
2.9 -4.8
2.9 -1.2
2.9 -1.1
3 -4.9
3 -4.8
3 -1.2
3 -1.1
3.1 -4.9
3.1 -4.8
3.1 -1.2
3.1 -1.1
3.2 -4.9
3.2 -4.8
3.2 -1.1
3.3 -4.9
3.3 -1.1
3.4 -4.9
3.4 -1.1
3.5 -4.9
3.5 -1.1
3.6 -4.9
3.6 -1.1
3.7 -4.9
3.7 -1.1
3.7 -1
3.8 -4.9
3.8 -1.1
3.8 -1
3.9 -4.9
3.9 -1.1
3.9 -1
4 -5
4 -4.9
4 -1.1
4 -1
4.1 -5
4.1 -4.9
4.1 -1.1
4.1 -1
4.2 -5
4.2 -4.9
4.2 -1.1
4.2 -1
4.3 -5
4.3 -4.9
4.3 -1.1
4.3 -1
4.4 -5
4.4 -4.9
4.4 -1.1
4.4 -1
4.5 -4.9
4.5 -1.1
4.5 -1
4.6 -4.9
4.6 -1
4.7 -4.9
4.7 -1
4.8 -4.9
4.8 -1
4.9 -4.9
4.9 -1
5 -4.9
5 -1
5.1 -4.9
5.1 -1
5.2 -4.9
5.2 -1.6
5.2 -1.5
5.2 -1.4
5.2 -1.3
5.2 -1.2
5.2 -1.1
5.2 -1
5.3 -4.9
5.3 -4.8
5.3 -4.7
5.3 -4.6
5.3 -4.5
5.3 -4.4
5.3 -4.3
5.3 -4.2
5.3 -4.1
5.3 -4
5.3 -3.9
5.3 -3.8
5.3 -3.7
5.3 -3.6
5.3 -3.5
5.3 -3.4
5.3 -3.3
5.3 -3.2
5.3 -3.1
5.3 -3
5.3 -2.9
5.3 -2.8
5.3 -2.7
5.3 -2.6
5.3 -2.5
5.3 -2.4
5.3 -2.3
5.3 -2.2
5.3 -2.1
5.3 -2
5.3 -1.9
5.3 -1.8
5.3 -1.7
5.3 -1.6
5.3 -1.5
5.3 -1.4
5.3 -1.3
5.3 -1.2
5.3 -1.1
5.3 -1
room: -0.978142 3.95603 1.5708 2 398
-5.2 0.1
-5.2 0.2
-5.2 0.3
-5.2 0.4
-5.2 0.5
-5.2 0.6
-5.2 0.7
-5.2 0.8
-5.2 0.9
-5.2 1
-5.2 1.1
-5.2 1.2
-5.2 1.3
-5.2 1.4
-5.2 1.5
-5.2 1.6
-5.2 1.7
-5.2 1.8
-5.2 1.9
-5.2 2
-5.2 2.1
-5.2 2.2
-5.2 2.3
-5.2 2.4
-5.2 2.5
-5.2 2.6
-5.2 4.8
-5.2 4.9
-5.2 5
-5.2 5.1
-5.2 5.2
-5.2 5.3
-5.2 5.4
-5.2 5.5
-5.2 5.6
-5.2 5.7
-5.2 5.8
-5.2 5.9
-5.1 0
-5.1 0.1
-5.1 0.2
-5.1 0.3
-5.1 0.4
-5.1 0.5
-5.1 0.6
-5.1 0.7
-5.1 0.8
-5.1 0.9
-5.1 1
-5.1 1.1
-5.1 1.2
-5.1 1.3
-5.1 1.4
-5.1 1.5
-5.1 1.6
-5.1 1.7
-5.1 1.8
-5.1 1.9
-5.1 2
-5.1 2.1
-5.1 2.2
-5.1 2.3
-5.1 2.4
-5.1 2.5
-5.1 2.6
-5.1 2.7
-5.1 2.8
-5.1 2.9
-5.1 3
-5.1 3.1
-5.1 3.2
-5.1 3.3
-5.1 3.4
-5.1 3.5
-5.1 3.6
-5.1 3.7
-5.1 3.8
-5.1 3.9
-5.1 4
-5.1 4.1
-5.1 4.2
-5.1 4.3
-5.1 4.4
-5.1 4.5
-5.1 4.6
-5.1 4.7
-5.1 4.8
-5.1 4.9
-5.1 5
-5.1 5.1
-5.1 5.2
-5.1 5.3
-5.1 5.4
-5.1 5.5
-5.1 5.6
-5.1 5.7
-5.1 5.8
-5.1 5.9
-5.1 6
-5.1 6.1
-5.1 6.2
-5.1 6.3
-5.1 6.4
-5.1 6.5
-5.1 6.6
-5.1 6.7
-5.1 6.8
-5.1 6.9
-5 0
-5 0.1
-5 1.3
-5 1.4
-5 1.5
-5 1.6
-5 1.7
-5 6.8
-5 6.9
-4.9 0
-4.9 0.1
-4.9 6.8
-4.9 6.9
-4.8 0
-4.8 0.1
-4.8 6.8
-4.8 6.9
-4.7 0
-4.7 0.1
-4.7 6.8
-4.7 6.9
-4.6 0
-4.6 0.1
-4.6 6.8
-4.6 6.9
-4.5 0.1
-4.5 6.8
-4.5 6.9
-4.4 0.1
-4.4 6.8
-4.4 6.9
-4.3 0.1
-4.3 6.8
-4.3 6.9
-4.2 0.1
-4.2 6.8
-4.2 6.9
-4.1 0.1
-4.1 6.8
-4.1 6.9
-4 0.1
-4 6.8
-3.9 0.1
-3.9 6.8
-3.8 0.1
-3.8 6.8
-3.7 0.1
-3.7 6.8
-3.6 0.1
-3.6 6.8
-3.5 0.1
-3.5 6.8
-3.4 0.1
-3.4 6.8
-3.3 0.1
-3.3 6.8
-3.2 0.1
-3.2 6.8
-3.1 0.1
-3.1 6.8
-3 0.1
-3 6.8
-2.9 0.1
-2.9 6.8
-2.8 0.1
-2.8 6.8
-2.7 -0.2
-2.7 -0.1
-2.7 0
-2.7 0.1
-2.7 6.8
-2.6 6.6
-2.6 6.8
-2.5 6.6
-2.4 6.6
-2.3 6.6
-2.2 6.6
-2.1 6.6
-2 6.6
-1.9 6.6
-1.8 6.6
-1.8 6.7
-1.7 6.7
-1.6 0.1
-1.6 6.7
-1.6 6.8
-1.5 0.1
-1.5 6.7
-1.5 6.8
-1.4 0.1
-1.4 6.7
-1.4 6.8
-1.3 0.1
-1.3 6.7
-1.3 6.8
-1.2 0.1
-1.2 6.7
-1.2 6.8
-1.1 0.1
-1.1 6.7
-1.1 6.8
-1 0.1
-1 6.7
-1 6.8
-0.9 0.1
-0.9 6.7
-0.9 6.8
-0.8 0.1
-0.8 6.7
-0.8 6.8
-0.7 0.1
-0.7 6.7
-0.7 6.8
-0.6 0.1
-0.6 6.7
-0.6 6.8
-0.5 0.1
-0.5 6.7
-0.5 6.8
-0.4 0.1
-0.4 6.7
-0.4 6.8
-0.3 0.1
-0.3 6.7
-0.3 6.8
-0.2 0.1
-0.2 6.7
-0.2 6.8
-0.1 0.1
-0.1 6.7
-0.1 6.8
0 0.1
0 6.7
0 6.8
0.1 0.1
0.1 6.7
0.1 6.8
0.2 0.1
0.2 6.7
0.2 6.8
0.3 0.1
0.3 6.7
0.3 6.8
0.4 0.1
0.4 6.7
0.4 6.8
0.5 0.1
0.5 6.7
0.5 6.8
0.6 0.1
0.6 6.7
0.6 6.8
0.7 0.1
0.7 6.7
0.7 6.8
0.8 0.1
0.8 6.7
0.8 6.8
0.9 0.1
0.9 6.7
0.9 6.8
1 0.1
1 6.8
1.1 0.1
1.1 6.8
1.2 0.1
1.2 6.8
1.3 0.1
1.3 6.8
1.4 0.1
1.4 6.8
1.5 0.1
1.5 6.8
1.6 0.1
1.6 6.8
1.7 0.1
1.7 6.8
1.8 0.1
1.8 6.8
1.9 0.1
1.9 6.8
2 0.1
2 6.8
2.1 0.1
2.1 6.8
2.2 0.1
2.2 6.8
2.3 0.1
2.3 6.8
2.4 0.1
2.4 6.8
2.5 0.1
2.5 6.8
2.6 0.1
2.6 6.8
2.7 0.1
2.7 6.8
2.8 0.1
2.8 6.8
2.9 0.1
2.9 6.8
3 0.1
3 6.8
3.1 6.8
3.2 6.8
3.3 6.8
3.3 6.9
3.4 6.8
3.4 6.9
3.5 6.8
3.5 6.9
3.6 6.8
3.6 6.9
3.7 6.8
3.7 6.9
3.8 6.8
3.8 6.9
3.9 6.8
3.9 6.9
4 6.8
4 6.9
4.1 6.9
4.2 6.9
4.3 6.9
4.4 6.9
4.5 6.9
4.6 6.9
4.7 6.9
4.8 6.9
4.9 6.9
5 6.9
5.1 6.9
5.2 6.2
5.2 6.3
5.2 6.4
5.2 6.5
5.2 6.6
5.2 6.7
5.2 6.8
5.2 6.9
5.3 0.7
5.3 0.8
5.3 0.9
5.3 1
5.3 1.1
5.3 1.2
5.3 1.3
5.3 1.4
5.3 1.5
5.3 1.6
5.3 1.7
5.3 1.8
5.3 1.9
5.3 2
5.3 2.1
5.3 2.2
5.3 2.3
5.3 2.4
5.3 2.5
5.3 2.6
5.3 2.7
5.3 2.8
5.3 2.9
5.3 3
5.3 3.1
5.3 3.2
5.3 3.3
5.3 3.4
5.3 3.5
5.3 3.6
5.3 3.7
5.3 3.8
5.3 3.9
5.3 4
5.3 4.1
5.3 4.2
5.3 4.3
5.3 4.4
5.3 4.5
5.3 4.6
5.3 4.7
5.3 4.8
5.3 5.5
5.3 5.6
5.3 5.7
5.3 5.8
5.3 5.9
5.3 6
5.3 6.1
5.3 6.2
table: 4.33704 3.97167 -1 1 230
4.76443 4.00196
4.78045 3.95459
4.70105 4.0333
4.71707 3.98593
4.73309 3.93857
4.68503 4.08066
4.669 4.12803
4.65298 4.17539
4.74911 3.89121
4.63696 4.22275
4.57358 4.2541
4.5896 4.20673
4.60562 4.15937
4.62164 4.112
4.63766 4.06464
4.65368 4.01728
4.6697 3.96991
4.68573 3.92255
4.70175 3.87519
4.55756 4.30146
4.54154 4.34882
4.71777 3.82782
4.49417 4.3328
4.51019 4.28544
4.52621 4.23808
4.54223 4.19071
4.55826 4.14335
4.57428 4.09598
4.5903 4.04862
4.60632 4.00126
4.62234 3.95389
4.63836 3.90653
4.65438 3.85916
4.6704 3.8118
4.47815 4.38017
4.68642 3.76444
4.43079 4.36415
4.44681 4.31678
4.46283 4.26942
4.47885 4.22205
4.49487 4.17469
4.51089 4.12733
4.52691 4.07996
4.54293 4.0326
4.55896 3.98524
4.57498 3.93787
4.591 3.89051
4.60702 3.84314
4.62304 3.79578
4.63906 3.74842
4.30612 3.95249
4.38342 4.34812
4.39944 4.30076
4.41547 4.2534
4.43149 4.20603
4.44751 4.15867
4.46353 4.11131
4.47955 4.06394
4.49557 4.01658
4.51159 3.96921
4.52761 3.92185
4.54363 3.87449
4.55965 3.82712
4.57568 3.77976
4.5917 3.7324
4.60772 3.68503
4.27477 3.88911
4.32214 3.90513
4.33606 4.3321
4.35208 4.28474
4.3681 4.23738
4.38412 4.19001
4.40014 4.14265
4.41616 4.09528
4.43219 4.04792
4.44821 4.00056
4.46423 3.95319
4.48025 3.90583
4.49627 3.85847
4.51229 3.8111
4.52831 3.76374
4.54433 3.71637
4.56035 3.66901
4.57638 3.62165
4.32004 4.37947
4.25875 3.93647
4.22741 3.87309
4.27268 4.36345
4.2887 4.31608
4.30472 4.26872
4.32074 4.22135
4.33676 4.17399
4.35278 4.12663
4.3688 4.07926
4.38482 4.0319
4.40084 3.98454
4.43289 3.88981
4.44891 3.84244
4.46493 3.79508
4.48095 3.74772
4.49697 3.70035
4.51299 3.65299
4.52901 3.60563
4.24343 3.82572
4.54503 3.55826
4.22531 4.34743
4.24133 4.30006
4.25735 4.2527
4.27337 4.20533
4.2894 4.15797
4.30542 4.11061
4.32144 4.06324
4.33746 4.01588
4.35348 3.96852
4.38552 3.87379
4.40154 3.82642
4.41756 3.77906
4.43358 3.7317
4.44961 3.68433
4.46563 3.63697
4.48165 3.5896
4.49767 3.54224
4.17795 4.3314
4.19397 4.28404
4.20999 4.23668
4.22601 4.18931
4.24203 4.14195
4.25805 4.09459
4.27407 4.04722
4.29009 3.99986
4.33816 3.85777
4.35418 3.8104
4.3702 3.76304
4.38622 3.71568
4.40224 3.66831
4.41826 3.62095
4.43428 3.57358
4.16193 4.37877
4.13058 4.31538
4.1466 4.26802
4.16263 4.22066
4.17865 4.17329
4.19467 4.12593
4.21069 4.07856
4.22671 4.0312
4.24273 3.98384
4.29079 3.84175
4.30681 3.79438
4.32284 3.74702
4.33886 3.69965
4.35488 3.65229
4.3709 3.60493
4.38692 3.55756
4.11456 4.36275
4.21139 3.92045
4.0672 4.34673
4.08322 4.29936
4.09924 4.252
4.11526 4.20463
4.13128 4.15727
4.1473 4.10991
4.16332 4.06254
4.17935 4.01518
4.19537 3.96782
4.25945 3.77836
4.27547 3.731
4.29149 3.68363
4.30751 3.63627
4.32353 3.58891
4.33956 3.54154
4.03586 4.28334
4.05188 4.23598
4.0679 4.18861
4.08392 4.14125
4.09994 4.09389
4.11596 4.04652
4.13198 3.99916
4.148 3.95179
4.16402 3.90443
4.18005 3.85707
4.19607 3.8097
4.21209 3.76234
4.22811 3.71498
4.24413 3.66761
4.26015 3.62025
4.27617 3.57288
3.98849 4.26732
4.00451 4.21996
4.02053 4.17259
4.03656 4.12523
4.05258 4.07787
4.0686 4.0305
4.08462 3.98314
4.10064 3.93577
4.11666 3.88841
4.13268 3.84105
4.1487 3.79368
4.16472 3.74632
4.18074 3.69896
4.19677 3.65159
4.21279 3.60423
4.22881 3.55686
3.95715 4.20394
3.97317 4.15657
3.98919 4.10921
4.00521 4.06184
4.02123 4.01448
4.03725 3.96712
4.05328 3.91975
4.0693 3.87239
4.08532 3.82503
4.10134 3.77766
4.11736 3.7303
4.13338 3.68293
4.1494 3.63557
4.16542 3.58821
4.18144 3.54084
3.92581 4.14055
3.94183 4.09319
3.95785 4.04582
3.97387 3.99846
3.98989 3.9511
4.00591 3.90373
4.02193 3.85637
4.03795 3.809
4.05397 3.76164
4.07 3.71428
4.08602 3.66691
4.10204 3.61955
4.11806 3.57219
chair: 4.37819 2.84752 2.9708 0.816667 169
4.63598 2.52709
4.6316 2.59767
4.66908 2.56457
4.62722 2.66824
4.6647 2.63515
4.66032 2.70572
4.69342 2.7432
4.65594 2.7763
4.62284 2.73882
4.65156 2.84687
4.61846 2.80939
4.64718 2.91745
4.61408 2.87997
4.6428 2.98802
4.6097 2.95054
4.6759 3.0255
4.63842 3.0586
4.63404 3.12917
4.67152 3.09607
4.60532 3.02112
4.66714 3.16665
4.5985 2.56019
4.60095 3.09169
4.59412 2.63077
4.59657 3.16227
4.5654 2.52271
4.56103 2.59329
4.52793 2.55581
4.58974 2.70134
4.49483 2.51834
4.49045 2.58891
4.45735 2.55143
4.42425 2.51396
4.41988 2.58453
4.38678 2.54705
4.35368 2.50958
4.3493 2.58015
4.3162 2.54267
4.27873 2.57577
4.2831 2.5052
4.56347 3.12479
4.24563 2.5383
4.58536 2.77192
4.24125 2.60887
4.20815 2.57139
4.53037 3.08731
4.52599 3.15789
4.49289 3.12041
4.48851 3.19099
4.45542 3.15351
4.42232 3.11603
4.4598 3.08293
4.55909 3.19537
4.58099 2.84249
4.41794 3.18661
4.38484 3.14913
4.35174 3.11165
4.34736 3.18223
4.31427 3.14475
4.28117 3.10727
4.57661 2.91307
4.55665 2.66386
4.52355 2.62639
4.21253 2.50082
4.27679 3.17785
4.55227 2.73444
4.51917 2.69696
4.48607 2.65949
4.45297 2.62201
4.24369 3.14037
4.21059 3.10289
4.17505 2.53392
4.54789 2.80501
4.51479 2.76754
4.48169 2.73006
4.44859 2.69258
4.4155 2.65511
4.3824 2.61763
4.54351 2.87559
4.51041 2.83811
4.47731 2.80064
4.44421 2.76316
4.41112 2.72568
4.37802 2.6882
4.34492 2.65073
4.31182 2.61325
4.53913 2.94616
4.50603 2.90869
4.47293 2.87121
4.43984 2.83373
4.40674 2.79626
4.37364 2.75878
4.34054 2.7213
4.30744 2.68382
4.27435 2.64635
4.57223 2.98364
4.20621 3.17347
4.56785 3.05422
4.53475 3.01674
4.50165 2.97926
4.46855 2.94178
4.43546 2.90431
4.40236 2.86683
4.36926 2.82935
4.33616 2.79188
4.30306 2.7544
4.26997 2.71692
4.23687 2.67945
4.20377 2.64197
4.17067 2.60449
4.13758 2.56701
4.10448 2.52954
4.49727 3.04984
4.43108 2.97488
4.39798 2.93741
4.36488 2.89993
4.33178 2.86245
4.29869 2.82497
4.26559 2.7875
4.23249 2.75002
4.19939 2.71254
4.16629 2.67507
4.1332 2.63759
4.1001 2.60011
4.3936 3.00798
4.3605 2.9705
4.3274 2.93303
4.29431 2.89555
4.26121 2.85807
4.22811 2.8206
4.19501 2.78312
4.16191 2.74564
4.12882 2.70816
4.09572 2.67069
4.4267 3.04546
4.38922 3.07856
4.35612 3.04108
4.32302 3.0036
4.28993 2.96612
4.25683 2.92865
4.22373 2.89117
4.19063 2.85369
4.15754 2.81622
4.12444 2.77874
4.09134 2.74126
4.31865 3.07418
4.28555 3.0367
4.25245 2.99922
4.21935 2.96175
4.18625 2.92427
4.15316 2.88679
4.12006 2.84931
4.08696 2.81184
4.24807 3.0698
4.21497 3.03232
4.18188 2.99484
4.14878 2.95737
4.11568 2.91989
4.08258 2.88241
4.17312 3.13599
4.1775 3.06542
4.1444 3.02794
4.1113 2.99046
4.0782 2.95299
4.14002 3.09852
4.10692 3.06104
4.07382 3.02356
4.13564 3.16909
4.10254 3.13161
