OR: 3.27015 -3.40081 5.45845 9.67295e-38 16
3.12015 -3.55081
3.12015 -3.45081
3.12015 -3.35081
3.12015 -3.25081
3.22015 -3.55081
3.22015 -3.45081
3.22015 -3.35081
3.22015 -3.25081
3.32015 -3.55081
3.32015 -3.45081
3.32015 -3.35081
3.32015 -3.25081
3.42015 -3.55081
3.42015 -3.45081
3.42015 -3.35081
3.42015 -3.25081
CR: -3.05793 1.58624 3.90386 0.5 16
-3.20793 1.43624
-3.20793 1.53624
-3.20793 1.63624
-3.20793 1.73624
-3.10793 1.43624
-3.10793 1.53624
-3.10793 1.63624
-3.10793 1.73624
-3.00793 1.43624
-3.00793 1.53624
-3.00793 1.63624
-3.00793 1.73624
-2.90793 1.43624
-2.90793 1.53624
-2.90793 1.63624
-2.90793 1.73624
meetingroom: -4.45 -3.37963 3.1416 2 108
-5.2 -4.9
-5.2 -4.8
-5.2 -4.7
-5.2 -4.6
-5.2 -2.5
-5.2 -2.4
-5.2 -2.3
-5.2 -2.2
-5.2 -2.1
-5.2 -2
-5.2 -1.9
-5.2 -1.8
-5.2 -1.7
-5.2 -1.6
-5.2 -1.5
-5.2 -1.4
-5.2 -1.3
-5.2 -1.2
-5.1 -5
-5.1 -4.9
-5.1 -4.8
-5.1 -4.7
-5.1 -4.6
-5.1 -4.5
-5.1 -4.4
-5.1 -4.3
-5.1 -4.2
-5.1 -4.1
-5.1 -4
-5.1 -3.9
-5.1 -3.8
-5.1 -3.7
-5.1 -3.6
-5.1 -3.5
-5.1 -3.4
-5.1 -3.3
-5.1 -3.2
-5.1 -3.1
-5.1 -3
-5.1 -2.9
-5.1 -2.8
-5.1 -2.7
-5.1 -2.6
-5.1 -2.5
-5.1 -1.2
-5 -5
-5 -4.9
-5 -1.2
-4.9 -5
-4.9 -4.9
-4.9 -1.2
-4.8 -5
-4.8 -4.9
-4.8 -1.2
-4.7 -5
-4.7 -4.9
-4.7 -1.2
-4.6 -5
-4.6 -4.9
-4.6 -1.2
-4.5 -5
-4.5 -4.9
-4.5 -1.2
-4.4 -5
-4.4 -4.9
-4.4 -1.2
-4.3 -5
-4.3 -4.9
-4.3 -1.2
-4.2 -5
-4.2 -4.9
-4.2 -1.2
-4.1 -5
-4.1 -4.9
-4.1 -1.2
-4 -5
-4 -4.9
-4 -1.2
-3.9 -5
-3.9 -4.9
-3.9 -1.2
-3.8 -5
-3.8 -4.9
-3.8 -1.2
-3.7 -5
-3.7 -4.9
-3.7 -1.2
-3.6 -5
-3.6 -4.9
-3.6 -1.2
-3.5 -4.9
-3.5 -1.2
-3.4 -4.9
-3.4 -1.2
-3.3 -4.9
-3.3 -1.2
-3.2 -4.9
-3.2 -1.2
-3.1 -4.9
-3.1 -1.2
-3 -4.9
-3 -1.2
-2.9 -4.9
-2.9 -1.2
-2.8 -4.9
-2.8 -1.2
-2.7 -4.9
-2.7 -1.2
studioroom: -0.978142 3.95603 1.5708 2 398
-5.2 0.1
-5.2 0.2
-5.2 0.3
-5.2 0.4
-5.2 0.5
-5.2 0.6
-5.2 0.7
-5.2 0.8
-5.2 0.9
-5.2 1
-5.2 1.1
-5.2 1.2
-5.2 1.3
-5.2 1.4
-5.2 1.5
-5.2 1.6
-5.2 1.7
-5.2 1.8
-5.2 1.9
-5.2 2
-5.2 2.1
-5.2 2.2
-5.2 2.3
-5.2 2.4
-5.2 2.5
-5.2 2.6
-5.2 4.8
-5.2 4.9
-5.2 5
-5.2 5.1
-5.2 5.2
-5.2 5.3
-5.2 5.4
-5.2 5.5
-5.2 5.6
-5.2 5.7
-5.2 5.8
-5.2 5.9
-5.1 0
-5.1 0.1
-5.1 0.2
-5.1 0.3
-5.1 0.4
-5.1 0.5
-5.1 0.6
-5.1 0.7
-5.1 0.8
-5.1 0.9
-5.1 1
-5.1 1.1
-5.1 1.2
-5.1 1.3
-5.1 1.4
-5.1 1.5
-5.1 1.6
-5.1 1.7
-5.1 1.8
-5.1 1.9
-5.1 2
-5.1 2.1
-5.1 2.2
-5.1 2.3
-5.1 2.4
-5.1 2.5
-5.1 2.6
-5.1 2.7
-5.1 2.8
-5.1 2.9
-5.1 3
-5.1 3.1
-5.1 3.2
-5.1 3.3
-5.1 3.4
-5.1 3.5
-5.1 3.6
-5.1 3.7
-5.1 3.8
-5.1 3.9
-5.1 4
-5.1 4.1
-5.1 4.2
-5.1 4.3
-5.1 4.4
-5.1 4.5
-5.1 4.6
-5.1 4.7
-5.1 4.8
-5.1 4.9
-5.1 5
-5.1 5.1
-5.1 5.2
-5.1 5.3
-5.1 5.4
-5.1 5.5
-5.1 5.6
-5.1 5.7
-5.1 5.8
-5.1 5.9
-5.1 6
-5.1 6.1
-5.1 6.2
-5.1 6.3
-5.1 6.4
-5.1 6.5
-5.1 6.6
-5.1 6.7
-5.1 6.8
-5.1 6.9
-5 0
-5 0.1
-5 1.3
-5 1.4
-5 1.5
-5 1.6
-5 1.7
-5 6.8
-5 6.9
-4.9 0
-4.9 0.1
-4.9 6.8
-4.9 6.9
-4.8 0
-4.8 0.1
-4.8 6.8
-4.8 6.9
-4.7 0
-4.7 0.1
-4.7 6.8
-4.7 6.9
-4.6 0
-4.6 0.1
-4.6 6.8
-4.6 6.9
-4.5 0.1
-4.5 6.8
-4.5 6.9
-4.4 0.1
-4.4 6.8
-4.4 6.9
-4.3 0.1
-4.3 6.8
-4.3 6.9
-4.2 0.1
-4.2 6.8
-4.2 6.9
-4.1 0.1
-4.1 6.8
-4.1 6.9
-4 0.1
-4 6.8
-3.9 0.1
-3.9 6.8
-3.8 0.1
-3.8 6.8
-3.7 0.1
-3.7 6.8
-3.6 0.1
-3.6 6.8
-3.5 0.1
-3.5 6.8
-3.4 0.1
-3.4 6.8
-3.3 0.1
-3.3 6.8
-3.2 0.1
-3.2 6.8
-3.1 0.1
-3.1 6.8
-3 0.1
-3 6.8
-2.9 0.1
-2.9 6.8
-2.8 0.1
-2.8 6.8
-2.7 -0.2
-2.7 -0.1
-2.7 0
-2.7 0.1
-2.7 6.8
-2.6 6.6
-2.6 6.8
-2.5 6.6
-2.4 6.6
-2.3 6.6
-2.2 6.6
-2.1 6.6
-2 6.6
-1.9 6.6
-1.8 6.6
-1.8 6.7
-1.7 6.7
-1.6 0.1
-1.6 6.7
-1.6 6.8
-1.5 0.1
-1.5 6.7
-1.5 6.8
-1.4 0.1
-1.4 6.7
-1.4 6.8
-1.3 0.1
-1.3 6.7
-1.3 6.8
-1.2 0.1
-1.2 6.7
-1.2 6.8
-1.1 0.1
-1.1 6.7
-1.1 6.8
-1 0.1
-1 6.7
-1 6.8
-0.9 0.1
-0.9 6.7
-0.9 6.8
-0.8 0.1
-0.8 6.7
-0.8 6.8
-0.7 0.1
-0.7 6.7
-0.7 6.8
-0.6 0.1
-0.6 6.7
-0.6 6.8
-0.5 0.1
-0.5 6.7
-0.5 6.8
-0.4 0.1
-0.4 6.7
-0.4 6.8
-0.3 0.1
-0.3 6.7
-0.3 6.8
-0.2 0.1
-0.2 6.7
-0.2 6.8
-0.1 0.1
-0.1 6.7
-0.1 6.8
0 0.1
0 6.7
0 6.8
0.1 0.1
0.1 6.7
0.1 6.8
0.2 0.1
0.2 6.7
0.2 6.8
0.3 0.1
0.3 6.7
0.3 6.8
0.4 0.1
0.4 6.7
0.4 6.8
0.5 0.1
0.5 6.7
0.5 6.8
0.6 0.1
0.6 6.7
0.6 6.8
0.7 0.1
0.7 6.7
0.7 6.8
0.8 0.1
0.8 6.7
0.8 6.8
0.9 0.1
0.9 6.7
0.9 6.8
1 0.1
1 6.8
1.1 0.1
1.1 6.8
1.2 0.1
1.2 6.8
1.3 0.1
1.3 6.8
1.4 0.1
1.4 6.8
1.5 0.1
1.5 6.8
1.6 0.1
1.6 6.8
1.7 0.1
1.7 6.8
1.8 0.1
1.8 6.8
1.9 0.1
1.9 6.8
2 0.1
2 6.8
2.1 0.1
2.1 6.8
2.2 0.1
2.2 6.8
2.3 0.1
2.3 6.8
2.4 0.1
2.4 6.8
2.5 0.1
2.5 6.8
2.6 0.1
2.6 6.8
2.7 0.1
2.7 6.8
2.8 0.1
2.8 6.8
2.9 0.1
2.9 6.8
3 0.1
3 6.8
3.1 6.8
3.2 6.8
3.3 6.8
3.3 6.9
3.4 6.8
3.4 6.9
3.5 6.8
3.5 6.9
3.6 6.8
3.6 6.9
3.7 6.8
3.7 6.9
3.8 6.8
3.8 6.9
3.9 6.8
3.9 6.9
4 6.8
4 6.9
4.1 6.9
4.2 6.9
4.3 6.9
4.4 6.9
4.5 6.9
4.6 6.9
4.7 6.9
4.8 6.9
4.9 6.9
5 6.9
5.1 6.9
5.2 6.2
5.2 6.3
5.2 6.4
5.2 6.5
5.2 6.6
5.2 6.7
5.2 6.8
5.2 6.9
5.3 0.7
5.3 0.8
5.3 0.9
5.3 1
5.3 1.1
5.3 1.2
5.3 1.3
5.3 1.4
5.3 1.5
5.3 1.6
5.3 1.7
5.3 1.8
5.3 1.9
5.3 2
5.3 2.1
5.3 2.2
5.3 2.3
5.3 2.4
5.3 2.5
5.3 2.6
5.3 2.7
5.3 2.8
5.3 2.9
5.3 3
5.3 3.1
5.3 3.2
5.3 3.3
5.3 3.4
5.3 3.5
5.3 3.6
5.3 3.7
5.3 3.8
5.3 3.9
5.3 4
5.3 4.1
5.3 4.2
5.3 4.3
5.3 4.4
5.3 4.5
5.3 4.6
5.3 4.7
5.3 4.8
5.3 5.5
5.3 5.6
5.3 5.7
5.3 5.8
5.3 5.9
5.3 6
5.3 6.1
5.3 6.2
officeroom: 1.95993 -2.91324 0 2 272
-1.4 -1.2
-1.3 -1.2
-1.2 -1.2
-1.1 -1.2
-1 -1.2
-0.8 -2
-0.8 -2.1
-0.8 -2.4
-0.8 -2.5
-0.8 -2.6
-0.8 -2.7
-0.8 -2.8
-0.8 -2.9
-0.8 -3
-0.8 -3.1
-0.8 -3.2
-0.8 -3.3
-0.8 -3.4
-0.8 -3.5
-0.8 -3.6
-0.8 -3.7
-0.8 -3.8
-0.8 -3.9
-0.9 -1.2
-0.8 -5
-0.8 -4.9
-0.8 -4.8
-0.8 -4.7
-0.8 -4.6
-0.8 -4.5
-0.8 -4.4
-0.8 -4.3
-0.8 -4.2
-0.8 -4.1
-0.8 -2.3
-0.8 -2.2
-0.8 -1.2
-1.5 -2
-1.5 -2.1
-1.5 -2.4
-1.5 -2.5
-1.5 -2.6
-1.5 -2.7
-1.5 -2.8
-1.5 -2.9
-1.5 -3
-1.5 -3.1
-1.5 -3.2
-1.5 -3.3
-1.5 -3.4
-1.5 -3.5
-1.5 -3.6
-1.5 -3.7
-1.5 -3.8
-1.5 -3.9
-1.5 -1.2
-1.5 -5
-1.5 -4.9
-1.5 -4.8
-1.5 -4.7
-1.5 -4.6
-1.5 -4.5
-1.5 -4.4
-1.5 -4.3
-1.5 -4.2
-1.5 -4.1
-1.5 -2.3
-1.5 -2.2
-1.5 -1.2
-0.7 -5
-0.7 -1.2
-0.6 -5
-0.6 -1.2
-0.5 -5
-0.5 -1.2
-0.4 -5
-0.4 -1.2
-0.3 -5
-0.3 -1.2
-0.2 -5
-0.2 -1.3
-0.2 -1.2
-0.1 -5
-0.1 -4.9
-0.1 -1.3
-0.1 -1.2
0 -4.9
0 -1.3
0 -1.2
0.1 -4.9
0.1 -1.3
0.1 -1.2
0.2 -4.9
0.2 -1.3
0.2 -1.2
0.3 -4.9
0.3 -1.3
0.3 -1.2
0.4 -4.9
0.4 -1.3
0.4 -1.2
0.5 -4.9
0.5 -1.2
0.6 -4.9
0.6 -1.2
0.7 -4.9
0.7 -1.2
0.8 -4.9
0.8 -1.2
0.9 -4.9
0.9 -1.2
1 -4.9
1 -1.2
1.1 -4.9
1.1 -1.2
1.2 -4.9
1.2 -1.2
1.3 -4.9
1.3 -1.2
1.4 -4.9
1.4 -1.2
1.5 -4.9
1.5 -1.2
1.6 -4.9
1.6 -1.2
1.7 -4.9
1.7 -1.2
1.8 -4.9
1.8 -1.2
1.9 -4.9
1.9 -1.2
2 -4.9
2 -1.2
2.1 -4.9
2.1 -1.2
2.2 -4.9
2.2 -1.2
2.2 -1.1
2.3 -4.9
2.3 -1.2
2.3 -1.1
2.4 -4.9
2.4 -4.8
2.4 -1.2
2.4 -1.1
2.5 -4.8
2.5 -1.2
2.5 -1.1
2.6 -4.8
2.6 -1.2
2.6 -1.1
2.7 -4.8
2.7 -1.2
2.7 -1.1
2.8 -4.8
2.8 -1.2
2.8 -1.1
2.9 -4.9
2.9 -4.8
2.9 -1.2
2.9 -1.1
3 -4.9
3 -4.8
3 -1.2
3 -1.1
3.1 -4.9
3.1 -4.8
3.1 -1.2
3.1 -1.1
3.2 -4.9
3.2 -4.8
3.2 -1.1
3.3 -4.9
3.3 -1.1
3.4 -4.9
3.4 -1.1
3.5 -4.9
3.5 -1.1
3.6 -4.9
3.6 -1.1
3.7 -4.9
3.7 -1.1
3.7 -1
3.8 -4.9
3.8 -1.1
3.8 -1
3.9 -4.9
3.9 -1.1
3.9 -1
4 -5
4 -4.9
4 -1.1
4 -1
4.1 -5
4.1 -4.9
4.1 -1.1
4.1 -1
4.2 -5
4.2 -4.9
4.2 -1.1
4.2 -1
4.3 -5
4.3 -4.9
4.3 -1.1
4.3 -1
4.4 -5
4.4 -4.9
4.4 -1.1
4.4 -1
4.5 -4.9
4.5 -1.1
4.5 -1
4.6 -4.9
4.6 -1
4.7 -4.9
4.7 -1
4.8 -4.9
4.8 -1
4.9 -4.9
4.9 -1
5 -4.9
5 -1
5.1 -4.9
5.1 -1
5.2 -4.9
5.2 -1.6
5.2 -1.5
5.2 -1.4
5.2 -1.3
5.2 -1.2
5.2 -1.1
5.2 -1
5.3 -4.9
5.3 -4.8
5.3 -4.7
5.3 -4.6
5.3 -4.5
5.3 -4.4
5.3 -4.3
5.3 -4.2
5.3 -4.1
5.3 -4
5.3 -3.9
5.3 -3.8
5.3 -3.7
5.3 -3.6
5.3 -3.5
5.3 -3.4
5.3 -3.3
5.3 -3.2
5.3 -3.1
5.3 -3
5.3 -2.9
5.3 -2.8
5.3 -2.7
5.3 -2.6
5.3 -2.5
5.3 -2.4
5.3 -2.3
5.3 -2.2
5.3 -2.1
5.3 -2
5.3 -1.9
5.3 -1.8
5.3 -1.7
5.3 -1.6
5.3 -1.5
5.3 -1.4
5.3 -1.3
5.3 -1.2
5.3 -1.1
5.3 -1
room: -0.978142 3.95603 1.5708 2 398
-5.2 0.1
-5.2 0.2
-5.2 0.3
-5.2 0.4
-5.2 0.5
-5.2 0.6
-5.2 0.7
-5.2 0.8
-5.2 0.9
-5.2 1
-5.2 1.1
-5.2 1.2
-5.2 1.3
-5.2 1.4
-5.2 1.5
-5.2 1.6
-5.2 1.7
-5.2 1.8
-5.2 1.9
-5.2 2
-5.2 2.1
-5.2 2.2
-5.2 2.3
-5.2 2.4
-5.2 2.5
-5.2 2.6
-5.2 4.8
-5.2 4.9
-5.2 5
-5.2 5.1
-5.2 5.2
-5.2 5.3
-5.2 5.4
-5.2 5.5
-5.2 5.6
-5.2 5.7
-5.2 5.8
-5.2 5.9
-5.1 0
-5.1 0.1
-5.1 0.2
-5.1 0.3
-5.1 0.4
-5.1 0.5
-5.1 0.6
-5.1 0.7
-5.1 0.8
-5.1 0.9
-5.1 1
-5.1 1.1
-5.1 1.2
-5.1 1.3
-5.1 1.4
-5.1 1.5
-5.1 1.6
-5.1 1.7
-5.1 1.8
-5.1 1.9
-5.1 2
-5.1 2.1
-5.1 2.2
-5.1 2.3
-5.1 2.4
-5.1 2.5
-5.1 2.6
-5.1 2.7
-5.1 2.8
-5.1 2.9
-5.1 3
-5.1 3.1
-5.1 3.2
-5.1 3.3
-5.1 3.4
-5.1 3.5
-5.1 3.6
-5.1 3.7
-5.1 3.8
-5.1 3.9
-5.1 4
-5.1 4.1
-5.1 4.2
-5.1 4.3
-5.1 4.4
-5.1 4.5
-5.1 4.6
-5.1 4.7
-5.1 4.8
-5.1 4.9
-5.1 5
-5.1 5.1
-5.1 5.2
-5.1 5.3
-5.1 5.4
-5.1 5.5
-5.1 5.6
-5.1 5.7
-5.1 5.8
-5.1 5.9
-5.1 6
-5.1 6.1
-5.1 6.2
-5.1 6.3
-5.1 6.4
-5.1 6.5
-5.1 6.6
-5.1 6.7
-5.1 6.8
-5.1 6.9
-5 0
-5 0.1
-5 1.3
-5 1.4
-5 1.5
-5 1.6
-5 1.7
-5 6.8
-5 6.9
-4.9 0
-4.9 0.1
-4.9 6.8
-4.9 6.9
-4.8 0
-4.8 0.1
-4.8 6.8
-4.8 6.9
-4.7 0
-4.7 0.1
-4.7 6.8
-4.7 6.9
-4.6 0
-4.6 0.1
-4.6 6.8
-4.6 6.9
-4.5 0.1
-4.5 6.8
-4.5 6.9
-4.4 0.1
-4.4 6.8
-4.4 6.9
-4.3 0.1
-4.3 6.8
-4.3 6.9
-4.2 0.1
-4.2 6.8
-4.2 6.9
-4.1 0.1
-4.1 6.8
-4.1 6.9
-4 0.1
-4 6.8
-3.9 0.1
-3.9 6.8
-3.8 0.1
-3.8 6.8
-3.7 0.1
-3.7 6.8
-3.6 0.1
-3.6 6.8
-3.5 0.1
-3.5 6.8
-3.4 0.1
-3.4 6.8
-3.3 0.1
-3.3 6.8
-3.2 0.1
-3.2 6.8
-3.1 0.1
-3.1 6.8
-3 0.1
-3 6.8
-2.9 0.1
-2.9 6.8
-2.8 0.1
-2.8 6.8
-2.7 -0.2
-2.7 -0.1
-2.7 0
-2.7 0.1
-2.7 6.8
-2.6 6.6
-2.6 6.8
-2.5 6.6
-2.4 6.6
-2.3 6.6
-2.2 6.6
-2.1 6.6
-2 6.6
-1.9 6.6
-1.8 6.6
-1.8 6.7
-1.7 6.7
-1.6 0.1
-1.6 6.7
-1.6 6.8
-1.5 0.1
-1.5 6.7
-1.5 6.8
-1.4 0.1
-1.4 6.7
-1.4 6.8
-1.3 0.1
-1.3 6.7
-1.3 6.8
-1.2 0.1
-1.2 6.7
-1.2 6.8
-1.1 0.1
-1.1 6.7
-1.1 6.8
-1 0.1
-1 6.7
-1 6.8
-0.9 0.1
-0.9 6.7
-0.9 6.8
-0.8 0.1
-0.8 6.7
-0.8 6.8
-0.7 0.1
-0.7 6.7
-0.7 6.8
-0.6 0.1
-0.6 6.7
-0.6 6.8
-0.5 0.1
-0.5 6.7
-0.5 6.8
-0.4 0.1
-0.4 6.7
-0.4 6.8
-0.3 0.1
-0.3 6.7
-0.3 6.8
-0.2 0.1
-0.2 6.7
-0.2 6.8
-0.1 0.1
-0.1 6.7
-0.1 6.8
0 0.1
0 6.7
0 6.8
0.1 0.1
0.1 6.7
0.1 6.8
0.2 0.1
0.2 6.7
0.2 6.8
0.3 0.1
0.3 6.7
0.3 6.8
0.4 0.1
0.4 6.7
0.4 6.8
0.5 0.1
0.5 6.7
0.5 6.8
0.6 0.1
0.6 6.7
0.6 6.8
0.7 0.1
0.7 6.7
0.7 6.8
0.8 0.1
0.8 6.7
0.8 6.8
0.9 0.1
0.9 6.7
0.9 6.8
1 0.1
1 6.8
1.1 0.1
1.1 6.8
1.2 0.1
1.2 6.8
1.3 0.1
1.3 6.8
1.4 0.1
1.4 6.8
1.5 0.1
1.5 6.8
1.6 0.1
1.6 6.8
1.7 0.1
1.7 6.8
1.8 0.1
1.8 6.8
1.9 0.1
1.9 6.8
2 0.1
2 6.8
2.1 0.1
2.1 6.8
2.2 0.1
2.2 6.8
2.3 0.1
2.3 6.8
2.4 0.1
2.4 6.8
2.5 0.1
2.5 6.8
2.6 0.1
2.6 6.8
2.7 0.1
2.7 6.8
2.8 0.1
2.8 6.8
2.9 0.1
2.9 6.8
3 0.1
3 6.8
3.1 6.8
3.2 6.8
3.3 6.8
3.3 6.9
3.4 6.8
3.4 6.9
3.5 6.8
3.5 6.9
3.6 6.8
3.6 6.9
3.7 6.8
3.7 6.9
3.8 6.8
3.8 6.9
3.9 6.8
3.9 6.9
4 6.8
4 6.9
4.1 6.9
4.2 6.9
4.3 6.9
4.4 6.9
4.5 6.9
4.6 6.9
4.7 6.9
4.8 6.9
4.9 6.9
5 6.9
5.1 6.9
5.2 6.2
5.2 6.3
5.2 6.4
5.2 6.5
5.2 6.6
5.2 6.7
5.2 6.8
5.2 6.9
5.3 0.7
5.3 0.8
5.3 0.9
5.3 1
5.3 1.1
5.3 1.2
5.3 1.3
5.3 1.4
5.3 1.5
5.3 1.6
5.3 1.7
5.3 1.8
5.3 1.9
5.3 2
5.3 2.1
5.3 2.2
5.3 2.3
5.3 2.4
5.3 2.5
5.3 2.6
5.3 2.7
5.3 2.8
5.3 2.9
5.3 3
5.3 3.1
5.3 3.2
5.3 3.3
5.3 3.4
5.3 3.5
5.3 3.6
5.3 3.7
5.3 3.8
5.3 3.9
5.3 4
5.3 4.1
5.3 4.2
5.3 4.3
5.3 4.4
5.3 4.5
5.3 4.6
5.3 4.7
5.3 4.8
5.3 5.5
5.3 5.6
5.3 5.7
5.3 5.8
5.3 5.9
5.3 6
5.3 6.1
5.3 6.2
table: 3.98379 -4.13661 -1 1 483
4.5314 -4.61806
4.49468 -4.652
4.53418 -4.54741
4.49746 -4.58135
4.46075 -4.61528
4.42403 -4.64922
4.53696 -4.47675
4.50024 -4.51069
4.46353 -4.54463
4.42681 -4.57857
4.39009 -4.6125
4.35337 -4.64644
4.53974 -4.4061
4.50303 -4.44003
4.46631 -4.47397
4.42959 -4.50791
4.39287 -4.54185
4.35615 -4.57579
4.31943 -4.60972
4.28272 -4.64366
4.50581 -4.36938
4.46909 -4.40332
4.43237 -4.43725
4.39565 -4.47119
4.35893 -4.50513
4.32221 -4.53907
4.2855 -4.573
4.24878 -4.60694
4.54252 -4.33544
4.21206 -4.64088
4.17534 -4.67482
4.5453 -4.26478
4.50859 -4.29872
4.47187 -4.33266
4.43515 -4.3666
4.39843 -4.40054
4.36171 -4.43447
4.32499 -4.46841
4.28828 -4.50235
4.25156 -4.53629
4.21484 -4.57022
4.17812 -4.60416
4.1414 -4.6381
4.51137 -4.22807
4.47465 -4.262
4.43793 -4.29594
4.40121 -4.32988
4.36449 -4.36382
4.32778 -4.39776
4.29106 -4.43169
4.25434 -4.46563
4.21762 -4.49957
4.1809 -4.53351
4.14418 -4.56744
4.10747 -4.60138
4.07075 -4.63532
4.54808 -4.19413
4.03403 -4.66926
4.51415 -4.15741
4.47743 -4.19135
4.44071 -4.22529
4.40399 -4.25922
4.36727 -4.29316
4.33056 -4.3271
4.29384 -4.36104
4.25712 -4.39497
4.2204 -4.42891
4.18368 -4.46285
4.14696 -4.49679
4.11025 -4.53073
4.07353 -4.56466
4.03681 -4.5986
4.00009 -4.63254
4.55087 -4.12347
3.96337 -4.66648
4.51693 -4.08675
4.48021 -4.12069
4.44349 -4.15463
4.40677 -4.18857
4.37005 -4.22251
4.33334 -4.25644
4.29662 -4.29038
4.2599 -4.32432
4.22318 -4.35826
4.18646 -4.39219
4.14974 -4.42613
4.11303 -4.46007
4.07631 -4.49401
4.03959 -4.52795
4.00287 -4.56188
3.96615 -4.59582
3.92944 -4.62976
4.55365 -4.05282
3.9745 -4.38385
3.89272 -4.6637
3.94056 -4.34713
3.90384 -4.38107
4.51971 -4.0161
4.48299 -4.05004
4.44627 -4.08397
4.40955 -4.11791
4.37284 -4.15185
4.33612 -4.18579
4.2994 -4.21972
4.26268 -4.25366
4.22596 -4.2876
4.18924 -4.32154
4.15253 -4.35548
4.11581 -4.38941
4.07909 -4.42335
4.04237 -4.45729
4.00565 -4.49123
3.96893 -4.52516
3.93222 -4.5591
3.8955 -4.59304
3.85878 -4.62698
4.55643 -3.98216
3.82206 -4.66092
3.8699 -4.34435
4.52249 -3.94544
4.48577 -3.97938
4.44905 -4.01332
4.41233 -4.04726
4.37562 -4.08119
4.3389 -4.11513
4.30218 -4.14907
4.26546 -4.18301
4.22874 -4.21694
4.19202 -4.25088
4.15531 -4.28482
4.11859 -4.31876
4.08187 -4.3527
4.04515 -4.38663
4.00843 -4.42057
3.83318 -4.37829
3.935 -4.48845
3.89828 -4.52238
3.86156 -4.55632
3.82484 -4.59026
3.78812 -4.6242
3.90662 -4.31042
3.75141 -4.65813
4.55921 -3.9115
4.52527 -3.87479
4.48855 -3.90872
4.45183 -3.94266
4.41511 -3.9766
4.3784 -4.01054
4.34168 -4.04448
4.30496 -4.07841
4.26824 -4.11235
4.23152 -4.14629
4.19481 -4.18023
4.15809 -4.21416
4.12137 -4.2481
4.08465 -4.28204
4.04793 -4.31598
4.01121 -4.34991
3.79925 -4.34157
3.86434 -4.48567
3.82762 -4.5196
3.7909 -4.55354
3.75419 -4.58748
3.71747 -4.62142
3.83596 -4.30764
3.68075 -4.65535
4.56199 -3.84085
4.52805 -3.80413
4.49133 -3.83807
4.45461 -3.87201
4.41789 -3.90594
4.38118 -3.93988
4.34446 -3.97382
4.30774 -4.00776
4.27102 -4.04169
4.2343 -4.07563
4.19759 -4.10957
4.16087 -4.14351
4.12415 -4.17745
4.08743 -4.21138
4.05071 -4.24532
4.01399 -4.27926
3.97728 -4.3132
3.8304 -4.44895
3.79368 -4.48288
3.75697 -4.51682
3.72025 -4.55076
3.68353 -4.5847
3.64681 -4.61864
3.61009 -4.65257
4.56477 -3.77019
4.53083 -3.73347
4.49411 -3.76741
4.45739 -3.80135
4.42068 -3.83529
4.38396 -3.86923
4.34724 -3.90316
4.31052 -3.9371
4.2738 -3.97104
4.23708 -4.00498
4.20037 -4.03891
4.16365 -4.07285
4.12693 -4.10679
4.09021 -4.14073
4.05349 -4.17466
4.01677 -4.2086
3.98006 -4.24254
3.94334 -4.27648
3.79646 -4.41223
3.75975 -4.44617
3.72303 -4.4801
3.68631 -4.51404
3.64959 -4.54798
3.61287 -4.58192
3.57616 -4.61586
3.53944 -4.64979
4.49689 -3.69676
4.46017 -3.73069
4.42346 -3.76463
4.38674 -3.79857
4.35002 -3.83251
4.3133 -3.86645
4.27658 -3.90038
4.23986 -3.93432
4.20315 -3.96826
4.16643 -4.0022
4.12971 -4.03613
4.09299 -4.07007
4.05627 -4.10401
4.01956 -4.13795
3.98284 -4.17188
3.94612 -4.20582
3.9094 -4.23976
3.87268 -4.2737
3.76253 -4.37551
3.72581 -4.40945
3.68909 -4.44339
3.65237 -4.47732
3.61565 -4.51126
3.57894 -4.5452
3.54222 -4.57914
3.5055 -4.61307
4.42624 -3.69398
4.38952 -3.72791
4.3528 -3.76185
4.31608 -3.79579
4.27936 -3.82973
4.24265 -3.86366
4.20593 -3.8976
4.16921 -3.93154
4.13249 -3.96548
4.09577 -3.99942
4.05905 -4.03335
4.02234 -4.06729
3.98562 -4.10123
3.9489 -4.13517
3.91218 -4.1691
3.87546 -4.20304
3.83874 -4.23698
3.80203 -4.27092
3.76531 -4.30485
3.72859 -4.33879
3.69187 -4.37273
3.65515 -4.40667
3.61843 -4.44061
3.58172 -4.47454
3.545 -4.50848
3.50828 -4.54242
4.3923 -3.65726
4.35558 -3.6912
4.31886 -3.72513
4.28214 -3.75907
4.24543 -3.79301
4.20871 -3.82695
4.17199 -3.86088
4.13527 -3.89482
4.09855 -3.92876
4.06183 -3.9627
4.02512 -3.99663
3.9884 -4.03057
3.95168 -4.06451
3.91496 -4.09845
3.87824 -4.13239
3.84152 -4.16632
3.80481 -4.20026
3.76809 -4.2342
3.73137 -4.26814
3.69465 -4.30207
3.65793 -4.33601
3.62122 -4.36995
3.5845 -4.40389
3.54778 -4.43783
3.51106 -4.47176
3.47434 -4.5057
4.32164 -3.65448
4.28492 -3.68841
4.24821 -3.72235
4.21149 -3.75629
4.17477 -3.79023
4.13805 -3.82417
4.10133 -3.8581
4.06462 -3.89204
4.0279 -3.92598
3.99118 -3.95992
3.95446 -3.99385
3.91774 -4.02779
3.88102 -4.06173
3.84431 -4.09567
3.80759 -4.12961
3.77087 -4.16354
3.73415 -4.19748
3.69743 -4.23142
3.66071 -4.26536
3.624 -4.29929
3.58728 -4.33323
3.55056 -4.36717
3.51384 -4.40111
3.47712 -4.43504
4.28771 -3.61776
4.25099 -3.6517
4.21427 -3.68563
4.17755 -3.71957
4.14083 -3.75351
4.10411 -3.78745
4.0674 -3.82139
4.03068 -3.85532
3.99396 -3.88926
3.95724 -3.9232
3.92052 -3.95714
3.8838 -3.99107
3.84709 -4.02501
3.81037 -4.05895
3.77365 -4.09289
3.73693 -4.12682
3.70021 -4.16076
3.66349 -4.1947
3.62678 -4.22864
3.59006 -4.26258
3.55334 -4.29651
3.51662 -4.33045
3.4799 -4.36439
3.44319 -4.39833
4.21705 -3.61498
4.18033 -3.64892
4.14361 -3.68285
4.10689 -3.71679
4.07018 -3.75073
4.03346 -3.78467
3.99674 -3.8186
3.96002 -3.85254
3.9233 -3.88648
3.88658 -3.92042
3.84987 -3.95436
3.81315 -3.98829
3.77643 -4.02223
3.73971 -4.05617
3.70299 -4.09011
3.66628 -4.12404
3.62956 -4.15798
3.59284 -4.19192
3.55612 -4.22586
3.5194 -4.2598
3.48268 -4.29373
3.44597 -4.32767
4.46295 -3.66004
4.14639 -3.6122
4.10967 -3.64614
4.07296 -3.68007
4.03624 -3.71401
3.99952 -3.74795
3.9628 -3.78189
3.92608 -3.81582
3.88937 -3.84976
3.85265 -3.8837
3.81593 -3.91764
3.77921 -3.95157
3.74249 -3.98551
3.70577 -4.01945
3.66906 -4.05339
3.63234 -4.08733
3.59562 -4.12126
3.5589 -4.1552
3.52218 -4.18914
3.48546 -4.22308
3.44875 -4.25701
3.41203 -4.29095
4.07574 -3.60942
4.03902 -3.64335
4.0023 -3.67729
3.96558 -3.71123
3.92886 -3.74517
3.89215 -3.77911
3.85543 -3.81304
3.81871 -3.84698
3.78199 -3.88092
3.74527 -3.91486
3.70855 -3.94879
3.67184 -3.98273
3.63512 -4.01667
3.5984 -4.05061
3.56168 -4.08455
3.52496 -4.11848
3.48825 -4.15242
3.45153 -4.18636
3.41481 -4.2203
3.96836 -3.64057
3.93164 -3.67451
3.89493 -3.70845
3.85821 -3.74239
3.82149 -3.77633
3.78477 -3.81026
3.74805 -3.8442
3.71134 -3.87814
3.67462 -3.91208
3.6379 -3.94601
3.60118 -3.97995
3.56446 -4.01389
3.52774 -4.04783
3.49103 -4.08176
3.45431 -4.1157
3.41759 -4.14964
3.38087 -4.18358
3.89771 -3.63779
3.86099 -3.67173
3.82427 -3.70567
3.78755 -3.73961
3.75083 -3.77354
3.71412 -3.80748
3.6774 -3.84142
3.64068 -3.87536
3.60396 -3.9093
3.56724 -3.94323
3.53052 -3.97717
3.49381 -4.01111
3.45709 -4.04505
3.42037 -4.07898
3.38365 -4.11292
3.82705 -3.63501
3.79033 -3.66895
3.75361 -3.70289
3.7169 -3.73683
3.68018 -3.77076
3.64346 -3.8047
3.60674 -3.83864
3.57002 -3.87258
3.5333 -3.90652
3.49659 -3.94045
3.45987 -3.97439
3.42315 -4.00833
3.38643 -4.04227
3.34971 -4.0762
3.75639 -3.63223
3.71968 -3.66617
3.68296 -3.70011
3.64624 -3.73405
3.60952 -3.76798
3.5728 -3.80192
3.53609 -3.83586
3.49937 -3.8698
3.46265 -3.90373
3.42593 -3.93767
3.38921 -3.97161
3.35249 -4.00555
4.49967 -3.6261
3.68574 -3.62945
3.64902 -3.66339
3.6123 -3.69733
3.57558 -3.73127
3.53887 -3.7652
3.50215 -3.79914
3.46543 -3.83308
3.42871 -3.86702
3.39199 -3.90095
3.35527 -3.93489
3.61508 -3.62667
3.57836 -3.66061
3.54165 -3.69455
3.50493 -3.72848
3.46821 -3.76242
3.43149 -3.79636
3.39477 -3.8303
3.35806 -3.86424
3.32134 -3.89817
chair: -3.81492 1.93506 4.61494 0.864795 164
-4.15867 2.16956
-4.14509 2.21768
-4.09697 2.2041
-4.04885 2.19052
-4.00073 2.17694
-4.03527 2.23864
-3.98715 2.22506
-3.95261 2.16336
-3.93903 2.21148
-3.89091 2.1979
-3.87733 2.24602
-3.84279 2.18432
-4.11055 2.15598
-3.79467 2.17074
-3.82921 2.23244
-3.78109 2.21886
-3.73296 2.20528
-3.68484 2.1917
-3.71938 2.2534
-3.67126 2.23982
-3.63672 2.17812
-3.62314 2.22624
-3.5886 2.16454
-3.57502 2.21266
-3.74655 2.15716
-3.5269 2.19908
-3.51332 2.2472
-3.47878 2.1855
-3.90449 2.14978
-3.54048 2.15096
-4.12413 2.10786
-4.06243 2.1424
-4.13771 2.05974
-4.07601 2.09428
-4.15129 2.01161
-4.08959 2.04616
-4.10317 1.99803
-4.11675 1.94991
-4.13033 1.90179
-4.14391 1.85367
-4.08221 1.88821
-4.06863 1.93633
-4.09579 1.84009
-4.10937 1.79197
-4.15749 1.80555
-4.06125 1.77839
-4.12295 1.74385
-3.69842 2.14358
-3.49236 2.13738
-3.55406 2.10284
-3.85637 2.1362
-3.56764 2.05472
-3.50594 2.08926
-4.07483 1.73027
-3.51952 2.04114
-3.58122 2.0066
-3.5331 1.99301
-3.54668 1.94489
-4.05505 1.98445
-4.04147 2.03258
-4.02789 2.0807
-4.01431 2.12882
-4.13653 1.69573
-3.56026 1.89677
-4.15011 1.64761
-3.48498 1.97943
-4.10199 1.63403
-4.08841 1.68215
-4.04767 1.82651
-4.03409 1.87463
-4.02051 1.92275
-4.00693 1.97087
-3.99335 2.01899
-3.97977 2.06712
-3.57384 1.84865
-3.51214 1.88319
-3.49856 1.93131
-3.52572 1.83507
-4.04029 1.66857
-4.02671 1.71669
-4.01313 1.76481
-3.99955 1.81293
-3.98597 1.86105
-3.97239 1.90917
-3.95881 1.95729
-3.5393 1.78695
-3.99217 1.65499
-3.97859 1.70311
-3.96501 1.75123
-3.95143 1.79935
-3.93785 1.84747
-3.92427 1.89559
-3.91069 1.94371
-3.49118 1.77337
-3.4776 1.82149
-3.94405 1.64141
-3.93047 1.68953
-3.91689 1.73765
-3.90331 1.78577
-3.88973 1.83389
-3.87615 1.88201
-3.80825 2.12262
-3.82183 2.0745
-3.83541 2.02638
-3.84899 1.97825
-3.88235 1.67595
-3.86877 1.72407
-3.85519 1.77219
-3.84161 1.82031
-3.82803 1.86843
-3.80087 1.96467
-3.78729 2.01279
-3.77371 2.06092
-3.76013 2.10904
-3.81445 1.91655
-3.83423 1.66237
-3.82065 1.71049
-3.80707 1.75861
-3.79349 1.80673
-3.77991 1.85485
-3.76633 1.90297
-3.75275 1.95109
-3.73917 1.99921
-3.72558 2.04734
-3.712 2.09546
-3.78611 1.64879
-3.77253 1.69691
-3.75894 1.74503
-3.74536 1.79315
-3.73178 1.84127
-3.7182 1.88939
-3.70462 1.93751
-3.69104 1.98563
-3.67746 2.03376
-3.66388 2.08188
-3.6503 2.13
-3.89593 1.62783
-3.73798 1.63521
-3.7244 1.68333
-3.71082 1.73145
-3.69724 1.77957
-3.68366 1.82769
-3.67008 1.87581
-3.6565 1.92393
-3.64292 1.97205
-3.62934 2.02018
-3.61576 2.0683
-3.60218 2.11642
-3.55288 1.73883
-3.67628 1.66975
-3.6627 1.71787
-3.64912 1.76599
-3.63554 1.81411
-3.62196 1.86223
-3.60838 1.91035
-3.5948 1.95847
-3.62816 1.65617
-3.61458 1.70429
-3.601 1.75241
-3.50476 1.72525
-3.58004 1.64259
-3.56646 1.69071
-3.51834 1.67713
-3.53192 1.62901
table: -3.86124 0.863791 -1 1 545
-4.46504 0.381033
-4.49957 0.417197
-4.43051 0.344869
-4.39435 0.379398
-4.42888 0.415561
-4.46341 0.451725
-4.49794 0.487889
-4.35982 0.343234
-4.32366 0.377762
-4.35819 0.413926
-4.39272 0.450089
-4.42724 0.486253
-4.46177 0.522417
-4.4963 0.558581
-4.28913 0.341598
-4.25297 0.376126
-4.2875 0.41229
-4.32202 0.448454
-4.35655 0.484617
-4.39108 0.520781
-4.42561 0.556945
-4.46014 0.593108
-4.49466 0.629272
-4.21844 0.339962
-4.18228 0.37449
-4.2168 0.410654
-4.25133 0.446818
-4.28586 0.482982
-4.32039 0.519145
-4.35492 0.555309
-4.38944 0.591473
-4.42397 0.627637
-4.4585 0.6638
-4.49303 0.699964
-4.14775 0.338327
-4.11158 0.372854
-4.14611 0.409018
-4.18064 0.445182
-4.21517 0.481346
-4.2497 0.51751
-4.28422 0.553673
-4.31875 0.589837
-4.35328 0.626001
-4.38781 0.662165
-4.42234 0.698328
-4.45686 0.734492
-4.49139 0.770656
-4.07706 0.336691
-4.04089 0.371219
-4.07542 0.407383
-4.10995 0.443546
-4.14448 0.47971
-4.179 0.515874
-4.21353 0.552038
-4.24806 0.588201
-4.28259 0.624365
-4.31712 0.660529
-4.35164 0.696693
-4.38617 0.732856
-4.4207 0.76902
-4.45523 0.805184
-4.48976 0.841348
-3.9702 0.369583
-4.00473 0.405747
-4.03926 0.441911
-4.07378 0.478074
-4.10831 0.514238
-4.14284 0.550402
-4.17737 0.586566
-4.2119 0.622729
-4.24642 0.658893
-4.28095 0.695057
-4.31548 0.731221
-4.35001 0.767384
-4.38454 0.803548
-4.41906 0.839712
-4.45359 0.875876
-4.48812 0.912039
-3.89951 0.367947
-3.93404 0.404111
-3.96856 0.440275
-4.00309 0.476439
-4.03762 0.512602
-4.07215 0.548766
-4.10668 0.58493
-4.1412 0.621094
-4.17573 0.657257
-4.21026 0.693421
-4.24479 0.729585
-4.27932 0.765749
-4.31384 0.801912
-4.34837 0.838076
-4.3829 0.87424
-4.41743 0.910404
-4.45196 0.946567
-4.48649 0.982731
-4.52101 1.01889
-3.82882 0.366312
-3.86334 0.402475
-3.89787 0.438639
-3.9324 0.474803
-3.96693 0.510967
-4.00146 0.54713
-4.03598 0.583294
-4.07051 0.619458
-4.10504 0.655622
-4.13957 0.691785
-4.1741 0.727949
-4.20862 0.764113
-4.24315 0.800277
-4.27768 0.83644
-4.31221 0.872604
-4.34674 0.908768
-4.38127 0.944932
-4.41579 0.981095
-4.45032 1.01726
-4.48485 1.05342
-3.92913 0.616186
-3.8946 0.580023
-4.51938 1.08959
-3.75813 0.364676
-3.79265 0.40084
-3.82718 0.437003
-3.86171 0.473167
-3.89624 0.509331
-3.93077 0.545495
-3.96529 0.581658
-3.99982 0.617822
-4.03435 0.653986
-4.06888 0.69015
-4.1034 0.726313
-4.13793 0.762477
-4.17246 0.798641
-4.20699 0.834805
-4.24152 0.870968
-4.27605 0.907132
-4.31057 0.943296
-4.3451 0.97946
-4.37963 1.01562
-4.41416 1.05179
-4.44869 1.08795
-4.48321 1.12411
-4.51774 1.16028
-3.72196 0.399204
-3.75649 0.435368
-3.79102 0.471531
-3.82555 0.507695
-3.86007 0.543859
-3.96366 0.65235
-3.99819 0.688514
-4.03271 0.724678
-4.06724 0.760841
-4.10177 0.797005
-4.1363 0.833169
-4.17083 0.869333
-4.20535 0.905496
-4.23988 0.94166
-4.27441 0.977824
-4.30894 1.01399
-4.34347 1.05015
-4.37799 1.08632
-4.41252 1.12248
-4.44705 1.15864
-4.48158 1.19481
-3.68743 0.36304
-4.51611 1.23097
-3.85844 0.614551
-3.65127 0.397568
-3.6858 0.433732
-3.72033 0.469896
-3.75485 0.506059
-3.78938 0.542223
-3.82391 0.578387
-3.89297 0.650714
-3.92749 0.686878
-3.96202 0.723042
-3.99655 0.759206
-4.03108 0.795369
-4.06561 0.831533
-4.10013 0.867697
-4.13466 0.903861
-4.16919 0.940024
-4.20372 0.976188
-4.23825 1.01235
-4.27277 1.04852
-4.3073 1.08468
-4.34183 1.12084
-4.37636 1.15701
-4.41089 1.19317
-4.44541 1.22933
-4.47994 1.2655
-3.61674 0.361404
-3.78775 0.612915
-3.58058 0.395932
-3.61511 0.432096
-3.64963 0.46826
-3.68416 0.504424
-3.71869 0.540587
-3.75322 0.576751
-3.82227 0.649079
-3.8568 0.685242
-3.89133 0.721406
-3.92586 0.75757
-3.96039 0.793734
-3.99491 0.829897
-4.02944 0.866061
-4.06397 0.902225
-4.0985 0.938389
-4.13303 0.974552
-4.16755 1.01072
-4.20208 1.04688
-4.23661 1.08304
-4.27114 1.11921
-4.30567 1.15537
-4.34019 1.19153
-4.37472 1.2277
-4.40925 1.26386
-4.44378 1.30003
-3.54605 0.359769
-3.71705 0.611279
-3.75158 0.647443
-3.50989 0.394297
-3.54441 0.43046
-3.57894 0.466624
-3.61347 0.502788
-3.648 0.538952
-3.68253 0.575115
-3.78611 0.683607
-3.82064 0.71977
-3.85517 0.755934
-3.88969 0.792098
-3.92422 0.828262
-3.95875 0.864425
-3.99328 0.900589
-4.02781 0.936753
-4.06233 0.972917
-4.09686 1.00908
-4.13139 1.04524
-4.16592 1.08141
-4.20045 1.11757
-4.23497 1.15374
-4.2695 1.1899
-4.30403 1.22606
-4.33856 1.26223
-4.37309 1.29839
-3.47536 0.358133
-3.43919 0.392661
-3.47372 0.428825
-3.50825 0.464988
-3.54278 0.501152
-3.57731 0.537316
-3.61183 0.57348
-3.64636 0.609643
-3.68089 0.645807
-3.71542 0.681971
-3.74995 0.718135
-3.78447 0.754298
-3.819 0.790462
-3.85353 0.826626
-3.88806 0.86279
-3.92259 0.898953
-3.95711 0.935117
-3.99164 0.971281
-4.02617 1.00744
-4.0607 1.04361
-4.09523 1.07977
-4.12975 1.11594
-4.16428 1.1521
-4.19881 1.18826
-4.23334 1.22443
-4.26787 1.26059
-4.30239 1.29675
-3.40467 0.356497
-3.3685 0.391025
-3.40303 0.427189
-3.43756 0.463353
-3.47209 0.499516
-3.50661 0.53568
-3.54114 0.571844
-3.57567 0.608008
-3.6102 0.644171
-3.64473 0.680335
-3.67925 0.716499
-3.71378 0.752663
-3.74831 0.788826
-3.78284 0.82499
-3.81737 0.861154
-3.85189 0.897318
-3.88642 0.933481
-3.92095 0.969645
-3.95548 1.00581
-3.99001 1.04197
-4.02453 1.07814
-4.05906 1.1143
-4.09359 1.15046
-4.12812 1.18663
-4.16265 1.22279
-4.19718 1.25896
-4.2317 1.29512
-4.26623 1.33128
-3.33397 0.354861
-3.33234 0.425553
-3.36687 0.461717
-3.40139 0.497881
-3.43592 0.534044
-3.47045 0.570208
-3.50498 0.606372
-3.53951 0.642536
-3.57403 0.678699
-3.60856 0.714863
-3.64309 0.751027
-3.67762 0.787191
-3.71215 0.823354
-3.74668 0.859518
-3.7812 0.895682
-3.81573 0.931846
-3.85026 0.968009
-3.88479 1.00417
-3.91932 1.04034
-3.95384 1.0765
-3.98837 1.11266
-4.0229 1.14883
-4.05743 1.18499
-4.09196 1.22116
-4.12648 1.25732
-4.16101 1.29348
-4.19554 1.32965
-3.29618 0.460081
-3.3307 0.496245
-3.36523 0.532409
-3.39976 0.568572
-3.43429 0.604736
-3.46882 0.6409
-3.50334 0.677064
-3.53787 0.713227
-3.5724 0.749391
-3.60693 0.785555
-3.64146 0.821719
-3.67598 0.857882
-3.71051 0.894046
-3.74504 0.93021
-3.77957 0.966374
-3.8141 1.00254
-3.84862 1.0387
-3.88315 1.07486
-3.91768 1.11103
-3.95221 1.14719
-3.98674 1.18336
-4.02126 1.21952
-4.05579 1.25568
-4.09032 1.29185
-4.12485 1.32801
-4.15938 1.36417
-3.29454 0.530773
-3.32907 0.566937
-3.3636 0.6031
-3.39812 0.639264
-3.43265 0.675428
-3.46718 0.711592
-3.50171 0.747755
-3.53624 0.783919
-3.57076 0.820083
-3.60529 0.856247
-3.63982 0.89241
-3.67435 0.928574
-3.70888 0.964738
-3.7434 1.0009
-3.77793 1.03707
-3.81246 1.07323
-3.84699 1.10939
-3.88152 1.14556
-3.91604 1.18172
-3.95057 1.21788
-3.9851 1.25405
-4.01963 1.29021
-4.05416 1.32638
-4.08868 1.36254
-3.25838 0.565301
-3.2929 0.601465
-3.32743 0.637628
-3.36196 0.673792
-3.39649 0.709956
-3.43102 0.74612
-3.46554 0.782283
-3.50007 0.818447
-3.5346 0.854611
-3.56913 0.890775
-3.60366 0.926938
-3.63818 0.963102
-3.67271 0.999266
-3.70724 1.03543
-3.74177 1.07159
-3.7763 1.10776
-3.81082 1.14392
-3.84535 1.18008
-3.87988 1.21625
-3.91441 1.25241
-3.94894 1.28858
-3.98346 1.32474
-4.01799 1.3609
-4.05252 1.39707
-3.25674 0.635993
-3.29127 0.672156
-3.3258 0.70832
-3.36032 0.744484
-3.39485 0.780648
-3.42938 0.816811
-3.46391 0.852975
-3.49844 0.889139
-3.53296 0.925303
-3.56749 0.961466
-3.60202 0.99763
-3.63655 1.03379
-3.67108 1.06996
-3.7056 1.10612
-3.74013 1.14229
-3.77466 1.17845
-3.80919 1.21461
-3.84372 1.25078
-3.87824 1.28694
-3.91277 1.3231
-3.9473 1.35927
-3.98183 1.39543
-3.22058 0.670521
-3.2551 0.706684
-3.28963 0.742848
-3.32416 0.779012
-3.35869 0.815176
-3.39322 0.851339
-3.42774 0.887503
-3.46227 0.923667
-3.4968 0.959831
-3.53133 0.995994
-3.56586 1.03216
-3.60038 1.06832
-3.63491 1.10449
-3.66944 1.14065
-3.70397 1.17681
-3.7385 1.21298
-3.77302 1.24914
-3.80755 1.2853
-3.84208 1.32147
-3.87661 1.35763
-3.91114 1.3938
-4.40761 1.33455
-3.21894 0.741212
-3.25347 0.777376
-3.288 0.81354
-3.32252 0.849704
-3.35705 0.885867
-3.39158 0.922031
-3.42611 0.958195
-3.46064 0.994359
-3.49516 1.03052
-3.52969 1.06669
-3.56422 1.10285
-3.59875 1.13901
-3.63328 1.17518
-3.6678 1.21134
-3.70233 1.2475
-3.73686 1.28367
-3.77139 1.31983
-3.80592 1.356
-3.84044 1.39216
-3.18278 0.775741
-3.2173 0.811904
-3.25183 0.848068
-3.28636 0.884232
-3.32089 0.920395
-3.35542 0.956559
-3.38994 0.992723
-3.42447 1.02889
-3.459 1.06505
-3.49353 1.10121
-3.52806 1.13738
-3.56258 1.17354
-3.59711 1.20971
-3.63164 1.24587
-3.66617 1.28203
-3.7007 1.3182
-3.73522 1.35436
-3.76975 1.39052
-3.18114 0.846432
-3.21567 0.882596
-3.2502 0.91876
-3.28472 0.954923
-3.31925 0.991087
-3.35378 1.02725
-3.38831 1.06341
-3.42284 1.09958
-3.45737 1.13574
-3.49189 1.17191
-3.52642 1.20807
-3.56095 1.24423
-3.59548 1.2804
-3.63001 1.31656
-3.66453 1.35272
-3.69906 1.38889
-3.17951 0.917124
-3.21403 0.953288
-3.24856 0.989451
-3.28309 1.02562
-3.31762 1.06178
-3.35215 1.09794
-3.38667 1.13411
-3.4212 1.17027
-3.45573 1.20643
-3.49026 1.2426
-3.52479 1.27876
-3.55931 1.31493
-3.59384 1.35109
-3.62837 1.38725
-3.17787 0.987816
-3.2124 1.02398
-3.24693 1.06014
-3.28145 1.09631
-3.31598 1.13247
-3.35051 1.16863
-3.38504 1.2048
-3.41957 1.24096
-3.45409 1.27713
-3.48862 1.31329
-3.52315 1.34945
-3.55768 1.38562
-3.26165 0.423917
-4.44214 1.37072
-3.17623 1.05851
-3.21076 1.09467
-3.24529 1.13084
-3.27982 1.167
-3.31435 1.20316
-3.34887 1.23933
-3.3834 1.27549
-3.41793 1.31165
-3.45246 1.34782
-3.48699 1.38398
-3.1746 1.1292
-3.20913 1.16536
-3.24365 1.20153
-3.27818 1.23769
-3.31271 1.27385
-3.34724 1.31002
-3.38177 1.34618
-3.41629 1.38235
-3.22712 0.387754
