OR: 0.383371 1.2478 3.47897 2.98414e-38 16
0.233371 1.0978
0.233371 1.1978
0.233371 1.2978
0.233371 1.3978
0.333371 1.0978
0.333371 1.1978
0.333371 1.2978
0.333371 1.3978
0.433371 1.0978
0.433371 1.1978
0.433371 1.2978
0.433371 1.3978
0.533371 1.0978
0.533371 1.1978
0.533371 1.2978
0.533371 1.3978
CR: 3.71199 5.44225 0.0718443 0.5 16
3.56199 5.29225
3.56199 5.39225
3.56199 5.49225
3.56199 5.59225
3.66199 5.29225
3.66199 5.39225
3.66199 5.49225
3.66199 5.59225
3.76199 5.29225
3.76199 5.39225
3.76199 5.49225
3.76199 5.59225
3.86199 5.29225
3.86199 5.39225
3.86199 5.49225
3.86199 5.59225
meetingroom: 0.983721 6.83721 1.5708 2 129
0 5.1
0 5.2
0 5.3
0 5.4
0 5.5
0 5.6
0 5.7
0 5.8
0 5.9
0 6
0 6.1
0 6.2
0 6.3
0 6.4
0 6.5
0 6.6
0 6.7
0 7.1
0 7.2
0 7.3
0 7.4
0 7.5
0 7.6
0 7.7
0 7.8
0 7.9
0 8
0 8.1
0 8.2
0 8.3
0.1 5.1
0.1 6.3
0.1 6.4
0.1 6.5
0.1 6.6
0.1 6.7
0.1 6.8
0.1 6.9
0.1 7
0.1 7.1
0.1 7.2
0.1 7.3
0.1 7.4
0.1 7.5
0.1 7.6
0.1 7.7
0.1 7.8
0.1 7.9
0.1 8
0.1 8.1
0.1 8.2
0.1 8.3
0.1 8.4
0.2 5.1
0.2 8.3
0.3 5.1
0.3 8.3
0.4 5.1
0.4 8.3
0.5 5.1
0.5 8.3
0.6 5.1
0.6 8.3
0.7 5.1
0.7 8.3
0.8 5.1
0.8 8.3
0.9 5.1
0.9 8.3
1 5.1
1 8.3
1.1 8.3
1.2 5.1
1.2 8.3
1.3 8.3
1.4 8.3
1.5 8.3
1.6 8.3
1.7 8.3
1.8 8.3
1.9 8.3
2 5.3
2 5.4
2 5.5
2 5.6
2 5.7
2 5.8
2 5.9
2 6
2 6.1
2 6.2
2 6.3
2 6.4
2 6.5
2 6.6
2 6.7
2 6.8
2 8.3
2.1 5.2
2.1 5.3
2.1 5.4
2.1 5.5
2.1 5.6
2.1 5.7
2.1 5.8
2.1 5.9
2.1 6
2.1 6.1
2.1 6.2
2.1 6.3
2.1 6.4
2.1 6.5
2.1 6.6
2.1 6.8
2.1 6.9
2.1 7
2.1 7.1
2.1 7.2
2.1 7.3
2.1 7.4
2.1 7.5
2.1 7.6
2.1 7.7
2.1 7.8
2.1 7.9
2.1 8
2.1 8.1
2.1 8.2
2.1 8.3
officeroom: -0.388983 1.19153 3.1416 2 118
-1.3 0.1
-1.3 0.2
-1.3 0.3
-1.3 0.4
-1.3 0.5
-1.3 0.6
-1.3 0.7
-1.3 0.8
-1.3 0.9
-1.3 1
-1.3 1.8
-1.3 1.9
-1.3 2
-1.3 2.1
-1.3 2.2
-1.3 2.3
-1.2 0
-1.2 0.1
-1.2 0.2
-1.2 0.3
-1.2 0.4
-1.2 0.5
-1.2 0.6
-1.2 0.7
-1.2 0.8
-1.2 0.9
-1.2 1
-1.2 1.1
-1.2 1.2
-1.2 1.3
-1.2 1.4
-1.2 1.5
-1.2 1.6
-1.2 1.7
-1.2 1.8
-1.2 1.9
-1.2 2
-1.2 2.1
-1.2 2.2
-1.2 2.3
-1.2 2.4
-1.1 0
-1.1 0.1
-1.1 2.3
-1.1 2.4
-1 0
-1 0.1
-1 2.3
-1 2.4
-0.9 0
-0.9 0.1
-0.9 2.3
-0.9 2.4
-0.8 0
-0.8 0.1
-0.8 2.3
-0.8 2.4
-0.7 0
-0.7 0.1
-0.7 2.3
-0.7 2.4
-0.6 0
-0.6 0.1
-0.6 2.3
-0.6 2.4
-0.5 0.1
-0.5 2.3
-0.5 2.4
-0.4 0.1
-0.4 2.3
-0.4 2.4
-0.3 0.1
-0.3 2.3
-0.3 2.4
-0.2 0.1
-0.2 2.3
-0.1 0.1
-0.1 2.3
0 0.1
0 2.3
0.1 0.1
0.1 2.3
0.2 0.1
0.2 2.3
0.3 0.1
0.3 2.3
0.4 0.1
0.4 2.3
0.5 0.1
0.5 2.3
0.6 0.1
0.6 2.3
0.7 0.1
0.7 2.3
0.8 0.1
0.8 2.3
0.9 0.1
0.9 2.3
1 0.1
1 0.2
1 0.3
1 0.4
1 0.5
1 0.6
1 1.5
1 1.6
1 1.7
1 1.8
1 1.9
1 2
1 2.1
1 2.2
1 2.3
1.1 0.1
1.1 0.2
1.1 0.3
1.1 0.4
1.1 0.6
livingroom: 3.47134 2.09825 1.5708 2 171
0.5 0.1
0.6 0.1
0.7 0.1
0.8 0.1
0.9 0.1
1.1 0.1
1.1 0.2
1.1 0.3
1.1 0.4
1.1 0.5
1.1 0.6
1.1 1.7
1.1 1.8
1.1 1.9
1.1 2
1.1 2.1
1.1 2.2
1.1 2.3
1.1 2.4
0.9 2.5
0.9 2.6
0.9 2.7
0.9 2.8
0.9 2.9
0.9 3
0.9 3.1
0.9 3.2
0.9 3.3
0.9 3.4
0.9 3.5
0.9 3.6
0.9 3.7
0.9 3.8
0.9 3.9
0.9 4
0.9 4.1
0.9 4.2
0.9 4.3
0.9 4.4
0.9 4.5
0.9 4.6
0.9 4.7
0.9 4.8
1.2 0.1
1.3 0.1
2 4.8
2.4 0
2.4 0.1
2.4 4.8
2.5 0.1
2.5 4.8
2.6 0.1
2.6 4.8
2.7 0.1
2.8 0.1
2.9 0.1
3 0.1
3.1 0.1
3.2 0.1
3.3 0.1
3.4 0.1
3.5 0.1
3.6 0.1
3.6 4.8
3.7 0
3.7 0.1
3.7 4.7
3.7 4.8
3.8 0
3.8 0.1
3.8 4.7
3.8 4.8
3.9 -0.1
3.9 0
3.9 0.1
3.9 4.7
3.9 4.8
4 -0.1
4 0.1
4 4.7
4 4.8
4.1 -0.1
4.1 0.1
4.1 4.7
4.1 4.8
4.2 -0.1
4.2 0.1
4.2 4.7
4.2 4.8
4.3 -0.1
4.3 0.1
4.3 4.7
4.3 4.8
4.4 -0.1
4.4 0.1
4.4 4.7
4.4 4.8
4.5 -0.1
4.5 0.1
4.5 4.7
4.6 -0.1
4.6 0.1
4.6 4.7
4.7 -0.1
4.7 0.1
4.7 4.7
4.8 -0.1
4.8 0
4.8 0.1
4.8 4.7
4.9 0
4.9 0.1
4.9 0.2
4.9 0.3
4.9 0.4
4.9 0.5
4.9 0.6
4.9 0.7
4.9 0.8
4.9 0.9
4.9 1
4.9 1.1
4.9 1.2
4.9 1.3
4.9 1.4
4.9 1.5
4.9 1.6
4.9 1.7
4.9 1.8
4.9 1.9
4.9 2
4.9 2.1
4.9 2.2
4.9 2.3
4.9 2.4
4.9 2.5
4.9 2.6
4.9 2.7
4.9 2.8
4.9 4.7
5 0.1
5 0.2
5 0.3
5 0.4
5 0.5
5 0.6
5 0.7
5 0.8
5 2.5
5 2.6
5 2.7
5 2.8
5 2.9
5 3
5 3.1
5 3.2
5 3.3
5 3.4
5 3.5
5 3.6
5 3.7
5 3.8
5 3.9
5 4
5 4.1
5 4.2
5 4.3
5 4.4
5 4.5
5 4.6
5 4.7
bedroom: 3.85302 6.91074 1.5708 2 149
2.2 8.3
2.3 6.9
2.3 7
2.3 7.1
2.3 7.2
2.3 7.3
2.3 7.4
2.3 7.5
2.3 7.6
2.3 7.7
2.3 8
2.3 8.1
2.3 8.2
2.3 8.3
2.4 5
2.4 5.1
2.4 5.2
2.4 5.3
2.4 5.4
2.4 5.5
2.4 5.6
2.4 5.7
2.4 5.8
2.4 5.9
2.4 6
2.4 6.1
2.4 6.2
2.4 6.3
2.4 6.4
2.4 6.5
2.4 6.6
2.4 6.7
2.4 6.8
2.4 6.9
2.4 7
2.4 7.1
2.4 7.2
2.4 7.3
2.4 7.7
2.4 7.8
2.4 7.9
2.4 8
2.4 8.1
2.4 8.2
2.4 8.3
2.5 5
2.5 8.3
2.6 8.3
2.7 8.3
2.8 8.3
2.9 8.3
3 8.3
3.1 8.3
3.2 8.3
3.3 8.3
3.4 8.3
3.5 5
3.5 5.1
3.5 8.3
3.6 5.1
3.6 8.3
3.7 5.1
3.7 8.3
3.8 5.1
3.8 8.3
3.9 5.1
3.9 8.3
4 5.1
4 8.3
4.1 5.1
4.1 8.3
4.2 5.1
4.2 8.3
4.3 5.1
4.3 8.2
4.3 8.3
4.4 5.1
4.4 8.2
4.4 8.3
4.5 5.1
4.5 8.2
4.5 8.3
4.6 5.1
4.6 8.2
4.6 8.3
4.7 5.1
4.7 8.2
4.7 8.3
4.8 5.1
4.8 8.2
4.8 8.3
4.9 5
4.9 5.1
4.9 5.2
4.9 5.3
4.9 5.4
4.9 5.5
4.9 5.6
4.9 5.7
4.9 5.8
4.9 5.9
4.9 6
4.9 6.1
4.9 6.2
4.9 6.3
4.9 6.4
4.9 6.5
4.9 6.6
4.9 6.7
4.9 6.8
4.9 6.9
4.9 7
4.9 8.2
4.9 8.3
5 5.1
5 5.2
5 5.3
5 5.4
5 5.5
5 5.6
5 5.7
5 5.8
5 5.9
5 6.7
5 6.8
5 6.9
5 7
5 7.1
5 7.2
5 7.3
5 7.4
5 7.5
5 7.6
5 7.7
5 7.8
5 7.9
5 8
5 8.1
5 8.2
5 8.3
5.1 7.4
5.1 7.5
5.1 7.6
5.1 7.7
5.1 7.8
5.1 7.9
5.1 8
5.1 8.1
5.1 8.2
bed: 3.5 7.7 0 2 273
2.5 7.1
2.5 7.2
2.5 7.3
2.5 7.4
2.5 7.5
2.5 7.6
2.5 7.7
2.5 7.8
2.5 7.9
2.5 8
2.5 8.1
2.5 8.2
2.5 8.3
2.6 7.1
2.6 7.2
2.6 7.3
2.6 7.4
2.6 7.5
2.6 7.6
2.6 7.7
2.6 7.8
2.6 7.9
2.6 8
2.6 8.1
2.6 8.2
2.6 8.3
2.7 7.1
2.7 7.2
2.7 7.3
2.7 7.4
2.7 7.5
2.7 7.6
2.7 7.7
2.7 7.8
2.7 7.9
2.7 8
2.7 8.1
2.7 8.2
2.7 8.3
2.8 7.1
2.8 7.2
2.8 7.3
2.8 7.4
2.8 7.5
2.8 7.6
2.8 7.7
2.8 7.8
2.8 7.9
2.8 8
2.8 8.1
2.8 8.2
2.8 8.3
2.9 7.1
2.9 7.2
2.9 7.3
2.9 7.4
2.9 7.5
2.9 7.6
2.9 7.7
2.9 7.8
2.9 7.9
2.9 8
2.9 8.1
2.9 8.2
2.9 8.3
3 7.1
3 7.2
3 7.3
3 7.4
3 7.5
3 7.6
3 7.7
3 7.8
3 7.9
3 8
3 8.1
3 8.2
3 8.3
3.1 7.1
3.1 7.2
3.1 7.3
3.1 7.4
3.1 7.5
3.1 7.6
3.1 7.7
3.1 7.8
3.1 7.9
3.1 8
3.1 8.1
3.1 8.2
3.1 8.3
3.2 7.1
3.2 7.2
3.2 7.3
3.2 7.4
3.2 7.5
3.2 7.6
3.2 7.7
3.2 7.8
3.2 7.9
3.2 8
3.2 8.1
3.2 8.2
3.2 8.3
3.3 7.1
3.3 7.2
3.3 7.3
3.3 7.4
3.3 7.5
3.3 7.6
3.3 7.7
3.3 7.8
3.3 7.9
3.3 8
3.3 8.1
3.3 8.2
3.3 8.3
3.4 7.1
3.4 7.2
3.4 7.3
3.4 7.4
3.4 7.5
3.4 7.6
3.4 7.7
3.4 7.8
3.4 7.9
3.4 8
3.4 8.1
3.4 8.2
3.4 8.3
3.5 7.1
3.5 7.2
3.5 7.3
3.5 7.4
3.5 7.5
3.5 7.6
3.5 7.7
3.5 7.8
3.5 7.9
3.5 8
3.5 8.1
3.5 8.2
3.5 8.3
3.6 7.1
3.6 7.2
3.6 7.3
3.6 7.4
3.6 7.5
3.6 7.6
3.6 7.7
3.6 7.8
3.6 7.9
3.6 8
3.6 8.1
3.6 8.2
3.6 8.3
3.7 7.1
3.7 7.2
3.7 7.3
3.7 7.4
3.7 7.5
3.7 7.6
3.7 7.7
3.7 7.8
3.7 7.9
3.7 8
3.7 8.1
3.7 8.2
3.7 8.3
3.8 7.1
3.8 7.2
3.8 7.3
3.8 7.4
3.8 7.5
3.8 7.6
3.8 7.7
3.8 7.8
3.8 7.9
3.8 8
3.8 8.1
3.8 8.2
3.8 8.3
3.9 7.1
3.9 7.2
3.9 7.3
3.9 7.4
3.9 7.5
3.9 7.6
3.9 7.7
3.9 7.8
3.9 7.9
3.9 8
3.9 8.1
3.9 8.2
3.9 8.3
4 7.1
4 7.2
4 7.3
4 7.4
4 7.5
4 7.6
4 7.7
4 7.8
4 7.9
4 8
4 8.1
4 8.2
4 8.3
4.1 7.1
4.1 7.2
4.1 7.3
4.1 7.4
4.1 7.5
4.1 7.6
4.1 7.7
4.1 7.8
4.1 7.9
4.1 8
4.1 8.1
4.1 8.2
4.1 8.3
4.2 7.1
4.2 7.2
4.2 7.3
4.2 7.4
4.2 7.5
4.2 7.6
4.2 7.7
4.2 7.8
4.2 7.9
4.2 8
4.2 8.1
4.2 8.2
4.2 8.3
4.3 7.1
4.3 7.2
4.3 7.3
4.3 7.4
4.3 7.5
4.3 7.6
4.3 7.7
4.3 7.8
4.3 7.9
4.3 8
4.3 8.1
4.3 8.2
4.3 8.3
4.4 7.1
4.4 7.2
4.4 7.3
4.4 7.4
4.4 7.5
4.4 7.6
4.4 7.7
4.4 7.8
4.4 7.9
4.4 8
4.4 8.1
4.4 8.2
4.4 8.3
4.5 7.1
4.5 7.2
4.5 7.3
4.5 7.4
4.5 7.5
4.5 7.6
4.5 7.7
4.5 7.8
4.5 7.9
4.5 8
4.5 8.1
4.5 8.2
4.5 8.3
room: 3.85302 6.91074 1.5708 2 149
2.2 8.3
2.3 6.9
2.3 7
2.3 7.1
2.3 7.2
2.3 7.3
2.3 7.4
2.3 7.5
2.3 7.6
2.3 7.7
2.3 8
2.3 8.1
2.3 8.2
2.3 8.3
2.4 5
2.4 5.1
2.4 5.2
2.4 5.3
2.4 5.4
2.4 5.5
2.4 5.6
2.4 5.7
2.4 5.8
2.4 5.9
2.4 6
2.4 6.1
2.4 6.2
2.4 6.3
2.4 6.4
2.4 6.5
2.4 6.6
2.4 6.7
2.4 6.8
2.4 6.9
2.4 7
2.4 7.1
2.4 7.2
2.4 7.3
2.4 7.7
2.4 7.8
2.4 7.9
2.4 8
2.4 8.1
2.4 8.2
2.4 8.3
2.5 5
2.5 8.3
2.6 8.3
2.7 8.3
2.8 8.3
2.9 8.3
3 8.3
3.1 8.3
3.2 8.3
3.3 8.3
3.4 8.3
3.5 5
3.5 5.1
3.5 8.3
3.6 5.1
3.6 8.3
3.7 5.1
3.7 8.3
3.8 5.1
3.8 8.3
3.9 5.1
3.9 8.3
4 5.1
4 8.3
4.1 5.1
4.1 8.3
4.2 5.1
4.2 8.3
4.3 5.1
4.3 8.2
4.3 8.3
4.4 5.1
4.4 8.2
4.4 8.3
4.5 5.1
4.5 8.2
4.5 8.3
4.6 5.1
4.6 8.2
4.6 8.3
4.7 5.1
4.7 8.2
4.7 8.3
4.8 5.1
4.8 8.2
4.8 8.3
4.9 5
4.9 5.1
4.9 5.2
4.9 5.3
4.9 5.4
4.9 5.5
4.9 5.6
4.9 5.7
4.9 5.8
4.9 5.9
4.9 6
4.9 6.1
4.9 6.2
4.9 6.3
4.9 6.4
4.9 6.5
4.9 6.6
4.9 6.7
4.9 6.8
4.9 6.9
4.9 7
4.9 8.2
4.9 8.3
5 5.1
5 5.2
5 5.3
5 5.4
5 5.5
5 5.6
5 5.7
5 5.8
5 5.9
5 6.7
5 6.8
5 6.9
5 7
5 7.1
5 7.2
5 7.3
5 7.4
5 7.5
5 7.6
5 7.7
5 7.8
5 7.9
5 8
5 8.1
5 8.2
5 8.3
5.1 7.4
5.1 7.5
5.1 7.6
5.1 7.7
5.1 7.8
5.1 7.9
5.1 8
5.1 8.1
5.1 8.2
bed: 3.5 7.7 0 2 273
2.5 7.1
2.5 7.2
2.5 7.3
2.5 7.4
2.5 7.5
2.5 7.6
2.5 7.7
2.5 7.8
2.5 7.9
2.5 8
2.5 8.1
2.5 8.2
2.5 8.3
2.6 7.1
2.6 7.2
2.6 7.3
2.6 7.4
2.6 7.5
2.6 7.6
2.6 7.7
2.6 7.8
2.6 7.9
2.6 8
2.6 8.1
2.6 8.2
2.6 8.3
2.7 7.1
2.7 7.2
2.7 7.3
2.7 7.4
2.7 7.5
2.7 7.6
2.7 7.7
2.7 7.8
2.7 7.9
2.7 8
2.7 8.1
2.7 8.2
2.7 8.3
2.8 7.1
2.8 7.2
2.8 7.3
2.8 7.4
2.8 7.5
2.8 7.6
2.8 7.7
2.8 7.8
2.8 7.9
2.8 8
2.8 8.1
2.8 8.2
2.8 8.3
2.9 7.1
2.9 7.2
2.9 7.3
2.9 7.4
2.9 7.5
2.9 7.6
2.9 7.7
2.9 7.8
2.9 7.9
2.9 8
2.9 8.1
2.9 8.2
2.9 8.3
3 7.1
3 7.2
3 7.3
3 7.4
3 7.5
3 7.6
3 7.7
3 7.8
3 7.9
3 8
3 8.1
3 8.2
3 8.3
3.1 7.1
3.1 7.2
3.1 7.3
3.1 7.4
3.1 7.5
3.1 7.6
3.1 7.7
3.1 7.8
3.1 7.9
3.1 8
3.1 8.1
3.1 8.2
3.1 8.3
3.2 7.1
3.2 7.2
3.2 7.3
3.2 7.4
3.2 7.5
3.2 7.6
3.2 7.7
3.2 7.8
3.2 7.9
3.2 8
3.2 8.1
3.2 8.2
3.2 8.3
3.3 7.1
3.3 7.2
3.3 7.3
3.3 7.4
3.3 7.5
3.3 7.6
3.3 7.7
3.3 7.8
3.3 7.9
3.3 8
3.3 8.1
3.3 8.2
3.3 8.3
3.4 7.1
3.4 7.2
3.4 7.3
3.4 7.4
3.4 7.5
3.4 7.6
3.4 7.7
3.4 7.8
3.4 7.9
3.4 8
3.4 8.1
3.4 8.2
3.4 8.3
3.5 7.1
3.5 7.2
3.5 7.3
3.5 7.4
3.5 7.5
3.5 7.6
3.5 7.7
3.5 7.8
3.5 7.9
3.5 8
3.5 8.1
3.5 8.2
3.5 8.3
3.6 7.1
3.6 7.2
3.6 7.3
3.6 7.4
3.6 7.5
3.6 7.6
3.6 7.7
3.6 7.8
3.6 7.9
3.6 8
3.6 8.1
3.6 8.2
3.6 8.3
3.7 7.1
3.7 7.2
3.7 7.3
3.7 7.4
3.7 7.5
3.7 7.6
3.7 7.7
3.7 7.8
3.7 7.9
3.7 8
3.7 8.1
3.7 8.2
3.7 8.3
3.8 7.1
3.8 7.2
3.8 7.3
3.8 7.4
3.8 7.5
3.8 7.6
3.8 7.7
3.8 7.8
3.8 7.9
3.8 8
3.8 8.1
3.8 8.2
3.8 8.3
3.9 7.1
3.9 7.2
3.9 7.3
3.9 7.4
3.9 7.5
3.9 7.6
3.9 7.7
3.9 7.8
3.9 7.9
3.9 8
3.9 8.1
3.9 8.2
3.9 8.3
4 7.1
4 7.2
4 7.3
4 7.4
4 7.5
4 7.6
4 7.7
4 7.8
4 7.9
4 8
4 8.1
4 8.2
4 8.3
4.1 7.1
4.1 7.2
4.1 7.3
4.1 7.4
4.1 7.5
4.1 7.6
4.1 7.7
4.1 7.8
4.1 7.9
4.1 8
4.1 8.1
4.1 8.2
4.1 8.3
4.2 7.1
4.2 7.2
4.2 7.3
4.2 7.4
4.2 7.5
4.2 7.6
4.2 7.7
4.2 7.8
4.2 7.9
4.2 8
4.2 8.1
4.2 8.2
4.2 8.3
4.3 7.1
4.3 7.2
4.3 7.3
4.3 7.4
4.3 7.5
4.3 7.6
4.3 7.7
4.3 7.8
4.3 7.9
4.3 8
4.3 8.1
4.3 8.2
4.3 8.3
4.4 7.1
4.4 7.2
4.4 7.3
4.4 7.4
4.4 7.5
4.4 7.6
4.4 7.7
4.4 7.8
4.4 7.9
4.4 8
4.4 8.1
4.4 8.2
4.4 8.3
4.5 7.1
4.5 7.2
4.5 7.3
4.5 7.4
4.5 7.5
4.5 7.6
4.5 7.7
4.5 7.8
4.5 7.9
4.5 8
4.5 8.1
4.5 8.2
4.5 8.3
table: 4.30586 5.51251 -1 1 232
4.65614 5.8601
4.6597 5.81023
4.66326 5.76035
4.66682 5.71048
4.67038 5.66061
4.67394 5.61073
4.6775 5.56086
4.68106 5.51099
4.68462 5.46111
4.60627 5.85654
4.60983 5.80667
4.61339 5.75679
4.61695 5.70692
4.62051 5.65705
4.62407 5.60717
4.62762 5.5573
4.63118 5.50743
4.63474 5.45755
4.6383 5.40768
4.64186 5.35781
4.64542 5.30793
4.64898 5.25806
4.65254 5.20819
4.6561 5.15831
4.55639 5.85298
4.55995 5.80311
4.56351 5.75323
4.56707 5.70336
4.57063 5.65349
4.57419 5.60361
4.57775 5.55374
4.27851 5.53238
4.28207 5.48251
4.58131 5.50387
4.58487 5.45399
4.58843 5.40412
4.59199 5.35425
4.59555 5.30437
4.59911 5.2545
4.60267 5.20463
4.60623 5.15476
4.50652 5.84942
4.51008 5.79955
4.51364 5.74967
4.5172 5.6998
4.52076 5.64993
4.52432 5.60005
4.52788 5.55018
4.53144 5.50031
4.535 5.45043
4.53856 5.40056
4.54212 5.35069
4.54568 5.30082
4.54924 5.25094
4.5528 5.20107
4.55635 5.1512
4.2322 5.47895
4.45665 5.84586
4.46021 5.79599
4.46377 5.74611
4.46733 5.69624
4.47089 5.64637
4.47445 5.59649
4.47801 5.54662
4.48156 5.49675
4.48512 5.44688
4.48868 5.397
4.49224 5.34713
4.4958 5.29726
4.49936 5.24738
4.50292 5.19751
4.50648 5.14764
4.22864 5.52882
4.18233 5.47539
4.40677 5.8423
4.41033 5.79243
4.41389 5.74255
4.41745 5.69268
4.42101 5.64281
4.42457 5.59293
4.42813 5.54306
4.43169 5.49319
4.43525 5.44332
4.43881 5.39344
4.44237 5.34357
4.44593 5.2937
4.44949 5.24382
4.45305 5.19395
4.45661 5.14408
4.40322 5.89217
4.35334 5.88861
4.3569 5.83874
4.36046 5.78887
4.36402 5.73899
4.36758 5.68912
4.37114 5.63925
4.3747 5.58938
4.37826 5.5395
4.38182 5.48963
4.38538 5.43976
4.38894 5.38988
4.3925 5.34001
4.39606 5.29014
4.39962 5.24026
4.40318 5.19039
4.40674 5.14052
4.30347 5.88505
4.30703 5.83518
4.31059 5.78531
4.31415 5.73544
4.31771 5.68556
4.32127 5.63569
4.32483 5.58582
4.32839 5.53594
4.33195 5.48607
4.33551 5.4362
4.33906 5.38632
4.34262 5.33645
4.34618 5.28658
4.34974 5.2367
4.3533 5.18683
4.35686 5.13696
4.2536 5.88149
4.25716 5.83162
4.26072 5.78175
4.26427 5.73188
4.26783 5.682
4.27139 5.63213
4.27495 5.58226
4.28563 5.43264
4.28919 5.38276
4.29275 5.33289
4.29631 5.28302
4.29987 5.23314
4.30343 5.18327
4.30699 5.1334
4.20372 5.87794
4.20728 5.82806
4.21084 5.77819
4.2144 5.72832
4.21796 5.67844
4.22152 5.62857
4.22508 5.5787
4.23576 5.42908
4.23932 5.3792
4.24288 5.32933
4.24644 5.27946
4.25 5.22958
4.25356 5.17971
4.17877 5.52526
4.15385 5.87438
4.15741 5.8245
4.16097 5.77463
4.16453 5.72476
4.16809 5.67488
4.17165 5.62501
4.17521 5.57514
4.18589 5.42552
4.18945 5.37564
4.193 5.32577
4.19656 5.2759
4.20012 5.22603
4.20368 5.17615
4.10398 5.87082
4.10754 5.82094
4.1111 5.77107
4.11466 5.7212
4.11821 5.67132
4.12177 5.62145
4.12533 5.57158
4.12889 5.5217
4.13245 5.47183
4.13601 5.42196
4.13957 5.37209
4.14313 5.32221
4.14669 5.27234
4.15025 5.22247
4.15381 5.17259
4.0541 5.86726
4.05766 5.81738
4.06122 5.76751
4.06478 5.71764
4.06834 5.66776
4.0719 5.61789
4.07546 5.56802
4.07902 5.51815
4.08258 5.46827
4.08614 5.4184
4.0897 5.36853
4.09326 5.31865
4.09682 5.26878
4.10038 5.21891
4.10394 5.16903
4.00423 5.8637
4.00779 5.81382
4.01135 5.76395
4.01491 5.71408
4.01847 5.6642
4.02203 5.61433
4.02559 5.56446
4.02915 5.51459
4.03271 5.46471
4.03627 5.41484
4.03983 5.36497
4.04339 5.31509
4.04694 5.26522
4.0505 5.21535
4.05406 5.16547
3.95436 5.86014
3.95792 5.81026
3.96148 5.76039
3.96504 5.71052
3.9686 5.66065
3.97215 5.61077
3.97571 5.5609
3.97927 5.51103
3.98283 5.46115
3.98639 5.41128
3.98995 5.36141
3.99351 5.31153
3.99707 5.26166
4.00063 5.21179
4.00419 5.16191
3.92584 5.55734
3.9294 5.50747
3.93296 5.45759
3.93652 5.40772
3.94008 5.35785
3.94364 5.30797
3.9472 5.2581
3.95076 5.20823
3.95432 5.15835
chair: 4.11542 6.19464 2.65579 1 108
4.37939 6.26671
4.34054 6.23523
4.37202 6.19638
4.38677 6.33703
4.34792 6.30556
4.4035 6.15753
4.33317 6.16491
4.36465 6.12606
4.31644 6.3444
4.35529 6.37588
4.39612 6.08721
4.3258 6.09458
4.35728 6.05573
4.38875 6.01688
4.31843 6.02425
4.3499 5.98541
4.32381 6.41473
4.25349 6.4221
4.28496 6.38325
4.21464 6.39063
4.24612 6.35178
4.18316 6.42947
4.14431 6.398
4.17579 6.35915
4.11284 6.43685
4.07399 6.40537
4.10546 6.36652
4.04251 6.44422
4.03514 6.37389
4.00366 6.41274
4.27958 5.99278
4.2481 6.03163
4.20925 6.00015
4.24073 5.9613
4.17778 6.039
3.96481 6.38127
4.31105 5.95393
4.13893 6.00752
4.1704 5.96867
4.30907 6.27408
4.27759 6.31293
4.10745 6.04637
4.0686 6.0149
4.10008 5.97605
4.3017 6.20375
4.20727 6.3203
4.27022 6.2426
4.23874 6.28145
4.13694 6.32767
4.02975 5.98342
4.16842 6.28882
4.23137 6.21113
4.03713 6.05374
4.19989 6.24998
3.99828 6.02227
4.28695 6.0631
4.06662 6.33505
4.09809 6.2962
4.12957 6.25735
4.25547 6.10195
4.19252 6.17965
4.16105 6.2185
3.93334 6.42012
3.99629 6.34242
4.02777 6.30357
4.21663 6.07048
4.05924 6.26472
4.09072 6.22587
4.15367 6.14817
4.18515 6.10932
4.1222 6.18702
3.89449 6.38864
3.92597 6.34979
3.9909 5.95194
3.95744 6.31094
3.95943 5.99079
3.98892 6.27209
4.1463 6.07785
4.02039 6.23324
4.11482 6.1167
4.05187 6.19439
4.08335 6.15555
3.85564 6.35716
3.88712 6.31831
3.91859 6.27946
3.95007 6.24062
3.98155 6.20177
4.07597 6.08522
4.01302 6.16292
4.0445 6.12407
3.84827 6.28684
3.9427 6.17029
3.87974 6.24799
3.91122 6.20914
3.97417 6.13144
4.00565 6.09259
3.9668 6.06112
3.90385 6.13881
3.93532 6.09997
3.84089 6.21651
3.87237 6.17766
3.92795 6.02964
3.89648 6.06849
3.865 6.10734
3.83352 6.14619
3.8891 5.99816
3.85763 6.03701
3.92058 5.95931
