OR: 1.98631 0.431802 1.58608 1.641e-38 16
1.83631 0.281802
1.83631 0.381802
1.83631 0.481802
1.83631 0.581802
1.93631 0.281802
1.93631 0.381802
1.93631 0.481802
1.93631 0.581802
2.03631 0.281802
2.03631 0.381802
2.03631 0.481802
2.03631 0.581802
2.13631 0.281802
2.13631 0.381802
2.13631 0.481802
2.13631 0.581802
CR: 2.8377 2.06255 0.577119 0.113804 16
2.6877 1.91255
2.6877 2.01255
2.6877 2.11255
2.6877 2.21255
2.7877 1.91255
2.7877 2.01255
2.7877 2.11255
2.7877 2.21255
2.8877 1.91255
2.8877 2.01255
2.8877 2.11255
2.8877 2.21255
2.9877 1.91255
2.9877 2.01255
2.9877 2.11255
2.9877 2.21255
meetingroom: 0.983721 6.83721 1.5708 2 129
0 5.1
0 5.2
0 5.3
0 5.4
0 5.5
0 5.6
0 5.7
0 5.8
0 5.9
0 6
0 6.1
0 6.2
0 6.3
0 6.4
0 6.5
0 6.6
0 6.7
0 7.1
0 7.2
0 7.3
0 7.4
0 7.5
0 7.6
0 7.7
0 7.8
0 7.9
0 8
0 8.1
0 8.2
0 8.3
0.1 5.1
0.1 6.3
0.1 6.4
0.1 6.5
0.1 6.6
0.1 6.7
0.1 6.8
0.1 6.9
0.1 7
0.1 7.1
0.1 7.2
0.1 7.3
0.1 7.4
0.1 7.5
0.1 7.6
0.1 7.7
0.1 7.8
0.1 7.9
0.1 8
0.1 8.1
0.1 8.2
0.1 8.3
0.1 8.4
0.2 5.1
0.2 8.3
0.3 5.1
0.3 8.3
0.4 5.1
0.4 8.3
0.5 5.1
0.5 8.3
0.6 5.1
0.6 8.3
0.7 5.1
0.7 8.3
0.8 5.1
0.8 8.3
0.9 5.1
0.9 8.3
1 5.1
1 8.3
1.1 8.3
1.2 5.1
1.2 8.3
1.3 8.3
1.4 8.3
1.5 8.3
1.6 8.3
1.7 8.3
1.8 8.3
1.9 8.3
2 5.3
2 5.4
2 5.5
2 5.6
2 5.7
2 5.8
2 5.9
2 6
2 6.1
2 6.2
2 6.3
2 6.4
2 6.5
2 6.6
2 6.7
2 6.8
2 8.3
2.1 5.2
2.1 5.3
2.1 5.4
2.1 5.5
2.1 5.6
2.1 5.7
2.1 5.8
2.1 5.9
2.1 6
2.1 6.1
2.1 6.2
2.1 6.3
2.1 6.4
2.1 6.5
2.1 6.6
2.1 6.8
2.1 6.9
2.1 7
2.1 7.1
2.1 7.2
2.1 7.3
2.1 7.4
2.1 7.5
2.1 7.6
2.1 7.7
2.1 7.8
2.1 7.9
2.1 8
2.1 8.1
2.1 8.2
2.1 8.3
officeroom: -0.388983 1.19153 3.1416 2 118
-1.3 0.1
-1.3 0.2
-1.3 0.3
-1.3 0.4
-1.3 0.5
-1.3 0.6
-1.3 0.7
-1.3 0.8
-1.3 0.9
-1.3 1
-1.3 1.8
-1.3 1.9
-1.3 2
-1.3 2.1
-1.3 2.2
-1.3 2.3
-1.2 0
-1.2 0.1
-1.2 0.2
-1.2 0.3
-1.2 0.4
-1.2 0.5
-1.2 0.6
-1.2 0.7
-1.2 0.8
-1.2 0.9
-1.2 1
-1.2 1.1
-1.2 1.2
-1.2 1.3
-1.2 1.4
-1.2 1.5
-1.2 1.6
-1.2 1.7
-1.2 1.8
-1.2 1.9
-1.2 2
-1.2 2.1
-1.2 2.2
-1.2 2.3
-1.2 2.4
-1.1 0
-1.1 0.1
-1.1 2.3
-1.1 2.4
-1 0
-1 0.1
-1 2.3
-1 2.4
-0.9 0
-0.9 0.1
-0.9 2.3
-0.9 2.4
-0.8 0
-0.8 0.1
-0.8 2.3
-0.8 2.4
-0.7 0
-0.7 0.1
-0.7 2.3
-0.7 2.4
-0.6 0
-0.6 0.1
-0.6 2.3
-0.6 2.4
-0.5 0.1
-0.5 2.3
-0.5 2.4
-0.4 0.1
-0.4 2.3
-0.4 2.4
-0.3 0.1
-0.3 2.3
-0.3 2.4
-0.2 0.1
-0.2 2.3
-0.1 0.1
-0.1 2.3
0 0.1
0 2.3
0.1 0.1
0.1 2.3
0.2 0.1
0.2 2.3
0.3 0.1
0.3 2.3
0.4 0.1
0.4 2.3
0.5 0.1
0.5 2.3
0.6 0.1
0.6 2.3
0.7 0.1
0.7 2.3
0.8 0.1
0.8 2.3
0.9 0.1
0.9 2.3
1 0.1
1 0.2
1 0.3
1 0.4
1 0.5
1 0.6
1 1.5
1 1.6
1 1.7
1 1.8
1 1.9
1 2
1 2.1
1 2.2
1 2.3
1.1 0.1
1.1 0.2
1.1 0.3
1.1 0.4
1.1 0.6
livingroom: 3.47134 2.09825 1.5708 2 171
0.5 0.1
0.6 0.1
0.7 0.1
0.8 0.1
0.9 0.1
1.1 0.1
1.1 0.2
1.1 0.3
1.1 0.4
1.1 0.5
1.1 0.6
1.1 1.7
1.1 1.8
1.1 1.9
1.1 2
1.1 2.1
1.1 2.2
1.1 2.3
1.1 2.4
0.9 2.5
0.9 2.6
0.9 2.7
0.9 2.8
0.9 2.9
0.9 3
0.9 3.1
0.9 3.2
0.9 3.3
0.9 3.4
0.9 3.5
0.9 3.6
0.9 3.7
0.9 3.8
0.9 3.9
0.9 4
0.9 4.1
0.9 4.2
0.9 4.3
0.9 4.4
0.9 4.5
0.9 4.6
0.9 4.7
0.9 4.8
1.2 0.1
1.3 0.1
2 4.8
2.4 0
2.4 0.1
2.4 4.8
2.5 0.1
2.5 4.8
2.6 0.1
2.6 4.8
2.7 0.1
2.8 0.1
2.9 0.1
3 0.1
3.1 0.1
3.2 0.1
3.3 0.1
3.4 0.1
3.5 0.1
3.6 0.1
3.6 4.8
3.7 0
3.7 0.1
3.7 4.7
3.7 4.8
3.8 0
3.8 0.1
3.8 4.7
3.8 4.8
3.9 -0.1
3.9 0
3.9 0.1
3.9 4.7
3.9 4.8
4 -0.1
4 0.1
4 4.7
4 4.8
4.1 -0.1
4.1 0.1
4.1 4.7
4.1 4.8
4.2 -0.1
4.2 0.1
4.2 4.7
4.2 4.8
4.3 -0.1
4.3 0.1
4.3 4.7
4.3 4.8
4.4 -0.1
4.4 0.1
4.4 4.7
4.4 4.8
4.5 -0.1
4.5 0.1
4.5 4.7
4.6 -0.1
4.6 0.1
4.6 4.7
4.7 -0.1
4.7 0.1
4.7 4.7
4.8 -0.1
4.8 0
4.8 0.1
4.8 4.7
4.9 0
4.9 0.1
4.9 0.2
4.9 0.3
4.9 0.4
4.9 0.5
4.9 0.6
4.9 0.7
4.9 0.8
4.9 0.9
4.9 1
4.9 1.1
4.9 1.2
4.9 1.3
4.9 1.4
4.9 1.5
4.9 1.6
4.9 1.7
4.9 1.8
4.9 1.9
4.9 2
4.9 2.1
4.9 2.2
4.9 2.3
4.9 2.4
4.9 2.5
4.9 2.6
4.9 2.7
4.9 2.8
4.9 4.7
5 0.1
5 0.2
5 0.3
5 0.4
5 0.5
5 0.6
5 0.7
5 0.8
5 2.5
5 2.6
5 2.7
5 2.8
5 2.9
5 3
5 3.1
5 3.2
5 3.3
5 3.4
5 3.5
5 3.6
5 3.7
5 3.8
5 3.9
5 4
5 4.1
5 4.2
5 4.3
5 4.4
5 4.5
5 4.6
5 4.7
bedroom: 3.85302 6.91074 1.5708 2 149
2.2 8.3
2.3 6.9
2.3 7
2.3 7.1
2.3 7.2
2.3 7.3
2.3 7.4
2.3 7.5
2.3 7.6
2.3 7.7
2.3 8
2.3 8.1
2.3 8.2
2.3 8.3
2.4 5
2.4 5.1
2.4 5.2
2.4 5.3
2.4 5.4
2.4 5.5
2.4 5.6
2.4 5.7
2.4 5.8
2.4 5.9
2.4 6
2.4 6.1
2.4 6.2
2.4 6.3
2.4 6.4
2.4 6.5
2.4 6.6
2.4 6.7
2.4 6.8
2.4 6.9
2.4 7
2.4 7.1
2.4 7.2
2.4 7.3
2.4 7.7
2.4 7.8
2.4 7.9
2.4 8
2.4 8.1
2.4 8.2
2.4 8.3
2.5 5
2.5 8.3
2.6 8.3
2.7 8.3
2.8 8.3
2.9 8.3
3 8.3
3.1 8.3
3.2 8.3
3.3 8.3
3.4 8.3
3.5 5
3.5 5.1
3.5 8.3
3.6 5.1
3.6 8.3
3.7 5.1
3.7 8.3
3.8 5.1
3.8 8.3
3.9 5.1
3.9 8.3
4 5.1
4 8.3
4.1 5.1
4.1 8.3
4.2 5.1
4.2 8.3
4.3 5.1
4.3 8.2
4.3 8.3
4.4 5.1
4.4 8.2
4.4 8.3
4.5 5.1
4.5 8.2
4.5 8.3
4.6 5.1
4.6 8.2
4.6 8.3
4.7 5.1
4.7 8.2
4.7 8.3
4.8 5.1
4.8 8.2
4.8 8.3
4.9 5
4.9 5.1
4.9 5.2
4.9 5.3
4.9 5.4
4.9 5.5
4.9 5.6
4.9 5.7
4.9 5.8
4.9 5.9
4.9 6
4.9 6.1
4.9 6.2
4.9 6.3
4.9 6.4
4.9 6.5
4.9 6.6
4.9 6.7
4.9 6.8
4.9 6.9
4.9 7
4.9 8.2
4.9 8.3
5 5.1
5 5.2
5 5.3
5 5.4
5 5.5
5 5.6
5 5.7
5 5.8
5 5.9
5 6.7
5 6.8
5 6.9
5 7
5 7.1
5 7.2
5 7.3
5 7.4
5 7.5
5 7.6
5 7.7
5 7.8
5 7.9
5 8
5 8.1
5 8.2
5 8.3
5.1 7.4
5.1 7.5
5.1 7.6
5.1 7.7
5.1 7.8
5.1 7.9
5.1 8
5.1 8.1
5.1 8.2
bed: 3.5 7.7 0 2 273
2.5 7.1
2.5 7.2
2.5 7.3
2.5 7.4
2.5 7.5
2.5 7.6
2.5 7.7
2.5 7.8
2.5 7.9
2.5 8
2.5 8.1
2.5 8.2
2.5 8.3
2.6 7.1
2.6 7.2
2.6 7.3
2.6 7.4
2.6 7.5
2.6 7.6
2.6 7.7
2.6 7.8
2.6 7.9
2.6 8
2.6 8.1
2.6 8.2
2.6 8.3
2.7 7.1
2.7 7.2
2.7 7.3
2.7 7.4
2.7 7.5
2.7 7.6
2.7 7.7
2.7 7.8
2.7 7.9
2.7 8
2.7 8.1
2.7 8.2
2.7 8.3
2.8 7.1
2.8 7.2
2.8 7.3
2.8 7.4
2.8 7.5
2.8 7.6
2.8 7.7
2.8 7.8
2.8 7.9
2.8 8
2.8 8.1
2.8 8.2
2.8 8.3
2.9 7.1
2.9 7.2
2.9 7.3
2.9 7.4
2.9 7.5
2.9 7.6
2.9 7.7
2.9 7.8
2.9 7.9
2.9 8
2.9 8.1
2.9 8.2
2.9 8.3
3 7.1
3 7.2
3 7.3
3 7.4
3 7.5
3 7.6
3 7.7
3 7.8
3 7.9
3 8
3 8.1
3 8.2
3 8.3
3.1 7.1
3.1 7.2
3.1 7.3
3.1 7.4
3.1 7.5
3.1 7.6
3.1 7.7
3.1 7.8
3.1 7.9
3.1 8
3.1 8.1
3.1 8.2
3.1 8.3
3.2 7.1
3.2 7.2
3.2 7.3
3.2 7.4
3.2 7.5
3.2 7.6
3.2 7.7
3.2 7.8
3.2 7.9
3.2 8
3.2 8.1
3.2 8.2
3.2 8.3
3.3 7.1
3.3 7.2
3.3 7.3
3.3 7.4
3.3 7.5
3.3 7.6
3.3 7.7
3.3 7.8
3.3 7.9
3.3 8
3.3 8.1
3.3 8.2
3.3 8.3
3.4 7.1
3.4 7.2
3.4 7.3
3.4 7.4
3.4 7.5
3.4 7.6
3.4 7.7
3.4 7.8
3.4 7.9
3.4 8
3.4 8.1
3.4 8.2
3.4 8.3
3.5 7.1
3.5 7.2
3.5 7.3
3.5 7.4
3.5 7.5
3.5 7.6
3.5 7.7
3.5 7.8
3.5 7.9
3.5 8
3.5 8.1
3.5 8.2
3.5 8.3
3.6 7.1
3.6 7.2
3.6 7.3
3.6 7.4
3.6 7.5
3.6 7.6
3.6 7.7
3.6 7.8
3.6 7.9
3.6 8
3.6 8.1
3.6 8.2
3.6 8.3
3.7 7.1
3.7 7.2
3.7 7.3
3.7 7.4
3.7 7.5
3.7 7.6
3.7 7.7
3.7 7.8
3.7 7.9
3.7 8
3.7 8.1
3.7 8.2
3.7 8.3
3.8 7.1
3.8 7.2
3.8 7.3
3.8 7.4
3.8 7.5
3.8 7.6
3.8 7.7
3.8 7.8
3.8 7.9
3.8 8
3.8 8.1
3.8 8.2
3.8 8.3
3.9 7.1
3.9 7.2
3.9 7.3
3.9 7.4
3.9 7.5
3.9 7.6
3.9 7.7
3.9 7.8
3.9 7.9
3.9 8
3.9 8.1
3.9 8.2
3.9 8.3
4 7.1
4 7.2
4 7.3
4 7.4
4 7.5
4 7.6
4 7.7
4 7.8
4 7.9
4 8
4 8.1
4 8.2
4 8.3
4.1 7.1
4.1 7.2
4.1 7.3
4.1 7.4
4.1 7.5
4.1 7.6
4.1 7.7
4.1 7.8
4.1 7.9
4.1 8
4.1 8.1
4.1 8.2
4.1 8.3
4.2 7.1
4.2 7.2
4.2 7.3
4.2 7.4
4.2 7.5
4.2 7.6
4.2 7.7
4.2 7.8
4.2 7.9
4.2 8
4.2 8.1
4.2 8.2
4.2 8.3
4.3 7.1
4.3 7.2
4.3 7.3
4.3 7.4
4.3 7.5
4.3 7.6
4.3 7.7
4.3 7.8
4.3 7.9
4.3 8
4.3 8.1
4.3 8.2
4.3 8.3
4.4 7.1
4.4 7.2
4.4 7.3
4.4 7.4
4.4 7.5
4.4 7.6
4.4 7.7
4.4 7.8
4.4 7.9
4.4 8
4.4 8.1
4.4 8.2
4.4 8.3
4.5 7.1
4.5 7.2
4.5 7.3
4.5 7.4
4.5 7.5
4.5 7.6
4.5 7.7
4.5 7.8
4.5 7.9
4.5 8
4.5 8.1
4.5 8.2
4.5 8.3
room: 3.47134 2.09825 1.5708 2 171
0.5 0.1
0.6 0.1
0.7 0.1
0.8 0.1
0.9 0.1
1.1 0.1
1.1 0.2
1.1 0.3
1.1 0.4
1.1 0.5
1.1 0.6
1.1 1.7
1.1 1.8
1.1 1.9
1.1 2
1.1 2.1
1.1 2.2
1.1 2.3
1.1 2.4
0.9 2.5
0.9 2.6
0.9 2.7
0.9 2.8
0.9 2.9
0.9 3
0.9 3.1
0.9 3.2
0.9 3.3
0.9 3.4
0.9 3.5
0.9 3.6
0.9 3.7
0.9 3.8
0.9 3.9
0.9 4
0.9 4.1
0.9 4.2
0.9 4.3
0.9 4.4
0.9 4.5
0.9 4.6
0.9 4.7
0.9 4.8
1.2 0.1
1.3 0.1
2 4.8
2.4 0
2.4 0.1
2.4 4.8
2.5 0.1
2.5 4.8
2.6 0.1
2.6 4.8
2.7 0.1
2.8 0.1
2.9 0.1
3 0.1
3.1 0.1
3.2 0.1
3.3 0.1
3.4 0.1
3.5 0.1
3.6 0.1
3.6 4.8
3.7 0
3.7 0.1
3.7 4.7
3.7 4.8
3.8 0
3.8 0.1
3.8 4.7
3.8 4.8
3.9 -0.1
3.9 0
3.9 0.1
3.9 4.7
3.9 4.8
4 -0.1
4 0.1
4 4.7
4 4.8
4.1 -0.1
4.1 0.1
4.1 4.7
4.1 4.8
4.2 -0.1
4.2 0.1
4.2 4.7
4.2 4.8
4.3 -0.1
4.3 0.1
4.3 4.7
4.3 4.8
4.4 -0.1
4.4 0.1
4.4 4.7
4.4 4.8
4.5 -0.1
4.5 0.1
4.5 4.7
4.6 -0.1
4.6 0.1
4.6 4.7
4.7 -0.1
4.7 0.1
4.7 4.7
4.8 -0.1
4.8 0
4.8 0.1
4.8 4.7
4.9 0
4.9 0.1
4.9 0.2
4.9 0.3
4.9 0.4
4.9 0.5
4.9 0.6
4.9 0.7
4.9 0.8
4.9 0.9
4.9 1
4.9 1.1
4.9 1.2
4.9 1.3
4.9 1.4
4.9 1.5
4.9 1.6
4.9 1.7
4.9 1.8
4.9 1.9
4.9 2
4.9 2.1
4.9 2.2
4.9 2.3
4.9 2.4
4.9 2.5
4.9 2.6
4.9 2.7
4.9 2.8
4.9 4.7
5 0.1
5 0.2
5 0.3
5 0.4
5 0.5
5 0.6
5 0.7
5 0.8
5 2.5
5 2.6
5 2.7
5 2.8
5 2.9
5 3
5 3.1
5 3.2
5 3.3
5 3.4
5 3.5
5 3.6
5 3.7
5 3.8
5 3.9
5 4
5 4.1
5 4.2
5 4.3
5 4.4
5 4.5
5 4.6
5 4.7
bed: 3.5 7.7 0 2 273
2.5 7.1
2.5 7.2
2.5 7.3
2.5 7.4
2.5 7.5
2.5 7.6
2.5 7.7
2.5 7.8
2.5 7.9
2.5 8
2.5 8.1
2.5 8.2
2.5 8.3
2.6 7.1
2.6 7.2
2.6 7.3
2.6 7.4
2.6 7.5
2.6 7.6
2.6 7.7
2.6 7.8
2.6 7.9
2.6 8
2.6 8.1
2.6 8.2
2.6 8.3
2.7 7.1
2.7 7.2
2.7 7.3
2.7 7.4
2.7 7.5
2.7 7.6
2.7 7.7
2.7 7.8
2.7 7.9
2.7 8
2.7 8.1
2.7 8.2
2.7 8.3
2.8 7.1
2.8 7.2
2.8 7.3
2.8 7.4
2.8 7.5
2.8 7.6
2.8 7.7
2.8 7.8
2.8 7.9
2.8 8
2.8 8.1
2.8 8.2
2.8 8.3
2.9 7.1
2.9 7.2
2.9 7.3
2.9 7.4
2.9 7.5
2.9 7.6
2.9 7.7
2.9 7.8
2.9 7.9
2.9 8
2.9 8.1
2.9 8.2
2.9 8.3
3 7.1
3 7.2
3 7.3
3 7.4
3 7.5
3 7.6
3 7.7
3 7.8
3 7.9
3 8
3 8.1
3 8.2
3 8.3
3.1 7.1
3.1 7.2
3.1 7.3
3.1 7.4
3.1 7.5
3.1 7.6
3.1 7.7
3.1 7.8
3.1 7.9
3.1 8
3.1 8.1
3.1 8.2
3.1 8.3
3.2 7.1
3.2 7.2
3.2 7.3
3.2 7.4
3.2 7.5
3.2 7.6
3.2 7.7
3.2 7.8
3.2 7.9
3.2 8
3.2 8.1
3.2 8.2
3.2 8.3
3.3 7.1
3.3 7.2
3.3 7.3
3.3 7.4
3.3 7.5
3.3 7.6
3.3 7.7
3.3 7.8
3.3 7.9
3.3 8
3.3 8.1
3.3 8.2
3.3 8.3
3.4 7.1
3.4 7.2
3.4 7.3
3.4 7.4
3.4 7.5
3.4 7.6
3.4 7.7
3.4 7.8
3.4 7.9
3.4 8
3.4 8.1
3.4 8.2
3.4 8.3
3.5 7.1
3.5 7.2
3.5 7.3
3.5 7.4
3.5 7.5
3.5 7.6
3.5 7.7
3.5 7.8
3.5 7.9
3.5 8
3.5 8.1
3.5 8.2
3.5 8.3
3.6 7.1
3.6 7.2
3.6 7.3
3.6 7.4
3.6 7.5
3.6 7.6
3.6 7.7
3.6 7.8
3.6 7.9
3.6 8
3.6 8.1
3.6 8.2
3.6 8.3
3.7 7.1
3.7 7.2
3.7 7.3
3.7 7.4
3.7 7.5
3.7 7.6
3.7 7.7
3.7 7.8
3.7 7.9
3.7 8
3.7 8.1
3.7 8.2
3.7 8.3
3.8 7.1
3.8 7.2
3.8 7.3
3.8 7.4
3.8 7.5
3.8 7.6
3.8 7.7
3.8 7.8
3.8 7.9
3.8 8
3.8 8.1
3.8 8.2
3.8 8.3
3.9 7.1
3.9 7.2
3.9 7.3
3.9 7.4
3.9 7.5
3.9 7.6
3.9 7.7
3.9 7.8
3.9 7.9
3.9 8
3.9 8.1
3.9 8.2
3.9 8.3
4 7.1
4 7.2
4 7.3
4 7.4
4 7.5
4 7.6
4 7.7
4 7.8
4 7.9
4 8
4 8.1
4 8.2
4 8.3
4.1 7.1
4.1 7.2
4.1 7.3
4.1 7.4
4.1 7.5
4.1 7.6
4.1 7.7
4.1 7.8
4.1 7.9
4.1 8
4.1 8.1
4.1 8.2
4.1 8.3
4.2 7.1
4.2 7.2
4.2 7.3
4.2 7.4
4.2 7.5
4.2 7.6
4.2 7.7
4.2 7.8
4.2 7.9
4.2 8
4.2 8.1
4.2 8.2
4.2 8.3
4.3 7.1
4.3 7.2
4.3 7.3
4.3 7.4
4.3 7.5
4.3 7.6
4.3 7.7
4.3 7.8
4.3 7.9
4.3 8
4.3 8.1
4.3 8.2
4.3 8.3
4.4 7.1
4.4 7.2
4.4 7.3
4.4 7.4
4.4 7.5
4.4 7.6
4.4 7.7
4.4 7.8
4.4 7.9
4.4 8
4.4 8.1
4.4 8.2
4.4 8.3
4.5 7.1
4.5 7.2
4.5 7.3
4.5 7.4
4.5 7.5
4.5 7.6
4.5 7.7
4.5 7.8
4.5 7.9
4.5 8
4.5 8.1
4.5 8.2
4.5 8.3
table: 3.38621 2.4449 -1 1 60
3.52048 2.5521
3.49363 2.59428
3.54733 2.50992
3.57418 2.46774
3.45145 2.56743
3.4783 2.52525
3.50515 2.48308
3.532 2.4409
3.42461 2.60961
3.55885 2.39872
3.39776 2.65179
3.38243 2.58277
3.40927 2.54059
3.43612 2.49841
3.46297 2.45623
3.48982 2.41405
3.51667 2.37187
3.35558 2.62495
3.54352 2.32969
3.32873 2.66713
3.37861 2.40253
3.28655 2.64028
3.3134 2.5981
3.34025 2.55592
3.36709 2.51374
3.39394 2.47156
3.42079 2.42938
3.44764 2.3872
3.47449 2.34502
3.50134 2.30284
3.40546 2.36035
3.35176 2.44471
3.33643 2.37568
3.30958 2.41786
3.52819 2.26066
3.24437 2.61343
3.27122 2.57125
3.29807 2.52907
3.32491 2.48689
3.43231 2.31817
3.45916 2.27599
3.48601 2.23381
3.2674 2.39101
3.29425 2.34883
3.20219 2.58658
3.22904 2.5444
3.25589 2.50222
3.28274 2.46004
3.36328 2.3335
3.39013 2.29132
3.41698 2.24914
3.44383 2.20696
3.24056 2.43319
3.16001 2.55973
3.18686 2.51755
3.21371 2.47537
3.3211 2.30665
3.34795 2.26447
3.3748 2.22229
3.40165 2.18011
couch: 4.30523 2.50689 3.10905 1 586
4.66008 2.53226
4.67549 2.4847
4.69224 2.59524
4.64467 2.57983
4.61252 2.51685
4.62793 2.46929
4.64334 2.42172
4.6909 2.43713
4.67682 2.64281
4.62926 2.6274
4.59711 2.56442
4.58036 2.45388
4.65875 2.37416
4.58169 2.61198
4.59577 2.40631
4.66141 2.69037
4.61119 2.35874
4.61385 2.67496
4.67416 2.32659
4.6266 2.31118
4.646 2.73794
4.59844 2.72253
4.68957 2.27902
4.64201 2.26361
4.57903 2.29577
4.58302 2.77009
4.59444 2.2482
4.65742 2.21605
4.63059 2.7855
4.60985 2.20064
4.61518 2.83307
4.67283 2.16848
4.59977 2.88064
4.62527 2.15307
4.58436 2.9282
4.64068 2.1055
4.68824 2.12092
4.5777 2.13766
4.66674 3.32281
4.63192 2.94361
4.65133 3.37037
4.61917 3.30739
4.59311 2.09009
4.60376 3.35496
4.61651 2.99118
4.68215 3.27524
4.65609 2.05794
4.58835 3.40253
4.63458 3.25983
4.6011 3.03874
4.60852 2.04253
4.64866 3.05415
4.65 3.21226
4.69756 3.22767
4.68082 3.11713
4.63325 3.10172
4.58702 3.24442
4.66541 3.1647
4.61784 3.14929
4.58569 3.08631
4.60243 3.19685
4.57294 3.45009
4.54078 3.38711
4.6715 2.01037
4.52537 3.43468
4.5562 3.33955
4.47781 3.41927
4.49322 3.3717
4.62393 1.99496
4.57161 3.29198
4.50863 3.32414
4.43024 3.40386
4.44565 3.35629
4.68691 1.96281
4.63935 1.9474
4.46107 3.30873
4.69966 1.59903
4.65209 1.58361
4.38268 3.38845
4.68425 1.64659
4.63668 1.63118
4.41483 3.45142
4.39809 3.34088
4.57637 1.97955
4.59178 1.93199
4.65476 1.89983
4.66884 1.69416
4.36727 3.43601
4.62127 1.67875
4.58912 1.61577
4.60453 1.5682
4.33511 3.37303
4.52404 3.27657
4.60719 1.88442
4.67017 1.85227
4.3197 3.4206
4.4135 3.29331
4.65343 1.74172
4.6226 1.83685
4.68558 1.8047
4.70099 1.75713
4.60586 1.72631
4.35052 3.32547
4.63801 1.78929
4.27213 3.40519
4.28755 3.35762
4.59045 1.77388
4.30296 3.31006
4.25672 3.45275
4.22457 3.38978
4.57504 1.82144
4.20916 3.43734
4.23998 3.34221
4.36593 3.2779
4.25539 3.29465
4.19241 3.3268
4.20783 3.27923
4.55696 1.55279
4.19375 3.48491
4.54155 1.60036
4.49399 1.58495
4.177 3.37437
4.16159 3.42193
4.14618 3.4695
4.12944 3.35895
4.11403 3.40652
4.09861 3.45409
4.53945 3.22901
4.55486 3.18144
4.57028 3.13387
4.44642 1.56953
4.05105 3.43867
4.06646 3.39111
4.03564 3.48624
4.47648 3.26116
4.49189 3.21359
4.5073 3.16603
4.52271 3.11846
4.53812 3.0709
4.55353 3.02333
4.56894 2.97577
3.98807 3.47083
4.00348 3.42326
4.01889 3.3757
4.42891 3.24575
4.44432 3.19818
4.45973 3.15062
4.47515 3.10305
4.49056 3.05549
4.50597 3.00792
4.52138 2.96035
4.53679 2.91279
4.5522 2.86522
4.56761 2.81766
3.94051 3.45542
3.95592 3.40785
3.97133 3.36029
4.38134 3.23034
4.39676 3.18277
4.41217 3.13521
4.42758 3.08764
4.44299 3.04007
4.4584 2.99251
4.47381 2.94494
4.48922 2.89738
4.50464 2.84981
4.52005 2.80225
4.53546 2.75468
4.55087 2.70712
4.56628 2.65955
4.31837 3.26249
4.33378 3.21493
4.34919 3.16736
4.3646 3.11979
4.38001 3.07223
4.39543 3.02466
4.41084 2.9771
4.42625 2.92953
4.44166 2.88197
4.45707 2.8344
4.47248 2.78684
4.48789 2.73927
4.5033 2.6917
4.51872 2.64414
4.53413 2.59657
4.54954 2.54901
4.56495 2.50144
4.2708 3.24708
4.28621 3.19951
4.30163 3.15195
4.31704 3.10438
4.33245 3.05682
4.34786 3.00925
4.36327 2.96169
4.37868 2.91412
4.39409 2.86655
4.40951 2.81899
4.42492 2.77142
4.44033 2.72386
4.45574 2.67629
4.47115 2.62873
4.48656 2.58116
4.50197 2.5336
4.51739 2.48603
4.5328 2.43846
4.54821 2.3909
4.56362 2.34333
4.39885 1.55412
4.22324 3.23167
4.23865 3.1841
4.25406 3.13654
4.26947 3.08897
4.28488 3.04141
4.30029 2.99384
4.31571 2.94627
4.33112 2.89871
4.34653 2.85114
4.36194 2.80358
4.37735 2.75601
4.39276 2.70845
4.40817 2.66088
4.42359 2.61332
4.439 2.56575
4.45441 2.51818
4.46982 2.47062
4.48523 2.42305
4.50064 2.37549
4.51605 2.32792
4.53147 2.28036
4.54688 2.23279
4.56229 2.18523
4.14485 3.31139
4.16026 3.26382
4.17567 3.21626
4.19108 3.16869
4.20649 3.12113
4.22191 3.07356
4.23732 3.02599
4.25273 2.97843
4.26814 2.93086
4.28355 2.8833
4.29896 2.83573
4.31437 2.78817
4.32979 2.7406
4.3452 2.69304
4.36061 2.64547
4.37602 2.5979
4.39143 2.55034
4.40684 2.50277
4.42225 2.45521
4.43766 2.40764
4.45308 2.36008
4.46849 2.31251
4.4839 2.26494
4.49931 2.21738
4.51472 2.16981
4.53013 2.12225
4.54555 2.07468
4.56096 2.02712
4.08187 3.34354
4.09728 3.29598
4.11269 3.24841
4.12811 3.20085
4.14352 3.15328
4.15893 3.10571
4.17434 3.05815
4.18975 3.01058
4.20516 2.96302
4.22057 2.91545
4.23599 2.86789
4.2514 2.82032
4.26681 2.77276
4.28222 2.72519
4.29763 2.67762
4.31304 2.63006
4.32845 2.58249
4.34387 2.53493
4.35928 2.48736
4.37469 2.4398
4.3901 2.39223
4.40551 2.34466
4.42092 2.2971
4.43633 2.24953
4.45175 2.20197
4.46716 2.1544
4.48257 2.10684
4.49798 2.05927
4.51339 2.01171
4.5288 1.96414
4.54421 1.91657
4.55963 1.86901
4.38344 1.60169
4.03431 3.32813
4.04972 3.28057
4.06513 3.233
4.08054 3.18543
4.09595 3.13787
4.11136 3.0903
4.12677 3.04274
4.14219 2.99517
4.1576 2.94761
4.17301 2.90004
4.18842 2.85247
4.20383 2.80491
4.21924 2.75734
4.23465 2.70978
4.25007 2.66221
4.26548 2.61465
4.28089 2.56708
4.2963 2.51952
4.31171 2.47195
4.32712 2.42438
4.34253 2.37682
4.35795 2.32925
4.37336 2.28169
4.38877 2.23412
4.40418 2.18656
4.41959 2.13899
4.435 2.09142
4.45041 2.04386
4.46583 1.99629
4.48124 1.94873
4.49665 1.90116
4.51206 1.8536
4.52747 1.80603
4.54288 1.75847
4.55829 1.7109
4.57371 1.66333
3.98674 3.31272
4.00215 3.26515
4.01756 3.21759
4.03297 3.17002
4.04839 3.12246
4.0638 3.07489
4.07921 3.02733
4.09462 2.97976
4.11003 2.93219
4.12544 2.88463
4.14085 2.83706
4.15627 2.7895
4.17168 2.74193
4.18709 2.69437
4.2025 2.6468
4.21791 2.59924
4.23332 2.55167
4.24873 2.5041
4.26415 2.45654
4.27956 2.40897
4.29497 2.36141
4.31038 2.31384
4.32579 2.26628
4.3412 2.21871
4.35661 2.17114
4.37203 2.12358
4.38744 2.07601
4.40285 2.02845
4.41826 1.98088
4.43367 1.93332
4.44908 1.88575
4.46449 1.83819
4.47991 1.79062
4.49532 1.74305
4.51073 1.69549
4.52614 1.64792
4.33588 1.58628
3.93917 3.29731
3.95459 3.24974
3.97 3.20218
3.98541 3.15461
4.00082 3.10705
4.01623 3.05948
4.03164 3.01191
4.04705 2.96435
4.06247 2.91678
4.07788 2.86922
4.09329 2.82165
4.1087 2.77409
4.12411 2.72652
4.13952 2.67896
4.15493 2.63139
4.17035 2.58382
4.18576 2.53626
4.20117 2.48869
4.21658 2.44113
4.23199 2.39356
4.2474 2.346
4.26281 2.29843
4.27823 2.25086
4.29364 2.2033
4.30905 2.15573
4.32446 2.10817
4.33987 2.0606
4.35528 2.01304
4.37069 1.96547
4.38611 1.91791
4.40152 1.87034
4.41693 1.82277
4.43234 1.77521
4.44775 1.72764
4.46316 1.68008
4.47857 1.63251
3.93784 3.1392
3.95325 3.09163
3.96867 3.04407
3.98408 2.9965
3.99949 2.94894
4.0149 2.90137
4.03031 2.85381
4.04572 2.80624
4.06113 2.75868
4.07655 2.71111
4.09196 2.66354
4.10737 2.61598
4.12278 2.56841
4.13819 2.52085
4.1536 2.47328
4.16901 2.42572
4.18443 2.37815
4.19984 2.33058
4.21525 2.28302
4.23066 2.23545
4.24607 2.18789
4.26148 2.14032
4.27689 2.09276
4.29231 2.04519
4.30772 1.99763
4.32313 1.95006
4.33854 1.90249
4.35395 1.85493
4.36936 1.80736
4.38477 1.7598
4.40019 1.71223
4.4156 1.66467
4.43101 1.6171
3.93651 2.98109
3.95192 2.93353
3.96733 2.88596
3.98275 2.8384
3.99816 2.79083
4.01357 2.74326
4.02898 2.6957
4.04439 2.64813
4.0598 2.60057
4.07521 2.553
4.09063 2.50544
4.10604 2.45787
4.12145 2.4103
4.13686 2.36274
4.15227 2.31517
4.16768 2.26761
4.18309 2.22004
4.19851 2.17248
4.21392 2.12491
4.22933 2.07735
4.24474 2.02978
4.26015 1.98221
4.27556 1.93465
4.29097 1.88708
4.30639 1.83952
4.3218 1.79195
4.33721 1.74439
4.35262 1.69682
4.36803 1.64925
3.93518 2.82298
3.95059 2.77542
3.966 2.72785
3.98141 2.68029
3.99683 2.63272
4.01224 2.58516
4.02765 2.53759
4.04306 2.49002
4.05847 2.44246
4.07388 2.39489
4.08929 2.34733
4.10471 2.29976
4.12012 2.2522
4.13553 2.20463
4.15094 2.15706
4.16635 2.1095
4.18176 2.06193
4.19717 2.01437
4.21259 1.9668
4.228 1.91924
4.24341 1.87167
4.25882 1.82411
4.27423 1.77654
4.28964 1.72897
4.30505 1.68141
4.32047 1.63384
4.28831 1.57087
3.92376 3.34487
3.93385 2.66488
3.94926 2.61731
3.96467 2.56974
3.98008 2.52218
3.99549 2.47461
4.01091 2.42705
4.02632 2.37948
4.04173 2.33192
4.05714 2.28435
4.07255 2.23678
4.08796 2.18922
4.10337 2.14165
4.11879 2.09409
4.1342 2.04652
4.14961 1.99896
4.16502 1.95139
4.18043 1.90383
4.19584 1.85626
4.21125 1.80869
4.22667 1.76113
4.24208 1.71356
4.25749 1.666
4.2729 1.61843
3.92243 3.18677
3.93252 2.50677
3.94793 2.4592
3.96334 2.41164
3.97875 2.36407
3.99416 2.3165
4.00957 2.26894
4.02499 2.22137
4.0404 2.17381
4.05581 2.12624
4.07122 2.07868
4.08663 2.03111
4.10204 1.98355
4.11745 1.93598
4.13287 1.88841
4.14828 1.84085
4.16369 1.79328
4.1791 1.74572
4.19451 1.69815
4.20992 1.65059
4.22533 1.60302
4.24075 1.55545
3.93119 2.34866
3.9466 2.30109
3.96201 2.25353
3.97742 2.20596
3.99283 2.1584
4.00824 2.11083
4.02365 2.06327
4.03907 2.0157
4.05448 1.96813
4.06989 1.92057
4.0853 1.873
4.10071 1.82544
4.11612 1.77787
4.13153 1.73031
4.14695 1.68274
4.16236 1.63517
4.17777 1.58761
3.92985 2.19055
3.94527 2.14298
3.96068 2.09542
3.97609 2.04785
3.9915 2.00029
4.00691 1.95272
4.02232 1.90516
4.03773 1.85759
4.05315 1.81003
4.06856 1.76246
4.08397 1.71489
4.09938 1.66733
4.11479 1.61976
4.1302 1.5722
3.92852 2.03244
3.94393 1.98488
3.95935 1.93731
3.97476 1.88975
3.99017 1.84218
4.00558 1.79461
4.02099 1.74705
4.0364 1.69948
4.05182 1.65192
4.06723 1.60435
3.92719 1.87433
3.9426 1.82677
3.95801 1.7792
3.97343 1.73164
3.98884 1.68407
4.00425 1.63651
3.92586 1.71623
3.94127 1.66866
3.95668 1.62109
chair: 4.14101 4.15422 2.73369 0.862438 108
4.13404 4.4123
4.1717 4.37941
4.20459 4.41708
4.10115 4.37464
4.24225 4.38419
4.06349 4.40752
4.27991 4.3513
4.3128 4.38896
4.02582 4.44041
4.0306 4.36986
3.99294 4.40275
3.96005 4.36509
3.95528 4.43563
4.35046 4.35608
3.92239 4.39797
4.38812 4.32319
4.31757 4.31842
4.35524 4.28553
4.32235 4.24787
4.36001 4.21498
4.32712 4.17732
4.36479 4.14443
4.3319 4.10677
4.36956 4.07388
4.29901 4.06911
3.92716 4.32742
3.96483 4.29454
4.33668 4.03622
4.38335 4.39374
3.93194 4.25687
3.9696 4.22399
4.00726 4.1911
3.93672 4.18633
3.97438 4.15344
4.37434 4.00333
3.90383 4.14866
3.94149 4.11578
3.97915 4.08289
3.9086 4.07811
3.94627 4.04523
3.98393 4.01234
4.20936 4.34653
4.24702 4.31364
4.28469 4.28075
4.13881 4.34175
4.17647 4.30886
4.28946 4.2102
4.21414 4.27598
4.2518 4.24309
4.06826 4.33697
4.29424 4.13965
4.10593 4.30409
3.91338 4.00756
4.25657 4.17254
3.99771 4.3322
4.14359 4.2712
3.95104 3.97468
4.18125 4.23831
4.21891 4.20543
4.03538 4.29931
4.07304 4.26643
4.26135 4.10199
4.1107 4.23354
4.14836 4.20065
4.22369 4.13488
4.30379 3.99856
4.34145 3.96567
4.00249 4.26165
4.18603 4.16777
4.26613 4.03144
4.04015 4.22876
4.22846 4.06433
4.07781 4.19588
4.1908 4.09722
4.11548 4.16299
4.15314 4.1301
4.23324 3.99378
4.2709 3.96089
4.30856 3.92801
4.04493 4.15821
4.19558 4.02667
4.08259 4.12533
4.15791 4.05955
4.01204 4.12055
4.0497 4.08766
4.12025 4.09244
4.16269 3.989
4.20035 3.95612
4.23802 3.92323
4.27568 3.89034
4.08737 4.05478
4.12503 4.02189
4.01682 4.05
4.05448 4.01712
4.09214 3.98423
4.1298 3.95134
4.16747 3.91846
4.20513 3.88557
4.02159 3.97945
4.05925 3.94657
4.09692 3.91368
4.13458 3.88079
3.98871 3.94179
4.02637 3.9089
4.06403 3.87602
4.37911 3.93278
3.91816 3.93701
3.95582 3.90413
