OR: 2.88212 2.41402 0.758043 1.94839e-38 16
2.73212 2.26402
2.73212 2.36402
2.73212 2.46402
2.73212 2.56402
2.83212 2.26402
2.83212 2.36402
2.83212 2.46402
2.83212 2.56402
2.93212 2.26402
2.93212 2.36402
2.93212 2.46402
2.93212 2.56402
3.03212 2.26402
3.03212 2.36402
3.03212 2.46402
3.03212 2.56402
CR: 0.300156 1.30471 3.32453 0.5 16
0.150156 1.15471
0.150156 1.25471
0.150156 1.35471
0.150156 1.45471
0.250156 1.15471
0.250156 1.25471
0.250156 1.35471
0.250156 1.45471
0.350156 1.15471
0.350156 1.25471
0.350156 1.35471
0.350156 1.45471
0.450156 1.15471
0.450156 1.25471
0.450156 1.35471
0.450156 1.45471
meetingroom: 1.01926 6.75926 1.5708 1 135
0 5.1
0 5.2
0 5.3
0 5.4
0 5.5
0 5.6
0 5.7
0 5.8
0 5.9
0 6
0 6.1
0 6.2
0 6.3
0 6.4
0 6.5
0 6.6
0 6.7
0 7.1
0 7.2
0 7.3
0 7.4
0 7.5
0 7.6
0 7.7
0 7.8
0 7.9
0 8
0 8.1
0 8.2
0 8.3
0.1 5.1
0.1 6.3
0.1 6.4
0.1 6.5
0.1 6.6
0.1 6.7
0.1 6.8
0.1 6.9
0.1 7
0.1 7.1
0.1 7.2
0.1 7.3
0.1 7.4
0.1 7.5
0.1 7.6
0.1 7.7
0.1 7.8
0.1 7.9
0.1 8
0.1 8.1
0.1 8.2
0.1 8.3
0.1 8.4
0.2 5.1
0.2 8.3
0.3 5.1
0.3 8.3
0.4 5.1
0.4 8.3
0.5 5.1
0.5 8.3
0.6 5.1
0.6 8.3
0.7 5.1
0.7 8.3
0.8 5.1
0.8 8.3
0.9 5.1
0.9 8.3
1 5.1
1 8.3
1.1 5.1
1.1 8.3
1.2 5.1
1.2 8.3
1.3 8.3
1.4 8.3
1.5 8.3
1.6 8.3
1.7 8.3
1.8 5
1.8 5.1
1.8 8.3
1.9 5.1
1.9 8.3
2 5.1
2 5.3
2 5.4
2 5.5
2 5.6
2 5.7
2 5.8
2 5.9
2 6
2 6.1
2 6.2
2 6.3
2 6.4
2 6.5
2 6.6
2 6.7
2 6.8
2 8.3
2.1 5.1
2.1 5.2
2.1 5.3
2.1 5.4
2.1 5.5
2.1 5.6
2.1 5.7
2.1 5.8
2.1 5.9
2.1 6
2.1 6.1
2.1 6.2
2.1 6.3
2.1 6.4
2.1 6.5
2.1 6.6
2.1 6.8
2.1 6.9
2.1 7
2.1 7.1
2.1 7.2
2.1 7.3
2.1 7.4
2.1 7.5
2.1 7.6
2.1 7.7
2.1 7.8
2.1 7.9
2.1 8
2.1 8.1
2.1 8.2
2.1 8.3
officeroom: -0.388983 1.19153 3.1416 1 118
-1.3 0.1
-1.3 0.2
-1.3 0.3
-1.3 0.4
-1.3 0.5
-1.3 0.6
-1.3 0.7
-1.3 0.8
-1.3 0.9
-1.3 1
-1.3 1.8
-1.3 1.9
-1.3 2
-1.3 2.1
-1.3 2.2
-1.3 2.3
-1.2 0
-1.2 0.1
-1.2 0.2
-1.2 0.3
-1.2 0.4
-1.2 0.5
-1.2 0.6
-1.2 0.7
-1.2 0.8
-1.2 0.9
-1.2 1
-1.2 1.1
-1.2 1.2
-1.2 1.3
-1.2 1.4
-1.2 1.5
-1.2 1.6
-1.2 1.7
-1.2 1.8
-1.2 1.9
-1.2 2
-1.2 2.1
-1.2 2.2
-1.2 2.3
-1.2 2.4
-1.1 0
-1.1 0.1
-1.1 2.3
-1.1 2.4
-1 0
-1 0.1
-1 2.3
-1 2.4
-0.9 0
-0.9 0.1
-0.9 2.3
-0.9 2.4
-0.8 0
-0.8 0.1
-0.8 2.3
-0.8 2.4
-0.7 0
-0.7 0.1
-0.7 2.3
-0.7 2.4
-0.6 0
-0.6 0.1
-0.6 2.3
-0.6 2.4
-0.5 0.1
-0.5 2.3
-0.5 2.4
-0.4 0.1
-0.4 2.3
-0.4 2.4
-0.3 0.1
-0.3 2.3
-0.3 2.4
-0.2 0.1
-0.2 2.3
-0.1 0.1
-0.1 2.3
0 0.1
0 2.3
0.1 0.1
0.1 2.3
0.2 0.1
0.2 2.3
0.3 0.1
0.3 2.3
0.4 0.1
0.4 2.3
0.5 0.1
0.5 2.3
0.6 0.1
0.6 2.3
0.7 0.1
0.7 2.3
0.8 0.1
0.8 2.3
0.9 0.1
0.9 2.3
1 0.1
1 0.2
1 0.3
1 0.4
1 0.5
1 0.6
1 1.5
1 1.6
1 1.7
1 1.8
1 1.9
1 2
1 2.1
1 2.2
1 2.3
1.1 0.1
1.1 0.2
1.1 0.3
1.1 0.4
1.1 0.6
livingroom: 3.72278 2.12342 1.5708 1 158
0.5 0.1
0.6 0.1
0.7 0.1
0.8 0.1
0.9 0.1
1.1 0.1
1.1 0.2
1.1 0.3
1.1 0.4
1.1 0.5
1.1 0.6
1.1 3.4
1.1 3.5
1.1 3.6
1.1 3.7
1.1 3.8
1.1 3.9
1.1 4
1.1 4.1
1.1 4.2
1.1 4.3
1.1 4.4
1.1 4.5
1.1 4.6
1.1 4.7
1.1 4.8
1.2 0.1
1.3 0.1
1.9 4.8
2 4.8
2.1 4.8
2.2 4.8
2.3 4.8
2.4 0
2.4 0.1
2.4 4.8
2.5 0.1
2.5 4.8
2.6 0.1
2.6 4.8
2.7 0.1
2.8 0.1
2.9 0.1
3 0.1
3.1 0.1
3.2 0.1
3.3 0.1
3.4 0.1
3.5 0.1
3.6 0.1
3.6 4.8
3.7 0
3.7 0.1
3.7 4.7
3.7 4.8
3.8 0
3.8 0.1
3.8 4.7
3.8 4.8
3.9 -0.1
3.9 0
3.9 0.1
3.9 4.7
3.9 4.8
4 -0.1
4 0.1
4 4.7
4 4.8
4.1 -0.1
4.1 0.1
4.1 4.7
4.1 4.8
4.2 -0.1
4.2 0.1
4.2 4.7
4.2 4.8
4.3 -0.1
4.3 0.1
4.3 4.7
4.3 4.8
4.4 -0.1
4.4 0.1
4.4 4.7
4.4 4.8
4.5 -0.1
4.5 0.1
4.5 4.7
4.6 -0.1
4.6 0.1
4.6 4.7
4.7 -0.1
4.7 0.1
4.7 4.7
4.8 -0.1
4.8 0
4.8 0.1
4.8 4.7
4.9 0
4.9 0.1
4.9 0.2
4.9 0.3
4.9 0.4
4.9 0.5
4.9 0.6
4.9 0.7
4.9 0.8
4.9 0.9
4.9 1
4.9 1.1
4.9 1.2
4.9 1.3
4.9 1.4
4.9 1.5
4.9 1.6
4.9 1.7
4.9 1.8
4.9 1.9
4.9 2
4.9 2.1
4.9 2.2
4.9 2.3
4.9 2.4
4.9 2.5
4.9 2.6
4.9 2.7
4.9 2.8
4.9 4.7
5 0.1
5 0.2
5 0.3
5 0.4
5 0.5
5 0.6
5 0.7
5 0.8
5 2.5
5 2.6
5 2.7
5 2.8
5 2.9
5 3
5 3.1
5 3.2
5 3.3
5 3.4
5 3.5
5 3.6
5 3.7
5 3.8
5 3.9
5 4
5 4.1
5 4.2
5 4.3
5 4.4
5 4.5
5 4.6
5 4.7
bedroom: 3.85302 6.91074 1.5708 1 149
2.2 8.3
2.3 6.9
2.3 7
2.3 7.1
2.3 7.2
2.3 7.3
2.3 7.4
2.3 7.5
2.3 7.6
2.3 7.7
2.3 8
2.3 8.1
2.3 8.2
2.3 8.3
2.4 5
2.4 5.1
2.4 5.2
2.4 5.3
2.4 5.4
2.4 5.5
2.4 5.6
2.4 5.7
2.4 5.8
2.4 5.9
2.4 6
2.4 6.1
2.4 6.2
2.4 6.3
2.4 6.4
2.4 6.5
2.4 6.6
2.4 6.7
2.4 6.8
2.4 6.9
2.4 7
2.4 7.1
2.4 7.2
2.4 7.3
2.4 7.7
2.4 7.8
2.4 7.9
2.4 8
2.4 8.1
2.4 8.2
2.4 8.3
2.5 5
2.5 8.3
2.6 8.3
2.7 8.3
2.8 8.3
2.9 8.3
3 8.3
3.1 8.3
3.2 8.3
3.3 8.3
3.4 8.3
3.5 5
3.5 5.1
3.5 8.3
3.6 5.1
3.6 8.3
3.7 5.1
3.7 8.3
3.8 5.1
3.8 8.3
3.9 5.1
3.9 8.3
4 5.1
4 8.3
4.1 5.1
4.1 8.3
4.2 5.1
4.2 8.3
4.3 5.1
4.3 8.2
4.3 8.3
4.4 5.1
4.4 8.2
4.4 8.3
4.5 5.1
4.5 8.2
4.5 8.3
4.6 5.1
4.6 8.2
4.6 8.3
4.7 5.1
4.7 8.2
4.7 8.3
4.8 5.1
4.8 8.2
4.8 8.3
4.9 5
4.9 5.1
4.9 5.2
4.9 5.3
4.9 5.4
4.9 5.5
4.9 5.6
4.9 5.7
4.9 5.8
4.9 5.9
4.9 6
4.9 6.1
4.9 6.2
4.9 6.3
4.9 6.4
4.9 6.5
4.9 6.6
4.9 6.7
4.9 6.8
4.9 6.9
4.9 7
4.9 8.2
4.9 8.3
5 5.1
5 5.2
5 5.3
5 5.4
5 5.5
5 5.6
5 5.7
5 5.8
5 5.9
5 6.7
5 6.8
5 6.9
5 7
5 7.1
5 7.2
5 7.3
5 7.4
5 7.5
5 7.6
5 7.7
5 7.8
5 7.9
5 8
5 8.1
5 8.2
5 8.3
5.1 7.4
5.1 7.5
5.1 7.6
5.1 7.7
5.1 7.8
5.1 7.9
5.1 8
5.1 8.1
5.1 8.2
bed: 3.5 7.7 0 1 273
2.5 7.1
2.5 7.2
2.5 7.3
2.5 7.4
2.5 7.5
2.5 7.6
2.5 7.7
2.5 7.8
2.5 7.9
2.5 8
2.5 8.1
2.5 8.2
2.5 8.3
2.6 7.1
2.6 7.2
2.6 7.3
2.6 7.4
2.6 7.5
2.6 7.6
2.6 7.7
2.6 7.8
2.6 7.9
2.6 8
2.6 8.1
2.6 8.2
2.6 8.3
2.7 7.1
2.7 7.2
2.7 7.3
2.7 7.4
2.7 7.5
2.7 7.6
2.7 7.7
2.7 7.8
2.7 7.9
2.7 8
2.7 8.1
2.7 8.2
2.7 8.3
2.8 7.1
2.8 7.2
2.8 7.3
2.8 7.4
2.8 7.5
2.8 7.6
2.8 7.7
2.8 7.8
2.8 7.9
2.8 8
2.8 8.1
2.8 8.2
2.8 8.3
2.9 7.1
2.9 7.2
2.9 7.3
2.9 7.4
2.9 7.5
2.9 7.6
2.9 7.7
2.9 7.8
2.9 7.9
2.9 8
2.9 8.1
2.9 8.2
2.9 8.3
3 7.1
3 7.2
3 7.3
3 7.4
3 7.5
3 7.6
3 7.7
3 7.8
3 7.9
3 8
3 8.1
3 8.2
3 8.3
3.1 7.1
3.1 7.2
3.1 7.3
3.1 7.4
3.1 7.5
3.1 7.6
3.1 7.7
3.1 7.8
3.1 7.9
3.1 8
3.1 8.1
3.1 8.2
3.1 8.3
3.2 7.1
3.2 7.2
3.2 7.3
3.2 7.4
3.2 7.5
3.2 7.6
3.2 7.7
3.2 7.8
3.2 7.9
3.2 8
3.2 8.1
3.2 8.2
3.2 8.3
3.3 7.1
3.3 7.2
3.3 7.3
3.3 7.4
3.3 7.5
3.3 7.6
3.3 7.7
3.3 7.8
3.3 7.9
3.3 8
3.3 8.1
3.3 8.2
3.3 8.3
3.4 7.1
3.4 7.2
3.4 7.3
3.4 7.4
3.4 7.5
3.4 7.6
3.4 7.7
3.4 7.8
3.4 7.9
3.4 8
3.4 8.1
3.4 8.2
3.4 8.3
3.5 7.1
3.5 7.2
3.5 7.3
3.5 7.4
3.5 7.5
3.5 7.6
3.5 7.7
3.5 7.8
3.5 7.9
3.5 8
3.5 8.1
3.5 8.2
3.5 8.3
3.6 7.1
3.6 7.2
3.6 7.3
3.6 7.4
3.6 7.5
3.6 7.6
3.6 7.7
3.6 7.8
3.6 7.9
3.6 8
3.6 8.1
3.6 8.2
3.6 8.3
3.7 7.1
3.7 7.2
3.7 7.3
3.7 7.4
3.7 7.5
3.7 7.6
3.7 7.7
3.7 7.8
3.7 7.9
3.7 8
3.7 8.1
3.7 8.2
3.7 8.3
3.8 7.1
3.8 7.2
3.8 7.3
3.8 7.4
3.8 7.5
3.8 7.6
3.8 7.7
3.8 7.8
3.8 7.9
3.8 8
3.8 8.1
3.8 8.2
3.8 8.3
3.9 7.1
3.9 7.2
3.9 7.3
3.9 7.4
3.9 7.5
3.9 7.6
3.9 7.7
3.9 7.8
3.9 7.9
3.9 8
3.9 8.1
3.9 8.2
3.9 8.3
4 7.1
4 7.2
4 7.3
4 7.4
4 7.5
4 7.6
4 7.7
4 7.8
4 7.9
4 8
4 8.1
4 8.2
4 8.3
4.1 7.1
4.1 7.2
4.1 7.3
4.1 7.4
4.1 7.5
4.1 7.6
4.1 7.7
4.1 7.8
4.1 7.9
4.1 8
4.1 8.1
4.1 8.2
4.1 8.3
4.2 7.1
4.2 7.2
4.2 7.3
4.2 7.4
4.2 7.5
4.2 7.6
4.2 7.7
4.2 7.8
4.2 7.9
4.2 8
4.2 8.1
4.2 8.2
4.2 8.3
4.3 7.1
4.3 7.2
4.3 7.3
4.3 7.4
4.3 7.5
4.3 7.6
4.3 7.7
4.3 7.8
4.3 7.9
4.3 8
4.3 8.1
4.3 8.2
4.3 8.3
4.4 7.1
4.4 7.2
4.4 7.3
4.4 7.4
4.4 7.5
4.4 7.6
4.4 7.7
4.4 7.8
4.4 7.9
4.4 8
4.4 8.1
4.4 8.2
4.4 8.3
4.5 7.1
4.5 7.2
4.5 7.3
4.5 7.4
4.5 7.5
4.5 7.6
4.5 7.7
4.5 7.8
4.5 7.9
4.5 8
4.5 8.1
4.5 8.2
4.5 8.3
room: -0.388983 1.19153 3.1416 1 118
-1.3 0.1
-1.3 0.2
-1.3 0.3
-1.3 0.4
-1.3 0.5
-1.3 0.6
-1.3 0.7
-1.3 0.8
-1.3 0.9
-1.3 1
-1.3 1.8
-1.3 1.9
-1.3 2
-1.3 2.1
-1.3 2.2
-1.3 2.3
-1.2 0
-1.2 0.1
-1.2 0.2
-1.2 0.3
-1.2 0.4
-1.2 0.5
-1.2 0.6
-1.2 0.7
-1.2 0.8
-1.2 0.9
-1.2 1
-1.2 1.1
-1.2 1.2
-1.2 1.3
-1.2 1.4
-1.2 1.5
-1.2 1.6
-1.2 1.7
-1.2 1.8
-1.2 1.9
-1.2 2
-1.2 2.1
-1.2 2.2
-1.2 2.3
-1.2 2.4
-1.1 0
-1.1 0.1
-1.1 2.3
-1.1 2.4
-1 0
-1 0.1
-1 2.3
-1 2.4
-0.9 0
-0.9 0.1
-0.9 2.3
-0.9 2.4
-0.8 0
-0.8 0.1
-0.8 2.3
-0.8 2.4
-0.7 0
-0.7 0.1
-0.7 2.3
-0.7 2.4
-0.6 0
-0.6 0.1
-0.6 2.3
-0.6 2.4
-0.5 0.1
-0.5 2.3
-0.5 2.4
-0.4 0.1
-0.4 2.3
-0.4 2.4
-0.3 0.1
-0.3 2.3
-0.3 2.4
-0.2 0.1
-0.2 2.3
-0.1 0.1
-0.1 2.3
0 0.1
0 2.3
0.1 0.1
0.1 2.3
0.2 0.1
0.2 2.3
0.3 0.1
0.3 2.3
0.4 0.1
0.4 2.3
0.5 0.1
0.5 2.3
0.6 0.1
0.6 2.3
0.7 0.1
0.7 2.3
0.8 0.1
0.8 2.3
0.9 0.1
0.9 2.3
1 0.1
1 0.2
1 0.3
1 0.4
1 0.5
1 0.6
1 1.5
1 1.6
1 1.7
1 1.8
1 1.9
1 2
1 2.1
1 2.2
1 2.3
1.1 0.1
1.1 0.2
1.1 0.3
1.1 0.4
1.1 0.6
table: 3.37615 2.91629 -1 1 70
3.53545 3.0327
3.50107 3.06901
3.4667 3.10531
3.56983 2.99639
3.43039 3.07094
3.46477 3.03463
3.49914 2.99832
3.53352 2.96201
3.39601 3.10724
3.5679 2.92571
3.60228 2.8894
3.36164 3.14355
3.35971 3.07287
3.39408 3.03656
3.42846 3.00025
3.46284 2.96394
3.49721 2.92764
3.53159 2.89133
3.32533 3.10917
3.56597 2.85502
3.28902 3.0748
3.3234 3.03849
3.35778 3.00218
3.39215 2.96587
3.42653 2.92957
3.46091 2.89326
3.49528 2.85695
3.52966 2.82065
3.39022 2.89519
3.4246 2.85888
3.25464 3.1111
3.56404 2.78434
3.35391 2.86081
3.38829 2.82451
3.25271 3.04042
3.28709 3.00411
3.32147 2.96781
3.35585 2.9315
3.45898 2.82258
3.49335 2.78627
3.21834 3.07673
3.31954 2.89712
3.52773 2.74996
3.28323 2.86274
3.31761 2.82644
3.18203 3.04235
3.21641 3.00604
3.25078 2.96974
3.28516 2.93343
3.42267 2.7882
3.45705 2.75189
3.49142 2.71558
3.24885 2.89905
3.14572 3.00797
3.1801 2.97167
3.21448 2.93536
3.35198 2.79013
3.38636 2.75382
3.42074 2.71751
3.45512 2.68121
3.10942 2.9736
3.14379 2.93729
3.17817 2.90098
3.21255 2.86467
3.24692 2.82837
3.2813 2.79206
3.31568 2.75575
3.35005 2.71944
3.38443 2.68314
3.41881 2.64683
chair: 4.30963 3.02386 4.1156 0.611474 230
4.67412 3.28455
4.7085 3.24824
4.63781 3.25017
4.67219 3.21387
4.63974 3.32086
4.66254 2.86045
4.69885 2.89482
4.62623 2.82607
4.70657 3.17756
4.67605 3.35524
4.63588 3.17949
4.62816 2.89675
4.60537 3.35717
4.66447 2.93113
4.60344 3.28648
4.67026 3.14318
4.56906 3.32279
4.70464 3.10688
4.70078 2.96551
4.70271 3.03619
4.73709 2.99988
4.53468 3.3591
4.63395 3.10881
4.66833 3.0725
4.6664 3.00181
4.63009 2.96744
4.53275 3.28841
4.49838 3.32472
4.56713 3.2521
4.63202 3.03812
4.60151 3.2158
4.464 3.36103
4.50031 3.3954
4.42769 3.32665
4.46207 3.29034
4.49645 3.25404
4.53082 3.21773
4.39331 3.36296
4.39138 3.29227
4.35701 3.32858
4.42576 3.25597
4.46014 3.21966
4.32263 3.36489
4.3207 3.2942
4.28632 3.33051
4.35508 3.2579
4.38945 3.22159
4.25195 3.36682
4.25002 3.29613
4.21564 3.33244
4.28439 3.25983
4.31877 3.22352
4.21371 3.26176
4.24809 3.22545
4.21757 3.40312
4.66061 2.78976
4.18126 3.36875
4.17933 3.29806
4.14495 3.33437
4.14688 3.40506
4.11058 3.37068
4.0762 3.40699
4.10865 3.29999
4.03989 3.37261
4.07427 3.3363
4.00552 3.40892
4.5652 3.18142
4.59958 3.14511
3.96921 3.37454
4.00359 3.33823
4.03796 3.30192
4.49452 3.18335
4.52889 3.14704
4.56327 3.11074
4.59765 3.07443
3.96728 3.30385
4.42383 3.18528
4.45821 3.14897
4.49259 3.11267
4.52696 3.07636
4.56134 3.04005
4.59572 3.00374
4.6243 2.75538
4.35315 3.18721
4.38752 3.1509
4.4219 3.1146
4.45628 3.07829
4.49065 3.04198
4.52503 3.00568
4.55941 2.96937
4.59379 2.93306
4.28246 3.18914
4.31684 3.15283
4.35122 3.11653
4.38559 3.08022
4.41997 3.04391
4.45435 3.00761
4.48872 2.9713
4.5231 2.93499
4.55748 2.89868
4.59186 2.86238
4.14302 3.26369
4.1774 3.22738
4.21178 3.19107
4.24616 3.15476
4.28053 3.11846
4.31491 3.08215
4.34929 3.04584
4.38366 3.00954
4.41804 2.97323
4.45242 2.93692
4.48679 2.90061
4.52117 2.86431
4.55555 2.828
4.58993 2.79169
4.07234 3.26562
4.10672 3.22931
4.14109 3.193
4.17547 3.15669
4.20985 3.12039
4.24423 3.08408
4.2786 3.04777
4.31298 3.01147
4.34736 2.97516
4.38173 2.93885
4.41611 2.90254
4.45049 2.86624
4.48486 2.82993
4.51924 2.79362
4.55362 2.75731
4.588 2.72101
4.00166 3.26755
4.03603 3.23124
4.07041 3.19493
4.10479 3.15863
4.13916 3.12232
4.17354 3.08601
4.20792 3.0497
4.24229 3.0134
4.27667 2.97709
4.31105 2.94078
4.34543 2.90447
4.3798 2.86817
4.41418 2.83186
4.44856 2.79555
4.48293 2.75924
4.51731 2.72294
3.96535 3.23317
3.99973 3.19686
4.0341 3.16056
4.06848 3.12425
4.10286 3.08794
4.13723 3.05163
4.17161 3.01533
4.20599 2.97902
4.24036 2.94271
4.27474 2.9064
4.30912 2.8701
4.3435 2.83379
4.37787 2.79748
4.41225 2.76118
4.44663 2.72487
3.96342 3.16249
3.9978 3.12618
4.03217 3.08987
4.06655 3.05356
4.10093 3.01726
4.1353 2.98095
4.16968 2.94464
4.20406 2.90833
4.23843 2.87203
4.27281 2.83572
4.30719 2.79941
4.34157 2.76311
4.37594 2.7268
4.41032 2.69049
4.481 2.68856
3.96149 3.0918
3.99586 3.05549
4.03024 3.01919
4.06462 2.98288
4.099 2.94657
4.13337 2.91026
4.16775 2.87396
4.20213 2.83765
4.2365 2.80134
4.27088 2.76504
4.30526 2.72873
4.33963 2.69242
3.95956 3.02112
3.99393 2.98481
4.02831 2.9485
4.06269 2.9122
4.09707 2.87589
4.13144 2.83958
4.16582 2.80327
4.2002 2.76697
4.23457 2.73066
4.26895 2.69435
4.30333 2.65804
3.95763 2.95043
3.992 2.91413
4.02638 2.87782
4.06076 2.84151
4.09514 2.8052
4.12951 2.7689
4.16389 2.73259
4.19827 2.69628
4.23264 2.65997
3.99007 2.84344
4.02445 2.80713
4.05883 2.77083
4.0932 2.73452
4.12758 2.69821
4.16196 2.6619
4.19634 2.6256
3.9557 2.87975
3.98814 2.77276
4.02252 2.73645
4.0569 2.70014
4.09127 2.66383
4.12565 2.62753
3.98621 2.70207
4.02059 2.66577
4.05497 2.62946
4.08934 2.59315
3.98428 2.63139
4.01866 2.59508
3.95377 2.80906
3.98235 2.5607
chair: 3.83816 3.86897 2.71541 0.74301 115
3.88345 4.11962
3.91976 4.154
3.81277 4.12155
3.84714 4.08524
3.91783 4.08331
3.95413 4.11769
3.98851 4.08138
3.77839 4.15786
3.77646 4.08717
3.74208 4.12348
4.02482 4.11576
3.70577 4.0891
3.7077 4.15979
3.6714 4.12541
3.63509 4.09103
4.0592 4.07945
4.02289 4.04507
4.05727 4.00877
4.09164 3.97246
4.02096 3.97439
4.05534 3.93808
3.98658 4.0107
4.08971 3.90178
4.01903 3.90371
4.0534 3.8674
4.08778 3.83109
4.0171 3.83302
4.05147 3.79671
4.01517 3.76234
4.08585 3.76041
4.04954 3.72603
3.66947 4.05473
3.63316 4.02035
3.59878 4.05666
3.66754 3.98404
3.59685 3.98597
3.63123 3.94966
3.66561 3.91336
3.59492 3.91529
3.6293 3.87898
3.66368 3.84267
3.59299 3.8446
3.62737 3.8083
3.66175 3.77199
3.9522 4.047
3.88152 4.04894
3.98465 3.94001
3.9159 4.01263
3.95027 3.97632
3.59106 3.77392
3.62544 3.73761
3.98272 3.86933
3.84521 4.01456
3.94834 3.90564
3.87959 3.97825
3.91397 3.94194
3.74015 4.0528
3.98079 3.79864
3.94641 3.83495
3.77453 4.01649
3.80891 3.98018
3.84328 3.94387
3.91204 3.87126
3.87766 3.90757
4.01324 3.69165
3.70384 4.01842
3.97886 3.72796
4.08392 3.68972
3.73822 3.98211
3.94448 3.76427
3.91011 3.80058
4.04761 3.65535
3.7726 3.9458
3.80697 3.9095
3.87573 3.83688
3.84135 3.87319
4.01131 3.62097
3.70191 3.94773
3.94255 3.69358
3.97693 3.65728
3.73629 3.91143
3.90818 3.72989
3.77067 3.87512
3.8738 3.7662
3.83942 3.80251
3.80504 3.83881
3.69998 3.87705
3.65982 3.7013
3.90625 3.65921
3.94062 3.6229
3.975 3.58659
3.73436 3.84074
3.83749 3.73182
3.87187 3.69551
3.76874 3.80444
3.80311 3.76813
3.69805 3.80637
3.73243 3.77006
3.76681 3.73375
3.80118 3.69744
3.83556 3.66114
3.86994 3.62483
3.90432 3.58852
3.69612 3.73568
3.7305 3.69937
3.76488 3.66307
3.79925 3.62676
3.83363 3.59045
3.69419 3.665
3.72857 3.62869
3.76295 3.59238
3.62351 3.66693
3.65789 3.63062
3.69226 3.59431
3.60071 4.12734
chair: 0.685927 0.588129 5.81266 0.730165 111
0.682531 0.308658
0.659619 0.3531
0.615178 0.330189
0.592266 0.37463
0.547824 0.351719
0.726972 0.33157
0.704061 0.376011
0.503383 0.328807
0.480471 0.373249
0.771414 0.354481
0.794326 0.31004
0.815856 0.377393
0.838767 0.332951
0.883209 0.355863
0.861679 0.288509
0.90612 0.311421
0.45756 0.417691
0.524913 0.39616
0.502001 0.440602
0.47909 0.485044
0.456178 0.529485
0.433267 0.573927
0.523532 0.507955
0.50062 0.552397
0.477709 0.596839
0.454797 0.64128
0.52215 0.61975
0.499239 0.664192
0.431885 0.685722
0.476327 0.708633
0.860297 0.400304
0.837386 0.444746
0.904739 0.423216
0.881828 0.467657
0.453416 0.753075
0.858916 0.512099
0.836005 0.556541
0.926269 0.490569
0.903358 0.535011
0.880446 0.579452
0.569355 0.419072
0.546443 0.463514
0.857535 0.623894
0.834623 0.668336
0.636708 0.397542
0.545062 0.575308
0.613796 0.441983
0.567973 0.530867
0.924888 0.602364
0.901977 0.646806
0.590885 0.486425
0.879065 0.691247
0.520769 0.731545
0.497857 0.775987
0.54368 0.687103
0.566592 0.642662
0.658238 0.464895
0.635326 0.509336
0.589503 0.59822
0.612415 0.553778
0.474946 0.820428
0.542299 0.798898
0.519387 0.84334
0.748503 0.398923
0.588122 0.710015
0.56521 0.754456
0.611034 0.665573
0.633945 0.621131
0.679768 0.532248
0.656857 0.57669
0.725591 0.443365
0.792944 0.421834
0.770033 0.466276
0.609652 0.777368
0.586741 0.82181
0.563829 0.866251
0.70268 0.487806
0.632564 0.732926
0.747121 0.510718
0.655475 0.688485
0.72421 0.55516
0.701298 0.599601
0.678387 0.644043
0.923507 0.714159
0.856153 0.735689
0.814474 0.489188
0.677005 0.755838
0.791563 0.533629
0.699917 0.711396
0.654094 0.800279
0.631182 0.844721
0.768651 0.578071
0.722828 0.666954
0.74574 0.622513
0.900595 0.7586
0.813093 0.600983
0.744359 0.734308
0.790182 0.645424
0.76727 0.689866
0.721447 0.778749
0.698536 0.823191
0.675624 0.867633
0.811712 0.712777
0.7888 0.757219
0.765889 0.801661
0.742977 0.846102
0.833242 0.780131
0.810331 0.824572
0.787419 0.869014
0.877684 0.803042
0.854772 0.847484
table: -0.403978 1.05675 -1 0.605482 543
-0.531208 0.807997
-0.486766 0.830908
-0.419413 0.809378
-0.374972 0.832289
-0.442325 0.853819
-0.307618 0.810759
-0.35206 0.787848
-0.554119 0.852438
-0.263176 0.833671
-0.33053 0.855201
-0.509678 0.87535
-0.397883 0.876731
-0.286088 0.878112
-0.883978 0.401115
-0.90689 0.445556
-0.839537 0.424026
-0.862449 0.468468
-0.88536 0.51291
-0.908272 0.557351
-0.931183 0.601793
-0.465236 0.898261
-0.772184 0.402496
-0.795095 0.446938
-0.818007 0.491379
-0.840918 0.535821
-0.86383 0.580263
-0.886742 0.624704
-0.727742 0.425408
-0.750654 0.469849
-0.773565 0.514291
-0.796477 0.558733
-0.819388 0.603174
-0.8423 0.647616
-0.911034 0.780941
-0.683301 0.448319
-0.706212 0.492761
-0.729123 0.537202
-0.752035 0.581644
-0.774947 0.626086
-0.797858 0.670527
-0.353441 0.899642
-0.866593 0.803852
-0.889504 0.848294
-0.660389 0.403877
-0.912416 0.892736
-0.935327 0.937177
-0.615947 0.426789
-0.638859 0.471231
-0.66177 0.515672
-0.684682 0.560114
-0.707593 0.604556
-0.730505 0.648997
-0.753416 0.693439
-0.822151 0.826764
-0.845062 0.871206
-0.867974 0.915647
-0.890885 0.960089
-0.913797 1.00453
-0.936708 1.04897
-0.548594 0.405259
-0.571506 0.4497
-0.594417 0.494142
-0.617329 0.538584
-0.64024 0.583025
-0.663152 0.627467
-0.686063 0.671909
-0.708975 0.71635
-0.532589 0.919791
-0.754798 0.805234
-0.777709 0.849675
-0.800621 0.894117
-0.823532 0.938559
-0.846444 0.983001
-0.869355 1.02744
-0.892267 1.07188
-0.915178 1.11633
-0.504152 0.42817
-0.527064 0.472612
-0.549976 0.517053
-0.572887 0.561495
-0.595798 0.605937
-0.61871 0.650378
-0.641621 0.69482
-0.664533 0.739262
-0.710356 0.828145
-0.733267 0.872587
-0.756179 0.917029
-0.779091 0.96147
-0.802002 1.00591
-0.824913 1.05035
-0.847825 1.0948
-0.870736 1.13924
-0.893648 1.18368
-0.916559 1.22812
-0.939471 1.27256
-0.436799 0.40664
-0.459711 0.451082
-0.482623 0.495523
-0.505534 0.539965
-0.528445 0.584407
-0.551357 0.628848
-0.574268 0.67329
-0.59718 0.717732
-0.620092 0.762173
-0.420794 0.921173
-0.665914 0.851057
-0.688826 0.895498
-0.711738 0.93994
-0.734649 0.984382
-0.75756 1.02882
-0.780472 1.07327
-0.803383 1.11771
-0.826295 1.16215
-0.849207 1.20659
-0.872118 1.25103
-0.895029 1.29547
-0.917941 1.33992
-0.577031 0.89688
-0.940853 1.38436
-0.392358 0.429551
-0.415269 0.473993
-0.438181 0.518435
-0.461092 0.562876
-0.484004 0.607318
-0.506915 0.65176
-0.529827 0.696201
-0.552738 0.740643
-0.57565 0.785085
-0.621473 0.873968
-0.644384 0.91841
-0.667296 0.962852
-0.690207 1.00729
-0.713119 1.05173
-0.73603 1.09618
-0.758942 1.14062
-0.781853 1.18506
-0.804765 1.2295
-0.827676 1.27394
-0.850588 1.31839
-0.873499 1.36283
-0.896411 1.40727
-0.919322 1.45171
-0.347916 0.452463
-0.370827 0.496905
-0.393739 0.541346
-0.41665 0.585788
-0.439562 0.63023
-0.462473 0.674671
-0.485385 0.719113
-0.508296 0.763555
-0.599942 0.941322
-0.622854 0.985763
-0.645765 1.03021
-0.668677 1.07465
-0.691588 1.11909
-0.7145 1.16353
-0.737411 1.20797
-0.760323 1.25241
-0.783234 1.29685
-0.806146 1.3413
-0.829057 1.38574
-0.851969 1.43018
-0.87488 1.47462
-0.897792 1.51906
-0.325004 0.408021
-0.555501 0.964233
-0.920704 1.56351
-0.280563 0.430933
-0.303474 0.475374
-0.326386 0.519816
-0.349297 0.564258
-0.372209 0.6087
-0.39512 0.653141
-0.418032 0.697583
-0.440943 0.742025
-0.463855 0.786466
-0.488148 0.942703
-0.511059 0.987144
-0.53397 1.03159
-0.578412 1.00867
-0.601324 1.05312
-0.624235 1.09756
-0.647147 1.142
-0.670058 1.18644
-0.69297 1.23088
-0.715881 1.27532
-0.738793 1.31977
-0.761704 1.36421
-0.784616 1.40865
-0.807527 1.45309
-0.830439 1.49753
-0.85335 1.54197
-0.876262 1.58642
-0.899173 1.63086
-0.308999 0.922554
-0.556882 1.07603
-0.922085 1.6753
-0.21321 0.409402
-0.236121 0.453844
-0.259032 0.498286
-0.281944 0.542728
-0.304855 0.587169
-0.327767 0.631611
-0.350679 0.676053
-0.37359 0.720494
-0.396502 0.764936
-0.443706 0.965614
-0.466617 1.01006
-0.489529 1.0545
-0.512441 1.09894
-0.579794 1.12047
-0.602705 1.16491
-0.625617 1.20935
-0.648528 1.25379
-0.67144 1.29824
-0.694351 1.34268
-0.717263 1.38712
-0.740174 1.43156
-0.763085 1.476
-0.785997 1.52044
-0.808909 1.56489
-0.83182 1.60933
-0.854732 1.65377
-0.877643 1.69821
-0.168768 0.432314
-0.191679 0.476756
-0.214591 0.521197
-0.237502 0.565639
-0.260414 0.610081
-0.283326 0.654522
-0.306237 0.698964
-0.329148 0.743406
-0.376353 0.944084
-0.399264 0.988526
-0.422176 1.03297
-0.445087 1.07741
-0.535352 1.14338
-0.558263 1.18782
-0.581175 1.23226
-0.604087 1.27671
-0.626998 1.32115
-0.64991 1.36559
-0.672821 1.41003
-0.695732 1.45447
-0.718644 1.49891
-0.741556 1.54336
-0.764467 1.5878
-0.787378 1.63224
-0.81029 1.67668
-0.145856 0.387872
-0.331911 0.966996
-0.354823 1.01144
-0.377734 1.05588
-0.101415 0.410784
-0.124326 0.455226
-0.147238 0.499667
-0.170149 0.544109
-0.193061 0.588551
-0.215972 0.632992
-0.238884 0.677434
-0.261795 0.721876
-0.284707 0.766317
-0.467999 1.12185
-0.49091 1.16629
-0.513822 1.21073
-0.536733 1.25518
-0.559645 1.29962
-0.582556 1.34406
-0.605468 1.3885
-0.628379 1.43294
-0.651291 1.47738
-0.674202 1.52183
-0.697114 1.56627
-0.720025 1.61071
-0.742937 1.65515
-0.765848 1.69959
-0.056973 0.433695
-0.0798844 0.478137
-0.102796 0.522579
-0.125707 0.567021
-0.148619 0.611462
-0.17153 0.655904
-0.194442 0.700346
-0.217353 0.744787
-0.240265 0.789229
-0.264558 0.945465
-0.287469 0.989907
-0.310381 1.03435
-0.333292 1.07879
-0.400645 1.10032
-0.423557 1.14476
-0.446468 1.1892
-0.46938 1.23365
-0.492292 1.27809
-0.515203 1.32253
-0.538114 1.36697
-0.561026 1.41141
-0.583938 1.45585
-0.606849 1.5003
-0.62976 1.54474
-0.652672 1.58918
-0.675583 1.63362
-0.698495 1.67806
0.0103803 0.412165
-0.0125313 0.456607
-0.0354427 0.501049
-0.0583543 0.54549
-0.0812657 0.589932
-0.104177 0.634374
-0.127089 0.678815
-0.15 0.723257
-0.172912 0.767699
-0.195823 0.81214
-0.218735 0.856582
-0.241646 0.901024
-0.265939 1.05726
-0.356204 1.12323
-0.379115 1.16767
-0.402027 1.21212
-0.424938 1.25656
-0.44785 1.301
-0.470761 1.34544
-0.493673 1.38988
-0.516584 1.43432
-0.539496 1.47877
-0.562407 1.52321
-0.585319 1.56765
-0.60823 1.61209
-0.631142 1.65653
-0.654053 1.70097
0.0548218 0.435077
0.0319103 0.479518
0.00899887 0.52396
-0.0139127 0.568402
-0.0368241 0.612843
-0.0597357 0.657285
-0.0826472 0.701727
-0.105559 0.746168
-0.12847 0.79061
-0.151382 0.835052
-0.174293 0.879494
-0.197205 0.923935
-0.220116 0.968377
-0.243028 1.01282
-0.288851 1.1017
-0.311762 1.14614
-0.334674 1.19059
-0.357585 1.23503
-0.380497 1.27947
-0.403408 1.32391
-0.42632 1.36835
-0.449231 1.41279
-0.472143 1.45724
-0.495054 1.50168
-0.517966 1.54612
-0.540877 1.59056
-0.563789 1.635
-0.5867 1.67944
0.0777334 0.390635
0.0992634 0.457988
0.0763519 0.50243
0.0534405 0.546872
0.0305289 0.591313
0.00761747 0.635755
-0.0152941 0.680197
-0.0382056 0.724638
-0.0611171 0.76908
-0.0840286 0.813522
-0.10694 0.857963
-0.129852 0.902405
-0.152763 0.946847
-0.175675 0.991288
-0.198586 1.03573
-0.221498 1.08017
-0.244409 1.12461
-0.267321 1.16906
-0.290232 1.2135
-0.313144 1.25794
-0.336055 1.30238
-0.358967 1.34682
-0.381878 1.39126
-0.40479 1.43571
-0.427701 1.48015
-0.450613 1.52459
-0.473524 1.56903
-0.496436 1.61347
-0.519347 1.65791
-0.542259 1.70236
0.0978823 0.569783
0.0749707 0.614225
0.0520593 0.658666
0.0291477 0.703108
0.0062362 0.74755
-0.0166752 0.791992
-0.0395868 0.836433
-0.0624982 0.880875
-0.0854098 0.925317
-0.108321 0.969758
-0.131233 1.0142
-0.154144 1.05864
-0.177056 1.10308
-0.199967 1.14753
-0.222879 1.19197
-0.24579 1.23641
-0.268702 1.28085
-0.291613 1.32529
-0.314525 1.36973
-0.337436 1.41418
-0.360348 1.45862
-0.383259 1.50306
-0.406171 1.5475
-0.429082 1.59194
-0.451994 1.63638
-0.474905 1.68083
0.0965009 0.681578
0.0735893 0.72602
0.0506778 0.770461
0.0277663 0.814903
0.0048548 0.859345
-0.0180566 0.903786
-0.0409682 0.948228
-0.0638797 0.99267
-0.0867912 1.03711
-0.109703 1.08155
-0.132614 1.12599
-0.155526 1.17044
-0.178437 1.21488
-0.201349 1.25932
-0.22426 1.30376
-0.247172 1.3482
-0.270083 1.39264
-0.292995 1.43709
-0.315906 1.48153
-0.338818 1.52597
-0.361729 1.57041
-0.384641 1.61485
-0.407552 1.65929
-0.430464 1.70374
0.0951196 0.793373
0.0722082 0.837815
0.0492966 0.882256
0.0263852 0.926698
0.00347364 0.97114
-0.0194379 1.01558
-0.0423493 1.06002
-0.0652609 1.10446
-0.0881723 1.14891
-0.111084 1.19335
-0.133995 1.23779
-0.156907 1.28223
-0.179818 1.32667
-0.20273 1.37111
-0.225641 1.41556
-0.248553 1.46
-0.271464 1.50444
-0.294376 1.54888
-0.317287 1.59332
-0.340199 1.63776
-0.36311 1.68221
0.0937382 0.905168
0.0708268 0.949609
0.0479152 0.994051
0.0250037 1.03849
0.00209224 1.08293
-0.0208193 1.12738
-0.0437309 1.17182
-0.0666423 1.21626
-0.0895538 1.2607
-0.112465 1.30514
-0.135377 1.34958
-0.158288 1.39403
-0.1812 1.43847
-0.204111 1.48291
-0.227023 1.52735
-0.249934 1.57179
-0.272846 1.61623
-0.295757 1.66068
0.0923569 1.01696
0.0694454 1.0614
0.0465339 1.10585
0.0236224 1.15029
0.000710845 1.19473
-0.0222006 1.23917
-0.0451121 1.28361
-0.0680236 1.32805
-0.0909351 1.3725
-0.113847 1.41694
-0.136758 1.46138
-0.15967 1.50582
-0.182581 1.55026
-0.205493 1.5947
-0.228404 1.63915
-0.251316 1.68359
0.113887 1.08432
0.0909756 1.12876
0.0680641 1.1732
0.0451525 1.21764
0.0222411 1.26208
-0.000670433 1.30652
-0.0235819 1.35097
-0.0464934 1.39541
-0.069405 1.43985
-0.0923164 1.48429
-0.115228 1.52873
-0.138139 1.57317
-0.161051 1.61762
-0.183962 1.66206
0.115268 0.972521
0.112506 1.19611
0.0895942 1.24055
0.0666828 1.28499
0.0437713 1.32944
0.0208598 1.37388
-0.00205171 1.41832
-0.0249633 1.46276
-0.0478747 1.5072
-0.0707862 1.55164
-0.0936977 1.59609
-0.116609 1.64053
-0.139521 1.68497
0.111125 1.30791
0.088213 1.35235
0.0653015 1.39679
0.04239 1.44123
0.0194784 1.48567
-0.00343299 1.53011
-0.0263445 1.57456
-0.049256 1.619
-0.0721675 1.66344
-0.929802 0.489998
0.109743 1.4197
0.0868316 1.46414
0.0639201 1.50858
0.0410086 1.55303
0.018097 1.59747
-0.00481451 1.64191
-0.0277259 1.68635
0.108362 1.5315
0.0854503 1.57594
0.0625387 1.62038
0.0396272 1.66482
0.10698 1.64329
0.0840689 1.68773
table: -0.79845 1.9684 -1 0.584473 83
-1.01689 1.94321
-1.01521 1.99318
-1.01858 1.89324
-1.01352 2.04316
-1.02026 1.84327
-1.01184 2.09313
-0.968605 1.89156
-0.96692 1.94153
-0.965236 1.9915
-0.963551 2.04147
-0.961867 2.09144
-0.97029 1.84158
-0.960182 2.14141
-0.971974 1.79161
-0.922003 1.78993
-0.920318 1.8399
-0.918633 1.88987
-0.916949 1.93984
-0.915264 1.98981
-0.91358 2.03979
-0.911895 2.08976
-0.91021 2.13973
-0.908526 2.1897
-0.872031 1.78824
-0.870346 1.83822
-0.868662 1.88819
-0.866977 1.93816
-0.865293 1.98813
-0.863608 2.0381
-0.861923 2.08807
-0.860239 2.13805
-0.873716 1.73827
-0.858554 2.18802
-0.823744 1.73659
-0.822059 1.78656
-0.820375 1.83653
-0.81869 1.8865
-0.817006 1.93647
-0.815321 1.98645
-0.813636 2.03642
-0.811952 2.08639
-0.810267 2.13636
-0.808583 2.18633
-0.773772 1.7349
-0.772088 1.78487
-0.770403 1.83485
-0.768718 1.88482
-0.767034 1.93479
-0.765349 1.98476
-0.763665 2.03473
-0.76198 2.0847
-0.760296 2.13468
-0.758611 2.18465
-0.723801 1.73322
-0.722116 1.78319
-0.720432 1.83316
-0.718747 1.88313
-0.717062 1.9331
-0.715378 1.98308
-0.713693 2.03305
-0.712009 2.08302
-0.710324 2.13299
-0.708639 2.18296
-0.672144 1.78151
-0.67046 1.83148
-0.668775 1.88145
-0.667091 1.93142
-0.665406 1.98139
-0.663721 2.03136
-0.662037 2.08134
-0.660352 2.13131
-0.658668 2.18128
-0.620488 1.82979
-0.618804 1.87976
-0.617119 1.92974
-0.615435 1.97971
-0.61375 2.02968
-0.612065 2.07965
-0.610381 2.12962
-0.568832 1.87808
-0.567147 1.92805
-0.565463 1.97802
-0.563778 2.02799
