OR: 3.43406 6.08422 2.22957 7.31463e-38 16
3.28406 5.93422
3.28406 6.03422
3.28406 6.13422
3.28406 6.23422
3.38406 5.93422
3.38406 6.03422
3.38406 6.13422
3.38406 6.23422
3.48406 5.93422
3.48406 6.03422
3.48406 6.13422
3.48406 6.23422
3.58406 5.93422
3.58406 6.03422
3.58406 6.13422
3.58406 6.23422
CR: 0.904937 7.34532 2.11586 0.5 16
0.754937 7.19532
0.754937 7.29532
0.754937 7.39532
0.754937 7.49532
0.854937 7.19532
0.854937 7.29532
0.854937 7.39532
0.854937 7.49532
0.954937 7.19532
0.954937 7.29532
0.954937 7.39532
0.954937 7.49532
1.05494 7.19532
1.05494 7.29532
1.05494 7.39532
1.05494 7.49532
meetingroom: 0.983721 6.83721 1.5708 2 129
0 5.1
0 5.2
0 5.3
0 5.4
0 5.5
0 5.6
0 5.7
0 5.8
0 5.9
0 6
0 6.1
0 6.2
0 6.3
0 6.4
0 6.5
0 6.6
0 6.7
0 7.1
0 7.2
0 7.3
0 7.4
0 7.5
0 7.6
0 7.7
0 7.8
0 7.9
0 8
0 8.1
0 8.2
0 8.3
0.1 5.1
0.1 6.3
0.1 6.4
0.1 6.5
0.1 6.6
0.1 6.7
0.1 6.8
0.1 6.9
0.1 7
0.1 7.1
0.1 7.2
0.1 7.3
0.1 7.4
0.1 7.5
0.1 7.6
0.1 7.7
0.1 7.8
0.1 7.9
0.1 8
0.1 8.1
0.1 8.2
0.1 8.3
0.1 8.4
0.2 5.1
0.2 8.3
0.3 5.1
0.3 8.3
0.4 5.1
0.4 8.3
0.5 5.1
0.5 8.3
0.6 5.1
0.6 8.3
0.7 5.1
0.7 8.3
0.8 5.1
0.8 8.3
0.9 5.1
0.9 8.3
1 5.1
1 8.3
1.1 8.3
1.2 5.1
1.2 8.3
1.3 8.3
1.4 8.3
1.5 8.3
1.6 8.3
1.7 8.3
1.8 8.3
1.9 8.3
2 5.3
2 5.4
2 5.5
2 5.6
2 5.7
2 5.8
2 5.9
2 6
2 6.1
2 6.2
2 6.3
2 6.4
2 6.5
2 6.6
2 6.7
2 6.8
2 8.3
2.1 5.2
2.1 5.3
2.1 5.4
2.1 5.5
2.1 5.6
2.1 5.7
2.1 5.8
2.1 5.9
2.1 6
2.1 6.1
2.1 6.2
2.1 6.3
2.1 6.4
2.1 6.5
2.1 6.6
2.1 6.8
2.1 6.9
2.1 7
2.1 7.1
2.1 7.2
2.1 7.3
2.1 7.4
2.1 7.5
2.1 7.6
2.1 7.7
2.1 7.8
2.1 7.9
2.1 8
2.1 8.1
2.1 8.2
2.1 8.3
officeroom: -0.388983 1.19153 3.1416 2 118
-1.3 0.1
-1.3 0.2
-1.3 0.3
-1.3 0.4
-1.3 0.5
-1.3 0.6
-1.3 0.7
-1.3 0.8
-1.3 0.9
-1.3 1
-1.3 1.8
-1.3 1.9
-1.3 2
-1.3 2.1
-1.3 2.2
-1.3 2.3
-1.2 0
-1.2 0.1
-1.2 0.2
-1.2 0.3
-1.2 0.4
-1.2 0.5
-1.2 0.6
-1.2 0.7
-1.2 0.8
-1.2 0.9
-1.2 1
-1.2 1.1
-1.2 1.2
-1.2 1.3
-1.2 1.4
-1.2 1.5
-1.2 1.6
-1.2 1.7
-1.2 1.8
-1.2 1.9
-1.2 2
-1.2 2.1
-1.2 2.2
-1.2 2.3
-1.2 2.4
-1.1 0
-1.1 0.1
-1.1 2.3
-1.1 2.4
-1 0
-1 0.1
-1 2.3
-1 2.4
-0.9 0
-0.9 0.1
-0.9 2.3
-0.9 2.4
-0.8 0
-0.8 0.1
-0.8 2.3
-0.8 2.4
-0.7 0
-0.7 0.1
-0.7 2.3
-0.7 2.4
-0.6 0
-0.6 0.1
-0.6 2.3
-0.6 2.4
-0.5 0.1
-0.5 2.3
-0.5 2.4
-0.4 0.1
-0.4 2.3
-0.4 2.4
-0.3 0.1
-0.3 2.3
-0.3 2.4
-0.2 0.1
-0.2 2.3
-0.1 0.1
-0.1 2.3
0 0.1
0 2.3
0.1 0.1
0.1 2.3
0.2 0.1
0.2 2.3
0.3 0.1
0.3 2.3
0.4 0.1
0.4 2.3
0.5 0.1
0.5 2.3
0.6 0.1
0.6 2.3
0.7 0.1
0.7 2.3
0.8 0.1
0.8 2.3
0.9 0.1
0.9 2.3
1 0.1
1 0.2
1 0.3
1 0.4
1 0.5
1 0.6
1 1.5
1 1.6
1 1.7
1 1.8
1 1.9
1 2
1 2.1
1 2.2
1 2.3
1.1 0.1
1.1 0.2
1.1 0.3
1.1 0.4
1.1 0.6
livingroom: 3.47134 2.09825 1.5708 2 171
0.5 0.1
0.6 0.1
0.7 0.1
0.8 0.1
0.9 0.1
1.1 0.1
1.1 0.2
1.1 0.3
1.1 0.4
1.1 0.5
1.1 0.6
1.1 1.7
1.1 1.8
1.1 1.9
1.1 2
1.1 2.1
1.1 2.2
1.1 2.3
1.1 2.4
0.9 2.5
0.9 2.6
0.9 2.7
0.9 2.8
0.9 2.9
0.9 3
0.9 3.1
0.9 3.2
0.9 3.3
0.9 3.4
0.9 3.5
0.9 3.6
0.9 3.7
0.9 3.8
0.9 3.9
0.9 4
0.9 4.1
0.9 4.2
0.9 4.3
0.9 4.4
0.9 4.5
0.9 4.6
0.9 4.7
0.9 4.8
1.2 0.1
1.3 0.1
2 4.8
2.4 0
2.4 0.1
2.4 4.8
2.5 0.1
2.5 4.8
2.6 0.1
2.6 4.8
2.7 0.1
2.8 0.1
2.9 0.1
3 0.1
3.1 0.1
3.2 0.1
3.3 0.1
3.4 0.1
3.5 0.1
3.6 0.1
3.6 4.8
3.7 0
3.7 0.1
3.7 4.7
3.7 4.8
3.8 0
3.8 0.1
3.8 4.7
3.8 4.8
3.9 -0.1
3.9 0
3.9 0.1
3.9 4.7
3.9 4.8
4 -0.1
4 0.1
4 4.7
4 4.8
4.1 -0.1
4.1 0.1
4.1 4.7
4.1 4.8
4.2 -0.1
4.2 0.1
4.2 4.7
4.2 4.8
4.3 -0.1
4.3 0.1
4.3 4.7
4.3 4.8
4.4 -0.1
4.4 0.1
4.4 4.7
4.4 4.8
4.5 -0.1
4.5 0.1
4.5 4.7
4.6 -0.1
4.6 0.1
4.6 4.7
4.7 -0.1
4.7 0.1
4.7 4.7
4.8 -0.1
4.8 0
4.8 0.1
4.8 4.7
4.9 0
4.9 0.1
4.9 0.2
4.9 0.3
4.9 0.4
4.9 0.5
4.9 0.6
4.9 0.7
4.9 0.8
4.9 0.9
4.9 1
4.9 1.1
4.9 1.2
4.9 1.3
4.9 1.4
4.9 1.5
4.9 1.6
4.9 1.7
4.9 1.8
4.9 1.9
4.9 2
4.9 2.1
4.9 2.2
4.9 2.3
4.9 2.4
4.9 2.5
4.9 2.6
4.9 2.7
4.9 2.8
4.9 4.7
5 0.1
5 0.2
5 0.3
5 0.4
5 0.5
5 0.6
5 0.7
5 0.8
5 2.5
5 2.6
5 2.7
5 2.8
5 2.9
5 3
5 3.1
5 3.2
5 3.3
5 3.4
5 3.5
5 3.6
5 3.7
5 3.8
5 3.9
5 4
5 4.1
5 4.2
5 4.3
5 4.4
5 4.5
5 4.6
5 4.7
bedroom: 3.85302 6.91074 1.5708 2 149
2.2 8.3
2.3 6.9
2.3 7
2.3 7.1
2.3 7.2
2.3 7.3
2.3 7.4
2.3 7.5
2.3 7.6
2.3 7.7
2.3 8
2.3 8.1
2.3 8.2
2.3 8.3
2.4 5
2.4 5.1
2.4 5.2
2.4 5.3
2.4 5.4
2.4 5.5
2.4 5.6
2.4 5.7
2.4 5.8
2.4 5.9
2.4 6
2.4 6.1
2.4 6.2
2.4 6.3
2.4 6.4
2.4 6.5
2.4 6.6
2.4 6.7
2.4 6.8
2.4 6.9
2.4 7
2.4 7.1
2.4 7.2
2.4 7.3
2.4 7.7
2.4 7.8
2.4 7.9
2.4 8
2.4 8.1
2.4 8.2
2.4 8.3
2.5 5
2.5 8.3
2.6 8.3
2.7 8.3
2.8 8.3
2.9 8.3
3 8.3
3.1 8.3
3.2 8.3
3.3 8.3
3.4 8.3
3.5 5
3.5 5.1
3.5 8.3
3.6 5.1
3.6 8.3
3.7 5.1
3.7 8.3
3.8 5.1
3.8 8.3
3.9 5.1
3.9 8.3
4 5.1
4 8.3
4.1 5.1
4.1 8.3
4.2 5.1
4.2 8.3
4.3 5.1
4.3 8.2
4.3 8.3
4.4 5.1
4.4 8.2
4.4 8.3
4.5 5.1
4.5 8.2
4.5 8.3
4.6 5.1
4.6 8.2
4.6 8.3
4.7 5.1
4.7 8.2
4.7 8.3
4.8 5.1
4.8 8.2
4.8 8.3
4.9 5
4.9 5.1
4.9 5.2
4.9 5.3
4.9 5.4
4.9 5.5
4.9 5.6
4.9 5.7
4.9 5.8
4.9 5.9
4.9 6
4.9 6.1
4.9 6.2
4.9 6.3
4.9 6.4
4.9 6.5
4.9 6.6
4.9 6.7
4.9 6.8
4.9 6.9
4.9 7
4.9 8.2
4.9 8.3
5 5.1
5 5.2
5 5.3
5 5.4
5 5.5
5 5.6
5 5.7
5 5.8
5 5.9
5 6.7
5 6.8
5 6.9
5 7
5 7.1
5 7.2
5 7.3
5 7.4
5 7.5
5 7.6
5 7.7
5 7.8
5 7.9
5 8
5 8.1
5 8.2
5 8.3
5.1 7.4
5.1 7.5
5.1 7.6
5.1 7.7
5.1 7.8
5.1 7.9
5.1 8
5.1 8.1
5.1 8.2
bed: 3.5 7.7 0 2 273
2.5 7.1
2.5 7.2
2.5 7.3
2.5 7.4
2.5 7.5
2.5 7.6
2.5 7.7
2.5 7.8
2.5 7.9
2.5 8
2.5 8.1
2.5 8.2
2.5 8.3
2.6 7.1
2.6 7.2
2.6 7.3
2.6 7.4
2.6 7.5
2.6 7.6
2.6 7.7
2.6 7.8
2.6 7.9
2.6 8
2.6 8.1
2.6 8.2
2.6 8.3
2.7 7.1
2.7 7.2
2.7 7.3
2.7 7.4
2.7 7.5
2.7 7.6
2.7 7.7
2.7 7.8
2.7 7.9
2.7 8
2.7 8.1
2.7 8.2
2.7 8.3
2.8 7.1
2.8 7.2
2.8 7.3
2.8 7.4
2.8 7.5
2.8 7.6
2.8 7.7
2.8 7.8
2.8 7.9
2.8 8
2.8 8.1
2.8 8.2
2.8 8.3
2.9 7.1
2.9 7.2
2.9 7.3
2.9 7.4
2.9 7.5
2.9 7.6
2.9 7.7
2.9 7.8
2.9 7.9
2.9 8
2.9 8.1
2.9 8.2
2.9 8.3
3 7.1
3 7.2
3 7.3
3 7.4
3 7.5
3 7.6
3 7.7
3 7.8
3 7.9
3 8
3 8.1
3 8.2
3 8.3
3.1 7.1
3.1 7.2
3.1 7.3
3.1 7.4
3.1 7.5
3.1 7.6
3.1 7.7
3.1 7.8
3.1 7.9
3.1 8
3.1 8.1
3.1 8.2
3.1 8.3
3.2 7.1
3.2 7.2
3.2 7.3
3.2 7.4
3.2 7.5
3.2 7.6
3.2 7.7
3.2 7.8
3.2 7.9
3.2 8
3.2 8.1
3.2 8.2
3.2 8.3
3.3 7.1
3.3 7.2
3.3 7.3
3.3 7.4
3.3 7.5
3.3 7.6
3.3 7.7
3.3 7.8
3.3 7.9
3.3 8
3.3 8.1
3.3 8.2
3.3 8.3
3.4 7.1
3.4 7.2
3.4 7.3
3.4 7.4
3.4 7.5
3.4 7.6
3.4 7.7
3.4 7.8
3.4 7.9
3.4 8
3.4 8.1
3.4 8.2
3.4 8.3
3.5 7.1
3.5 7.2
3.5 7.3
3.5 7.4
3.5 7.5
3.5 7.6
3.5 7.7
3.5 7.8
3.5 7.9
3.5 8
3.5 8.1
3.5 8.2
3.5 8.3
3.6 7.1
3.6 7.2
3.6 7.3
3.6 7.4
3.6 7.5
3.6 7.6
3.6 7.7
3.6 7.8
3.6 7.9
3.6 8
3.6 8.1
3.6 8.2
3.6 8.3
3.7 7.1
3.7 7.2
3.7 7.3
3.7 7.4
3.7 7.5
3.7 7.6
3.7 7.7
3.7 7.8
3.7 7.9
3.7 8
3.7 8.1
3.7 8.2
3.7 8.3
3.8 7.1
3.8 7.2
3.8 7.3
3.8 7.4
3.8 7.5
3.8 7.6
3.8 7.7
3.8 7.8
3.8 7.9
3.8 8
3.8 8.1
3.8 8.2
3.8 8.3
3.9 7.1
3.9 7.2
3.9 7.3
3.9 7.4
3.9 7.5
3.9 7.6
3.9 7.7
3.9 7.8
3.9 7.9
3.9 8
3.9 8.1
3.9 8.2
3.9 8.3
4 7.1
4 7.2
4 7.3
4 7.4
4 7.5
4 7.6
4 7.7
4 7.8
4 7.9
4 8
4 8.1
4 8.2
4 8.3
4.1 7.1
4.1 7.2
4.1 7.3
4.1 7.4
4.1 7.5
4.1 7.6
4.1 7.7
4.1 7.8
4.1 7.9
4.1 8
4.1 8.1
4.1 8.2
4.1 8.3
4.2 7.1
4.2 7.2
4.2 7.3
4.2 7.4
4.2 7.5
4.2 7.6
4.2 7.7
4.2 7.8
4.2 7.9
4.2 8
4.2 8.1
4.2 8.2
4.2 8.3
4.3 7.1
4.3 7.2
4.3 7.3
4.3 7.4
4.3 7.5
4.3 7.6
4.3 7.7
4.3 7.8
4.3 7.9
4.3 8
4.3 8.1
4.3 8.2
4.3 8.3
4.4 7.1
4.4 7.2
4.4 7.3
4.4 7.4
4.4 7.5
4.4 7.6
4.4 7.7
4.4 7.8
4.4 7.9
4.4 8
4.4 8.1
4.4 8.2
4.4 8.3
4.5 7.1
4.5 7.2
4.5 7.3
4.5 7.4
4.5 7.5
4.5 7.6
4.5 7.7
4.5 7.8
4.5 7.9
4.5 8
4.5 8.1
4.5 8.2
4.5 8.3
room: 0.983721 6.83721 1.5708 2 129
0 5.1
0 5.2
0 5.3
0 5.4
0 5.5
0 5.6
0 5.7
0 5.8
0 5.9
0 6
0 6.1
0 6.2
0 6.3
0 6.4
0 6.5
0 6.6
0 6.7
0 7.1
0 7.2
0 7.3
0 7.4
0 7.5
0 7.6
0 7.7
0 7.8
0 7.9
0 8
0 8.1
0 8.2
0 8.3
0.1 5.1
0.1 6.3
0.1 6.4
0.1 6.5
0.1 6.6
0.1 6.7
0.1 6.8
0.1 6.9
0.1 7
0.1 7.1
0.1 7.2
0.1 7.3
0.1 7.4
0.1 7.5
0.1 7.6
0.1 7.7
0.1 7.8
0.1 7.9
0.1 8
0.1 8.1
0.1 8.2
0.1 8.3
0.1 8.4
0.2 5.1
0.2 8.3
0.3 5.1
0.3 8.3
0.4 5.1
0.4 8.3
0.5 5.1
0.5 8.3
0.6 5.1
0.6 8.3
0.7 5.1
0.7 8.3
0.8 5.1
0.8 8.3
0.9 5.1
0.9 8.3
1 5.1
1 8.3
1.1 8.3
1.2 5.1
1.2 8.3
1.3 8.3
1.4 8.3
1.5 8.3
1.6 8.3
1.7 8.3
1.8 8.3
1.9 8.3
2 5.3
2 5.4
2 5.5
2 5.6
2 5.7
2 5.8
2 5.9
2 6
2 6.1
2 6.2
2 6.3
2 6.4
2 6.5
2 6.6
2 6.7
2 6.8
2 8.3
2.1 5.2
2.1 5.3
2.1 5.4
2.1 5.5
2.1 5.6
2.1 5.7
2.1 5.8
2.1 5.9
2.1 6
2.1 6.1
2.1 6.2
2.1 6.3
2.1 6.4
2.1 6.5
2.1 6.6
2.1 6.8
2.1 6.9
2.1 7
2.1 7.1
2.1 7.2
2.1 7.3
2.1 7.4
2.1 7.5
2.1 7.6
2.1 7.7
2.1 7.8
2.1 7.9
2.1 8
2.1 8.1
2.1 8.2
2.1 8.3
table: 3.04823 6.60928 -1 1 48
3.02681 6.52809
2.98729 6.49746
2.94379 6.71679
2.98331 6.74743
2.90427 6.68616
2.93491 6.64664
2.97442 6.67728
3.01394 6.70791
3.05346 6.73854
2.89539 6.61601
3.06632 6.55873
3.09298 6.76918
2.85587 6.58538
3.05744 6.48858
2.92602 6.57649
3.01792 6.45794
3.00506 6.63776
3.04457 6.66839
3.08409 6.69903
3.12361 6.72966
2.88651 6.54586
3.16313 6.76029
2.84699 6.51523
2.91714 6.50634
2.95666 6.53698
2.99617 6.56761
3.03569 6.59824
3.07521 6.62888
3.11473 6.65951
3.15424 6.69014
3.19376 6.72078
2.87762 6.47571
2.90826 6.43619
2.94777 6.46683
3.10584 6.58936
3.14536 6.61999
3.18488 6.65063
3.22439 6.68126
3.23328 6.75141
3.26391 6.71189
2.93889 6.39668
2.97841 6.42731
3.09696 6.51921
3.13647 6.54984
3.17599 6.58048
3.21551 6.61111
3.25503 6.64174
3.29454 6.67237
bed: 3.5 7.7 0 2 273
2.5 7.1
2.5 7.2
2.5 7.3
2.5 7.4
2.5 7.5
2.5 7.6
2.5 7.7
2.5 7.8
2.5 7.9
2.5 8
2.5 8.1
2.5 8.2
2.5 8.3
2.6 7.1
2.6 7.2
2.6 7.3
2.6 7.4
2.6 7.5
2.6 7.6
2.6 7.7
2.6 7.8
2.6 7.9
2.6 8
2.6 8.1
2.6 8.2
2.6 8.3
2.7 7.1
2.7 7.2
2.7 7.3
2.7 7.4
2.7 7.5
2.7 7.6
2.7 7.7
2.7 7.8
2.7 7.9
2.7 8
2.7 8.1
2.7 8.2
2.7 8.3
2.8 7.1
2.8 7.2
2.8 7.3
2.8 7.4
2.8 7.5
2.8 7.6
2.8 7.7
2.8 7.8
2.8 7.9
2.8 8
2.8 8.1
2.8 8.2
2.8 8.3
2.9 7.1
2.9 7.2
2.9 7.3
2.9 7.4
2.9 7.5
2.9 7.6
2.9 7.7
2.9 7.8
2.9 7.9
2.9 8
2.9 8.1
2.9 8.2
2.9 8.3
3 7.1
3 7.2
3 7.3
3 7.4
3 7.5
3 7.6
3 7.7
3 7.8
3 7.9
3 8
3 8.1
3 8.2
3 8.3
3.1 7.1
3.1 7.2
3.1 7.3
3.1 7.4
3.1 7.5
3.1 7.6
3.1 7.7
3.1 7.8
3.1 7.9
3.1 8
3.1 8.1
3.1 8.2
3.1 8.3
3.2 7.1
3.2 7.2
3.2 7.3
3.2 7.4
3.2 7.5
3.2 7.6
3.2 7.7
3.2 7.8
3.2 7.9
3.2 8
3.2 8.1
3.2 8.2
3.2 8.3
3.3 7.1
3.3 7.2
3.3 7.3
3.3 7.4
3.3 7.5
3.3 7.6
3.3 7.7
3.3 7.8
3.3 7.9
3.3 8
3.3 8.1
3.3 8.2
3.3 8.3
3.4 7.1
3.4 7.2
3.4 7.3
3.4 7.4
3.4 7.5
3.4 7.6
3.4 7.7
3.4 7.8
3.4 7.9
3.4 8
3.4 8.1
3.4 8.2
3.4 8.3
3.5 7.1
3.5 7.2
3.5 7.3
3.5 7.4
3.5 7.5
3.5 7.6
3.5 7.7
3.5 7.8
3.5 7.9
3.5 8
3.5 8.1
3.5 8.2
3.5 8.3
3.6 7.1
3.6 7.2
3.6 7.3
3.6 7.4
3.6 7.5
3.6 7.6
3.6 7.7
3.6 7.8
3.6 7.9
3.6 8
3.6 8.1
3.6 8.2
3.6 8.3
3.7 7.1
3.7 7.2
3.7 7.3
3.7 7.4
3.7 7.5
3.7 7.6
3.7 7.7
3.7 7.8
3.7 7.9
3.7 8
3.7 8.1
3.7 8.2
3.7 8.3
3.8 7.1
3.8 7.2
3.8 7.3
3.8 7.4
3.8 7.5
3.8 7.6
3.8 7.7
3.8 7.8
3.8 7.9
3.8 8
3.8 8.1
3.8 8.2
3.8 8.3
3.9 7.1
3.9 7.2
3.9 7.3
3.9 7.4
3.9 7.5
3.9 7.6
3.9 7.7
3.9 7.8
3.9 7.9
3.9 8
3.9 8.1
3.9 8.2
3.9 8.3
4 7.1
4 7.2
4 7.3
4 7.4
4 7.5
4 7.6
4 7.7
4 7.8
4 7.9
4 8
4 8.1
4 8.2
4 8.3
4.1 7.1
4.1 7.2
4.1 7.3
4.1 7.4
4.1 7.5
4.1 7.6
4.1 7.7
4.1 7.8
4.1 7.9
4.1 8
4.1 8.1
4.1 8.2
4.1 8.3
4.2 7.1
4.2 7.2
4.2 7.3
4.2 7.4
4.2 7.5
4.2 7.6
4.2 7.7
4.2 7.8
4.2 7.9
4.2 8
4.2 8.1
4.2 8.2
4.2 8.3
4.3 7.1
4.3 7.2
4.3 7.3
4.3 7.4
4.3 7.5
4.3 7.6
4.3 7.7
4.3 7.8
4.3 7.9
4.3 8
4.3 8.1
4.3 8.2
4.3 8.3
4.4 7.1
4.4 7.2
4.4 7.3
4.4 7.4
4.4 7.5
4.4 7.6
4.4 7.7
4.4 7.8
4.4 7.9
4.4 8
4.4 8.1
4.4 8.2
4.4 8.3
4.5 7.1
4.5 7.2
4.5 7.3
4.5 7.4
4.5 7.5
4.5 7.6
4.5 7.7
4.5 7.8
4.5 7.9
4.5 8
4.5 8.1
4.5 8.2
4.5 8.3
chair: 0.617047 5.8552 5.47066 0.863386 173
0.366203 6.16696
0.333354 6.12926
0.371049 6.09641
0.300505 6.09157
0.3382 6.05872
0.375895 6.02587
0.30535 6.02102
0.343045 5.98817
0.310196 5.95048
0.38074 5.95532
0.347891 5.91763
0.315041 5.87993
0.352737 5.84708
0.385586 5.88478
0.319887 5.80939
0.357582 5.77654
0.390432 5.81424
0.324733 5.73885
0.395277 5.74369
0.362428 5.706
0.329578 5.6683
0.367273 5.63545
0.296729 5.63061
0.334424 5.59776
0.372119 5.56491
0.33927 5.52721
0.403898 6.13411
0.400123 5.67315
0.408744 6.06356
0.436748 6.1718
0.404968 5.6026
0.441594 6.10126
0.474443 6.13895
0.507292 6.17665
0.512138 6.1061
0.544987 6.1438
0.577837 6.18149
0.582682 6.11095
0.615532 6.14864
0.648381 6.18634
0.41359 5.99302
0.653227 6.1158
0.686076 6.15349
0.718926 6.19119
0.723771 6.12064
0.756621 6.15834
0.409814 5.53206
0.761466 6.08779
0.794316 6.12549
0.442663 5.56975
0.418435 5.92247
0.475513 5.60745
0.480358 5.5369
0.423281 5.85193
0.513208 5.5746
0.446439 6.03071
0.479288 6.06841
0.546057 5.61229
0.78947 6.19603
0.550903 5.54175
0.583752 5.57944
0.451285 5.96017
0.484134 5.99786
0.516984 6.03556
0.549833 6.07326
0.45613 5.88963
0.48898 5.92732
0.521829 5.96502
0.554679 6.00271
0.587528 6.04041
0.620377 6.0781
0.616602 5.61714
0.588598 5.5089
0.621447 5.54659
0.827165 6.16318
0.654297 5.58429
0.428127 5.78139
0.460976 5.81908
0.493825 5.85678
0.526675 5.89447
0.559524 5.93217
0.592374 5.96986
0.625223 6.00756
0.658073 6.04525
0.690922 6.08295
0.687146 5.62198
0.432972 5.71084
0.465822 5.74854
0.498671 5.78623
0.53152 5.82393
0.56437 5.86162
0.597219 5.89932
0.630069 5.93701
0.662918 5.97471
0.695768 6.0124
0.728617 6.0501
0.659142 5.51374
0.691992 5.55144
0.724841 5.58914
0.860015 6.20088
0.470667 5.67799
0.503517 5.71569
0.536366 5.75338
0.569215 5.79108
0.602065 5.82877
0.634914 5.86647
0.667764 5.90416
0.700613 5.94186
0.733463 5.97955
0.766312 6.01725
0.799161 6.05494
0.832011 6.09264
0.86486 6.13033
0.89771 6.16803
0.729687 5.51859
0.762536 5.55629
0.795386 5.59398
0.541212 5.68284
0.574061 5.72053
0.606911 5.75823
0.63976 5.79592
0.672609 5.83362
0.705459 5.87131
0.738308 5.90901
0.771158 5.9467
0.804007 5.9844
0.836856 6.02209
0.869706 6.05979
0.902555 6.09748
0.578907 5.64999
0.611756 5.68768
0.644606 5.72538
0.677455 5.76307
0.710304 5.80077
0.743154 5.83846
0.776003 5.87616
0.808853 5.91385
0.841702 5.95155
0.874551 5.98924
0.907401 6.02694
0.518054 5.50405
0.649451 5.65483
0.682301 5.69253
0.71515 5.73022
0.747999 5.76792
0.780849 5.80561
0.813698 5.84331
0.846548 5.881
0.879397 5.9187
0.912247 5.95639
0.719996 5.65968
0.752845 5.69737
0.785694 5.73507
0.818544 5.77276
0.851393 5.81046
0.884243 5.84815
0.917092 5.88585
0.800231 5.52344
0.757691 5.62683
0.79054 5.66453
0.82339 5.70222
0.856239 5.73991
0.889088 5.77761
0.921938 5.81531
0.828235 5.63168
0.861085 5.66937
0.893934 5.70707
0.833081 5.56113
0.926783 5.74476
0.86593 5.59883
0.89878 5.63652
0.870776 5.52828
0.903625 5.56598
table: 0.535811 7.8929 -1 1 52
0.447403 8.00347
0.490158 8.0294
0.404649 7.97755
0.532913 8.05532
0.361894 7.95163
0.387818 7.90887
0.430572 7.9348
0.473327 7.96072
0.516082 7.98664
0.558836 8.01257
0.601591 8.03849
0.345063 7.88295
0.644346 8.06441
0.370987 7.84019
0.413741 7.86612
0.456496 7.89204
0.499251 7.91796
0.542005 7.94389
0.58476 7.96981
0.627515 7.99574
0.670269 8.02166
0.328232 7.81427
0.354156 7.77152
0.39691 7.79744
0.439665 7.82336
0.48242 7.84929
0.525174 7.87521
0.567929 7.90113
0.610684 7.92706
0.653438 7.95298
0.696193 7.97891
0.738948 8.00483
0.508343 7.80653
0.380079 7.72876
0.422834 7.75468
0.465589 7.78061
0.551098 7.83246
0.593853 7.85838
0.636607 7.8843
0.679362 7.91023
0.722117 7.93615
0.764871 7.96207
0.577022 7.7897
0.619776 7.81562
0.406003 7.68601
0.448758 7.71193
0.491512 7.73785
0.534267 7.76378
0.662531 7.84155
0.705286 7.86747
0.74804 7.8934
0.790795 7.91932
chair: 1.29487 7.81069 4.80724 0.985304 163
0.977915 8.05116
1.02772 8.05552
1.02337 8.10533
1.07753 8.05987
1.12734 8.06423
1.17715 8.06859
1.22696 8.07295
1.27677 8.07731
1.32658 8.08167
1.32222 8.13148
1.37639 8.08602
1.4262 8.09038
1.47601 8.09474
1.52582 8.0991
1.53018 8.04929
1.57999 8.05365
1.6298 8.05801
1.48037 8.04493
1.43056 8.04057
1.38075 8.03621
0.982273 8.00135
1.03208 8.00571
1.33094 8.03186
1.58435 8.00384
1.53454 7.99948
0.986632 7.95154
1.03644 7.9559
1.5389 7.94967
1.58871 7.95403
0.99099 7.90173
1.0408 7.90609
1.59306 7.90422
1.54325 7.89986
0.995348 7.85192
1.04516 7.85628
1.28113 8.0275
1.54761 7.85005
1.59742 7.85441
0.999707 7.80211
1.04952 7.80647
1.55197 7.80024
1.60178 7.8046
0.949897 7.79775
1.23132 8.02314
1.00406 7.7523
1.05387 7.75666
0.954255 7.74794
1.18151 8.01878
1.60614 7.75479
0.958613 7.69813
1.00842 7.70249
1.55633 7.75043
1.56069 7.70062
1.6105 7.70498
0.962972 7.64832
1.01278 7.65268
1.57563 8.10346
1.56505 7.65081
1.61486 7.65517
1.08189 8.01007
1.1317 8.01442
1.08625 7.96026
1.13606 7.96461
1.18587 7.96897
1.23568 7.97333
1.28549 7.97769
1.3353 7.98205
1.38511 7.98641
1.43492 7.99076
1.48473 7.99512
1.63416 8.0082
1.09061 7.91045
1.14042 7.9148
1.19023 7.91916
1.24004 7.92352
1.28985 7.92788
1.33966 7.93224
1.38947 7.9366
1.43928 7.94095
1.48909 7.94531
1.09497 7.86064
1.14478 7.86499
1.19459 7.86935
1.2444 7.87371
1.29421 7.87807
1.34402 7.88243
1.39383 7.88679
1.44364 7.89114
1.49345 7.8955
1.09933 7.81083
1.14914 7.81518
1.19895 7.81954
1.24875 7.8239
1.29856 7.82826
1.34837 7.83262
1.39818 7.83698
1.44799 7.84133
1.4978 7.84569
1.10368 7.76102
1.15349 7.76538
1.2033 7.76973
1.25311 7.77409
1.30292 7.77845
1.35273 7.78281
1.40254 7.78717
1.45235 7.79152
1.50216 7.79588
1.05823 7.70685
1.10804 7.71121
1.15785 7.71557
1.20766 7.71992
1.25747 7.72428
1.30728 7.72864
1.35709 7.733
1.4069 7.73736
1.45671 7.74171
1.50652 7.74607
1.06259 7.65704
1.1124 7.6614
1.16221 7.66576
1.21202 7.67011
1.26183 7.67447
1.31164 7.67883
1.36145 7.68319
1.41126 7.68755
1.46107 7.69191
1.51088 7.69626
1.01714 7.60287
0.96733 7.59851
1.06695 7.60723
1.11676 7.61159
1.16657 7.61595
1.21638 7.6203
1.26619 7.62466
1.316 7.62902
1.36581 7.63338
1.41562 7.63774
1.46543 7.6421
1.51524 7.64645
1.61921 7.60536
0.971688 7.5487
1.0215 7.55306
1.07131 7.55742
1.12112 7.56178
1.17093 7.56614
1.22074 7.57049
1.27055 7.57485
1.32036 7.57921
1.37017 7.58357
1.41998 7.58793
1.46979 7.59229
1.51959 7.59664
1.5694 7.601
1.17529 7.51633
1.2251 7.52069
1.2749 7.52504
1.32471 7.5294
1.37452 7.53376
1.42433 7.53812
1.47414 7.54248
1.52395 7.54683
1.57376 7.55119
1.62357 7.55555
