OR: 1.99117 0.456528 1.58049 2.69912e-38 16
1.84117 0.306528
1.84117 0.406528
1.84117 0.506528
1.84117 0.606528
1.94117 0.306528
1.94117 0.406528
1.94117 0.506528
1.94117 0.606528
2.04117 0.306528
2.04117 0.406528
2.04117 0.506528
2.04117 0.606528
2.14117 0.306528
2.14117 0.406528
2.14117 0.506528
2.14117 0.606528
CR: 3.58416 1.31631 6.00701 0.5 16
3.43416 1.16631
3.43416 1.26631
3.43416 1.36631
3.43416 1.46631
3.53416 1.16631
3.53416 1.26631
3.53416 1.36631
3.53416 1.46631
3.63416 1.16631
3.63416 1.26631
3.63416 1.36631
3.63416 1.46631
3.73416 1.16631
3.73416 1.26631
3.73416 1.36631
3.73416 1.46631
meetingroom: 1.01926 6.75926 1.5708 1 135
0 5.1
0 5.2
0 5.3
0 5.4
0 5.5
0 5.6
0 5.7
0 5.8
0 5.9
0 6
0 6.1
0 6.2
0 6.3
0 6.4
0 6.5
0 6.6
0 6.7
0 7.1
0 7.2
0 7.3
0 7.4
0 7.5
0 7.6
0 7.7
0 7.8
0 7.9
0 8
0 8.1
0 8.2
0 8.3
0.1 5.1
0.1 6.3
0.1 6.4
0.1 6.5
0.1 6.6
0.1 6.7
0.1 6.8
0.1 6.9
0.1 7
0.1 7.1
0.1 7.2
0.1 7.3
0.1 7.4
0.1 7.5
0.1 7.6
0.1 7.7
0.1 7.8
0.1 7.9
0.1 8
0.1 8.1
0.1 8.2
0.1 8.3
0.1 8.4
0.2 5.1
0.2 8.3
0.3 5.1
0.3 8.3
0.4 5.1
0.4 8.3
0.5 5.1
0.5 8.3
0.6 5.1
0.6 8.3
0.7 5.1
0.7 8.3
0.8 5.1
0.8 8.3
0.9 5.1
0.9 8.3
1 5.1
1 8.3
1.1 5.1
1.1 8.3
1.2 5.1
1.2 8.3
1.3 8.3
1.4 8.3
1.5 8.3
1.6 8.3
1.7 8.3
1.8 5
1.8 5.1
1.8 8.3
1.9 5.1
1.9 8.3
2 5.1
2 5.3
2 5.4
2 5.5
2 5.6
2 5.7
2 5.8
2 5.9
2 6
2 6.1
2 6.2
2 6.3
2 6.4
2 6.5
2 6.6
2 6.7
2 6.8
2 8.3
2.1 5.1
2.1 5.2
2.1 5.3
2.1 5.4
2.1 5.5
2.1 5.6
2.1 5.7
2.1 5.8
2.1 5.9
2.1 6
2.1 6.1
2.1 6.2
2.1 6.3
2.1 6.4
2.1 6.5
2.1 6.6
2.1 6.8
2.1 6.9
2.1 7
2.1 7.1
2.1 7.2
2.1 7.3
2.1 7.4
2.1 7.5
2.1 7.6
2.1 7.7
2.1 7.8
2.1 7.9
2.1 8
2.1 8.1
2.1 8.2
2.1 8.3
officeroom: -0.388983 1.19153 3.1416 1 118
-1.3 0.1
-1.3 0.2
-1.3 0.3
-1.3 0.4
-1.3 0.5
-1.3 0.6
-1.3 0.7
-1.3 0.8
-1.3 0.9
-1.3 1
-1.3 1.8
-1.3 1.9
-1.3 2
-1.3 2.1
-1.3 2.2
-1.3 2.3
-1.2 0
-1.2 0.1
-1.2 0.2
-1.2 0.3
-1.2 0.4
-1.2 0.5
-1.2 0.6
-1.2 0.7
-1.2 0.8
-1.2 0.9
-1.2 1
-1.2 1.1
-1.2 1.2
-1.2 1.3
-1.2 1.4
-1.2 1.5
-1.2 1.6
-1.2 1.7
-1.2 1.8
-1.2 1.9
-1.2 2
-1.2 2.1
-1.2 2.2
-1.2 2.3
-1.2 2.4
-1.1 0
-1.1 0.1
-1.1 2.3
-1.1 2.4
-1 0
-1 0.1
-1 2.3
-1 2.4
-0.9 0
-0.9 0.1
-0.9 2.3
-0.9 2.4
-0.8 0
-0.8 0.1
-0.8 2.3
-0.8 2.4
-0.7 0
-0.7 0.1
-0.7 2.3
-0.7 2.4
-0.6 0
-0.6 0.1
-0.6 2.3
-0.6 2.4
-0.5 0.1
-0.5 2.3
-0.5 2.4
-0.4 0.1
-0.4 2.3
-0.4 2.4
-0.3 0.1
-0.3 2.3
-0.3 2.4
-0.2 0.1
-0.2 2.3
-0.1 0.1
-0.1 2.3
0 0.1
0 2.3
0.1 0.1
0.1 2.3
0.2 0.1
0.2 2.3
0.3 0.1
0.3 2.3
0.4 0.1
0.4 2.3
0.5 0.1
0.5 2.3
0.6 0.1
0.6 2.3
0.7 0.1
0.7 2.3
0.8 0.1
0.8 2.3
0.9 0.1
0.9 2.3
1 0.1
1 0.2
1 0.3
1 0.4
1 0.5
1 0.6
1 1.5
1 1.6
1 1.7
1 1.8
1 1.9
1 2
1 2.1
1 2.2
1 2.3
1.1 0.1
1.1 0.2
1.1 0.3
1.1 0.4
1.1 0.6
livingroom: 3.72278 2.12342 1.5708 1 158
0.5 0.1
0.6 0.1
0.7 0.1
0.8 0.1
0.9 0.1
1.1 0.1
1.1 0.2
1.1 0.3
1.1 0.4
1.1 0.5
1.1 0.6
1.1 3.4
1.1 3.5
1.1 3.6
1.1 3.7
1.1 3.8
1.1 3.9
1.1 4
1.1 4.1
1.1 4.2
1.1 4.3
1.1 4.4
1.1 4.5
1.1 4.6
1.1 4.7
1.1 4.8
1.2 0.1
1.3 0.1
1.9 4.8
2 4.8
2.1 4.8
2.2 4.8
2.3 4.8
2.4 0
2.4 0.1
2.4 4.8
2.5 0.1
2.5 4.8
2.6 0.1
2.6 4.8
2.7 0.1
2.8 0.1
2.9 0.1
3 0.1
3.1 0.1
3.2 0.1
3.3 0.1
3.4 0.1
3.5 0.1
3.6 0.1
3.6 4.8
3.7 0
3.7 0.1
3.7 4.7
3.7 4.8
3.8 0
3.8 0.1
3.8 4.7
3.8 4.8
3.9 -0.1
3.9 0
3.9 0.1
3.9 4.7
3.9 4.8
4 -0.1
4 0.1
4 4.7
4 4.8
4.1 -0.1
4.1 0.1
4.1 4.7
4.1 4.8
4.2 -0.1
4.2 0.1
4.2 4.7
4.2 4.8
4.3 -0.1
4.3 0.1
4.3 4.7
4.3 4.8
4.4 -0.1
4.4 0.1
4.4 4.7
4.4 4.8
4.5 -0.1
4.5 0.1
4.5 4.7
4.6 -0.1
4.6 0.1
4.6 4.7
4.7 -0.1
4.7 0.1
4.7 4.7
4.8 -0.1
4.8 0
4.8 0.1
4.8 4.7
4.9 0
4.9 0.1
4.9 0.2
4.9 0.3
4.9 0.4
4.9 0.5
4.9 0.6
4.9 0.7
4.9 0.8
4.9 0.9
4.9 1
4.9 1.1
4.9 1.2
4.9 1.3
4.9 1.4
4.9 1.5
4.9 1.6
4.9 1.7
4.9 1.8
4.9 1.9
4.9 2
4.9 2.1
4.9 2.2
4.9 2.3
4.9 2.4
4.9 2.5
4.9 2.6
4.9 2.7
4.9 2.8
4.9 4.7
5 0.1
5 0.2
5 0.3
5 0.4
5 0.5
5 0.6
5 0.7
5 0.8
5 2.5
5 2.6
5 2.7
5 2.8
5 2.9
5 3
5 3.1
5 3.2
5 3.3
5 3.4
5 3.5
5 3.6
5 3.7
5 3.8
5 3.9
5 4
5 4.1
5 4.2
5 4.3
5 4.4
5 4.5
5 4.6
5 4.7
bedroom: 3.85302 6.91074 1.5708 1 149
2.2 8.3
2.3 6.9
2.3 7
2.3 7.1
2.3 7.2
2.3 7.3
2.3 7.4
2.3 7.5
2.3 7.6
2.3 7.7
2.3 8
2.3 8.1
2.3 8.2
2.3 8.3
2.4 5
2.4 5.1
2.4 5.2
2.4 5.3
2.4 5.4
2.4 5.5
2.4 5.6
2.4 5.7
2.4 5.8
2.4 5.9
2.4 6
2.4 6.1
2.4 6.2
2.4 6.3
2.4 6.4
2.4 6.5
2.4 6.6
2.4 6.7
2.4 6.8
2.4 6.9
2.4 7
2.4 7.1
2.4 7.2
2.4 7.3
2.4 7.7
2.4 7.8
2.4 7.9
2.4 8
2.4 8.1
2.4 8.2
2.4 8.3
2.5 5
2.5 8.3
2.6 8.3
2.7 8.3
2.8 8.3
2.9 8.3
3 8.3
3.1 8.3
3.2 8.3
3.3 8.3
3.4 8.3
3.5 5
3.5 5.1
3.5 8.3
3.6 5.1
3.6 8.3
3.7 5.1
3.7 8.3
3.8 5.1
3.8 8.3
3.9 5.1
3.9 8.3
4 5.1
4 8.3
4.1 5.1
4.1 8.3
4.2 5.1
4.2 8.3
4.3 5.1
4.3 8.2
4.3 8.3
4.4 5.1
4.4 8.2
4.4 8.3
4.5 5.1
4.5 8.2
4.5 8.3
4.6 5.1
4.6 8.2
4.6 8.3
4.7 5.1
4.7 8.2
4.7 8.3
4.8 5.1
4.8 8.2
4.8 8.3
4.9 5
4.9 5.1
4.9 5.2
4.9 5.3
4.9 5.4
4.9 5.5
4.9 5.6
4.9 5.7
4.9 5.8
4.9 5.9
4.9 6
4.9 6.1
4.9 6.2
4.9 6.3
4.9 6.4
4.9 6.5
4.9 6.6
4.9 6.7
4.9 6.8
4.9 6.9
4.9 7
4.9 8.2
4.9 8.3
5 5.1
5 5.2
5 5.3
5 5.4
5 5.5
5 5.6
5 5.7
5 5.8
5 5.9
5 6.7
5 6.8
5 6.9
5 7
5 7.1
5 7.2
5 7.3
5 7.4
5 7.5
5 7.6
5 7.7
5 7.8
5 7.9
5 8
5 8.1
5 8.2
5 8.3
5.1 7.4
5.1 7.5
5.1 7.6
5.1 7.7
5.1 7.8
5.1 7.9
5.1 8
5.1 8.1
5.1 8.2
bed: 3.5 7.7 0 1 273
2.5 7.1
2.5 7.2
2.5 7.3
2.5 7.4
2.5 7.5
2.5 7.6
2.5 7.7
2.5 7.8
2.5 7.9
2.5 8
2.5 8.1
2.5 8.2
2.5 8.3
2.6 7.1
2.6 7.2
2.6 7.3
2.6 7.4
2.6 7.5
2.6 7.6
2.6 7.7
2.6 7.8
2.6 7.9
2.6 8
2.6 8.1
2.6 8.2
2.6 8.3
2.7 7.1
2.7 7.2
2.7 7.3
2.7 7.4
2.7 7.5
2.7 7.6
2.7 7.7
2.7 7.8
2.7 7.9
2.7 8
2.7 8.1
2.7 8.2
2.7 8.3
2.8 7.1
2.8 7.2
2.8 7.3
2.8 7.4
2.8 7.5
2.8 7.6
2.8 7.7
2.8 7.8
2.8 7.9
2.8 8
2.8 8.1
2.8 8.2
2.8 8.3
2.9 7.1
2.9 7.2
2.9 7.3
2.9 7.4
2.9 7.5
2.9 7.6
2.9 7.7
2.9 7.8
2.9 7.9
2.9 8
2.9 8.1
2.9 8.2
2.9 8.3
3 7.1
3 7.2
3 7.3
3 7.4
3 7.5
3 7.6
3 7.7
3 7.8
3 7.9
3 8
3 8.1
3 8.2
3 8.3
3.1 7.1
3.1 7.2
3.1 7.3
3.1 7.4
3.1 7.5
3.1 7.6
3.1 7.7
3.1 7.8
3.1 7.9
3.1 8
3.1 8.1
3.1 8.2
3.1 8.3
3.2 7.1
3.2 7.2
3.2 7.3
3.2 7.4
3.2 7.5
3.2 7.6
3.2 7.7
3.2 7.8
3.2 7.9
3.2 8
3.2 8.1
3.2 8.2
3.2 8.3
3.3 7.1
3.3 7.2
3.3 7.3
3.3 7.4
3.3 7.5
3.3 7.6
3.3 7.7
3.3 7.8
3.3 7.9
3.3 8
3.3 8.1
3.3 8.2
3.3 8.3
3.4 7.1
3.4 7.2
3.4 7.3
3.4 7.4
3.4 7.5
3.4 7.6
3.4 7.7
3.4 7.8
3.4 7.9
3.4 8
3.4 8.1
3.4 8.2
3.4 8.3
3.5 7.1
3.5 7.2
3.5 7.3
3.5 7.4
3.5 7.5
3.5 7.6
3.5 7.7
3.5 7.8
3.5 7.9
3.5 8
3.5 8.1
3.5 8.2
3.5 8.3
3.6 7.1
3.6 7.2
3.6 7.3
3.6 7.4
3.6 7.5
3.6 7.6
3.6 7.7
3.6 7.8
3.6 7.9
3.6 8
3.6 8.1
3.6 8.2
3.6 8.3
3.7 7.1
3.7 7.2
3.7 7.3
3.7 7.4
3.7 7.5
3.7 7.6
3.7 7.7
3.7 7.8
3.7 7.9
3.7 8
3.7 8.1
3.7 8.2
3.7 8.3
3.8 7.1
3.8 7.2
3.8 7.3
3.8 7.4
3.8 7.5
3.8 7.6
3.8 7.7
3.8 7.8
3.8 7.9
3.8 8
3.8 8.1
3.8 8.2
3.8 8.3
3.9 7.1
3.9 7.2
3.9 7.3
3.9 7.4
3.9 7.5
3.9 7.6
3.9 7.7
3.9 7.8
3.9 7.9
3.9 8
3.9 8.1
3.9 8.2
3.9 8.3
4 7.1
4 7.2
4 7.3
4 7.4
4 7.5
4 7.6
4 7.7
4 7.8
4 7.9
4 8
4 8.1
4 8.2
4 8.3
4.1 7.1
4.1 7.2
4.1 7.3
4.1 7.4
4.1 7.5
4.1 7.6
4.1 7.7
4.1 7.8
4.1 7.9
4.1 8
4.1 8.1
4.1 8.2
4.1 8.3
4.2 7.1
4.2 7.2
4.2 7.3
4.2 7.4
4.2 7.5
4.2 7.6
4.2 7.7
4.2 7.8
4.2 7.9
4.2 8
4.2 8.1
4.2 8.2
4.2 8.3
4.3 7.1
4.3 7.2
4.3 7.3
4.3 7.4
4.3 7.5
4.3 7.6
4.3 7.7
4.3 7.8
4.3 7.9
4.3 8
4.3 8.1
4.3 8.2
4.3 8.3
4.4 7.1
4.4 7.2
4.4 7.3
4.4 7.4
4.4 7.5
4.4 7.6
4.4 7.7
4.4 7.8
4.4 7.9
4.4 8
4.4 8.1
4.4 8.2
4.4 8.3
4.5 7.1
4.5 7.2
4.5 7.3
4.5 7.4
4.5 7.5
4.5 7.6
4.5 7.7
4.5 7.8
4.5 7.9
4.5 8
4.5 8.1
4.5 8.2
4.5 8.3
room: 3.72278 2.12342 1.5708 1 158
0.5 0.1
0.6 0.1
0.7 0.1
0.8 0.1
0.9 0.1
1.1 0.1
1.1 0.2
1.1 0.3
1.1 0.4
1.1 0.5
1.1 0.6
1.1 3.4
1.1 3.5
1.1 3.6
1.1 3.7
1.1 3.8
1.1 3.9
1.1 4
1.1 4.1
1.1 4.2
1.1 4.3
1.1 4.4
1.1 4.5
1.1 4.6
1.1 4.7
1.1 4.8
1.2 0.1
1.3 0.1
1.9 4.8
2 4.8
2.1 4.8
2.2 4.8
2.3 4.8
2.4 0
2.4 0.1
2.4 4.8
2.5 0.1
2.5 4.8
2.6 0.1
2.6 4.8
2.7 0.1
2.8 0.1
2.9 0.1
3 0.1
3.1 0.1
3.2 0.1
3.3 0.1
3.4 0.1
3.5 0.1
3.6 0.1
3.6 4.8
3.7 0
3.7 0.1
3.7 4.7
3.7 4.8
3.8 0
3.8 0.1
3.8 4.7
3.8 4.8
3.9 -0.1
3.9 0
3.9 0.1
3.9 4.7
3.9 4.8
4 -0.1
4 0.1
4 4.7
4 4.8
4.1 -0.1
4.1 0.1
4.1 4.7
4.1 4.8
4.2 -0.1
4.2 0.1
4.2 4.7
4.2 4.8
4.3 -0.1
4.3 0.1
4.3 4.7
4.3 4.8
4.4 -0.1
4.4 0.1
4.4 4.7
4.4 4.8
4.5 -0.1
4.5 0.1
4.5 4.7
4.6 -0.1
4.6 0.1
4.6 4.7
4.7 -0.1
4.7 0.1
4.7 4.7
4.8 -0.1
4.8 0
4.8 0.1
4.8 4.7
4.9 0
4.9 0.1
4.9 0.2
4.9 0.3
4.9 0.4
4.9 0.5
4.9 0.6
4.9 0.7
4.9 0.8
4.9 0.9
4.9 1
4.9 1.1
4.9 1.2
4.9 1.3
4.9 1.4
4.9 1.5
4.9 1.6
4.9 1.7
4.9 1.8
4.9 1.9
4.9 2
4.9 2.1
4.9 2.2
4.9 2.3
4.9 2.4
4.9 2.5
4.9 2.6
4.9 2.7
4.9 2.8
4.9 4.7
5 0.1
5 0.2
5 0.3
5 0.4
5 0.5
5 0.6
5 0.7
5 0.8
5 2.5
5 2.6
5 2.7
5 2.8
5 2.9
5 3
5 3.1
5 3.2
5 3.3
5 3.4
5 3.5
5 3.6
5 3.7
5 3.8
5 3.9
5 4
5 4.1
5 4.2
5 4.3
5 4.4
5 4.5
5 4.6
5 4.7
couch: 4.32246 1.66253 2.81961 0.912784 597
4.65874 2.61736
4.66045 2.56739
4.61048 2.56569
4.61218 2.51572
4.66215 2.51742
4.66386 2.46745
4.60877 2.61566
4.61389 2.46575
4.60706 2.66563
4.6156 2.41577
4.66557 2.41748
4.66727 2.36751
4.60535 2.7156
4.6173 2.3658
4.66898 2.31754
4.61901 2.31583
4.62072 2.26586
4.67069 2.26757
4.67239 2.2176
4.62242 2.21589
4.6741 2.16763
4.62413 2.16592
4.67581 2.11766
4.62584 2.11595
4.62754 2.06598
4.67752 2.06769
4.69117 1.66792
4.6412 1.66621
4.64291 1.61624
4.69288 1.61795
4.67922 2.01771
4.68946 1.71789
4.63949 1.71618
4.64461 1.56627
4.62925 2.01601
4.59123 1.6645
4.59294 1.61453
4.59464 1.56456
4.68776 1.76786
4.58952 1.71448
4.68093 1.96774
4.63779 1.76615
4.63096 1.96604
4.57928 2.0143
4.58782 1.76445
4.64632 1.5163
4.58099 1.96433
4.63267 1.91607
4.68264 1.91777
4.68605 1.81783
4.63608 1.81612
4.68434 1.8678
4.63437 1.86609
4.59635 1.51459
4.5827 1.91436
4.58611 1.81442
4.64803 1.46633
4.60365 2.76557
4.5844 1.86439
4.54467 1.56286
4.59806 1.46462
4.54297 1.61283
4.54638 1.51289
4.4947 1.56115
4.49299 1.61112
4.49641 1.51118
4.54809 1.46291
4.44473 1.55944
4.44302 1.60941
4.44644 1.50947
4.49812 1.46121
4.39476 1.55774
4.39305 1.60771
4.39647 1.50776
4.44814 1.4595
4.34479 1.55603
4.34308 1.606
4.3465 1.50606
4.39817 1.45779
4.29482 1.55432
4.29311 1.60429
4.29653 1.50435
4.3482 1.45609
4.44132 1.65938
4.24485 1.55261
4.24314 1.60259
4.24655 1.50264
4.29823 1.45438
4.39135 1.65768
4.34138 1.65597
4.19488 1.55091
4.19317 1.60088
4.19658 1.50094
4.2914 1.65426
4.24826 1.45267
4.24143 1.65256
4.19829 1.45097
4.65144 1.36639
4.65315 1.31642
4.65486 1.26644
4.65656 1.21647
4.65827 1.1665
4.65998 1.11653
4.66168 1.06656
4.66339 1.01659
4.6651 0.96662
4.6668 0.916649
4.66851 0.866678
4.67022 0.816707
4.67193 0.766736
4.67363 0.716765
4.67534 0.666794
4.60147 1.36468
4.60318 1.31471
4.60489 1.26474
4.60659 1.21477
4.6083 1.1648
4.61001 1.11483
4.61171 1.06485
4.61342 1.01488
4.61513 0.964913
4.61683 0.914942
4.61854 0.864971
4.62025 0.815
4.62195 0.765029
4.62366 0.715058
4.62537 0.665088
4.19146 1.65085
4.5515 1.36297
4.55321 1.313
4.55491 1.26303
4.55662 1.21306
4.55833 1.16309
4.56004 1.11312
4.56174 1.06315
4.56345 1.01318
4.56516 0.963206
4.56686 0.913235
4.56857 0.863264
4.57028 0.813293
4.57198 0.763322
4.57369 0.713351
4.26874 0.853022
4.27045 0.803051
4.5754 0.663381
4.21877 0.851315
4.22048 0.801344
4.50153 1.36127
4.50324 1.31129
4.50494 1.26132
4.50665 1.21135
4.50836 1.16138
4.51006 1.11141
4.51177 1.06144
4.51348 1.01147
4.51519 0.961499
4.51689 0.911528
4.5186 0.861557
4.52031 0.811586
4.52201 0.761615
4.26704 0.902993
4.52543 0.661674
4.60194 2.81554
4.45156 1.35956
4.45327 1.30959
4.45497 1.25962
4.45668 1.20965
4.45839 1.15968
4.46009 1.1097
4.4618 1.05973
4.46351 1.00976
4.46521 0.959792
4.46692 0.909821
4.46863 0.85985
4.47034 0.809879
4.47204 0.759908
4.17051 0.799637
4.47546 0.659967
4.1688 0.849608
4.47375 0.709938
4.40159 1.35785
4.40329 1.30788
4.405 1.25791
4.40671 1.20794
4.40842 1.15797
4.41012 1.108
4.41183 1.05803
4.41354 1.00806
4.41524 0.958085
4.41695 0.908114
4.41866 0.858143
4.42036 0.808172
4.42378 0.708231
4.42549 0.65826
4.35162 1.35614
4.35332 1.30617
4.35503 1.2562
4.35674 1.20623
4.35844 1.15626
4.36015 1.10629
4.36186 1.05632
4.36357 1.00635
4.36527 0.956378
4.36698 0.906407
4.36869 0.856436
4.37039 0.806465
4.37381 0.706524
4.37551 0.656553
4.30165 1.35444
4.30335 1.30447
4.30506 1.2545
4.30677 1.20453
4.30847 1.15455
4.31018 1.10458
4.31189 1.05461
4.31359 1.00464
4.3153 0.954671
4.31701 0.9047
4.31872 0.854729
4.32042 0.804758
4.32213 0.754788
4.32384 0.704817
4.32554 0.654846
4.25168 1.35273
4.25338 1.30276
4.25509 1.25279
4.2568 1.20282
4.2585 1.15285
4.26021 1.10288
4.26192 1.05291
4.26362 1.00293
4.26533 0.952964
4.27216 0.753081
4.27387 0.70311
4.27557 0.653139
4.1432 1.59917
4.14491 1.5492
4.14149 1.64914
4.2017 1.35102
4.20341 1.30105
4.20512 1.25108
4.20683 1.20111
4.20853 1.15114
4.21024 1.10117
4.21195 1.0512
4.21365 1.00123
4.21536 0.951257
4.21707 0.901286
4.22219 0.751374
4.2239 0.701403
4.2256 0.651432
4.55197 2.81383
4.55368 2.76386
4.55538 2.71389
4.55709 2.66392
4.5588 2.61395
4.5605 2.56398
4.56221 2.51401
4.56392 2.46404
4.56563 2.41407
4.56733 2.3641
4.56904 2.31413
4.57075 2.26415
4.57245 2.21418
4.57416 2.16421
4.57587 2.11424
4.57757 2.06427
4.15173 1.34932
4.15344 1.29935
4.15515 1.24938
4.15685 1.1994
4.15856 1.14943
4.16027 1.09946
4.16198 1.04949
4.16368 0.999521
4.16539 0.94955
4.1671 0.899579
4.17222 0.749667
4.17392 0.699696
4.17563 0.649725
4.50371 2.76216
4.50541 2.71219
4.50712 2.66221
4.50883 2.61224
4.51053 2.56227
4.51224 2.5123
4.51395 2.46233
4.51565 2.41236
4.51736 2.36239
4.51907 2.31242
4.52078 2.26245
4.52248 2.21248
4.52419 2.16251
4.5259 2.11254
4.5276 2.06256
4.52931 2.01259
4.53102 1.96262
4.53272 1.91265
4.53443 1.86268
4.53614 1.81271
4.53784 1.76274
4.53955 1.71277
4.54126 1.6628
4.45544 2.71048
4.45715 2.66051
4.45886 2.61054
4.46056 2.56057
4.46227 2.5106
4.46398 2.46062
4.46568 2.41065
4.46739 2.36068
4.4691 2.31071
4.4708 2.26074
4.47251 2.21077
4.47422 2.1608
4.47593 2.11083
4.47763 2.06086
4.47934 2.01089
4.48105 1.96092
4.48275 1.91094
4.48446 1.86097
4.48617 1.811
4.48787 1.76103
4.48958 1.71106
4.49129 1.66109
4.10176 1.34761
4.10347 1.29764
4.10518 1.24767
4.10688 1.1977
4.10859 1.14773
4.1103 1.09776
4.112 1.04778
4.11371 0.997814
4.11542 0.947843
4.11713 0.897872
4.11883 0.847901
4.12054 0.797931
4.12225 0.74796
4.12395 0.697989
4.12566 0.648018
4.10006 1.39758
4.09152 1.64744
4.09323 1.59746
4.09493 1.54749
4.40547 2.70877
4.40718 2.6588
4.40889 2.60883
4.41059 2.55886
4.4123 2.50889
4.41401 2.45892
4.41571 2.40895
4.41742 2.35898
4.41913 2.309
4.42083 2.25903
4.42254 2.20906
4.42425 2.15909
4.42595 2.10912
4.42766 2.05915
4.42937 2.00918
4.43108 1.95921
4.43278 1.90924
4.43449 1.85927
4.4362 1.8093
4.4379 1.75933
4.43961 1.70935
4.05009 1.39587
4.05179 1.3459
4.0535 1.29593
4.05521 1.24596
4.05691 1.19599
4.05862 1.14602
4.06033 1.09605
4.06203 1.04608
4.06374 0.996107
4.06545 0.946136
4.06715 0.896165
4.06886 0.846194
4.07057 0.796224
4.07228 0.746253
4.07398 0.696282
4.07569 0.646311
4.35721 2.65709
4.35891 2.60712
4.36062 2.55715
4.36233 2.50718
4.36403 2.45721
4.36574 2.40724
4.36745 2.35727
4.36916 2.3073
4.37086 2.25733
4.37257 2.20736
4.37428 2.15739
4.37598 2.10741
4.37769 2.05744
4.3794 2.00747
4.3811 1.9575
4.38281 1.90753
4.38452 1.85756
4.38623 1.80759
4.38793 1.75762
4.38964 1.70765
4.15003 1.39929
4.00011 1.39417
4.00182 1.3442
4.00353 1.29423
4.00523 1.24425
4.00694 1.19428
4.00865 1.14431
4.01036 1.09434
4.01206 1.04437
4.01377 0.9944
4.01548 0.944429
4.01718 0.894458
4.01889 0.844487
4.0206 0.794517
4.0223 0.744546
4.02401 0.694575
4.02572 0.644604
4.30724 2.65539
4.30894 2.60542
4.31065 2.55545
4.31236 2.50547
4.31406 2.4555
4.31577 2.40553
4.31748 2.35556
4.31918 2.30559
4.32089 2.25562
4.3226 2.20565
4.32431 2.15568
4.32601 2.10571
4.32772 2.05574
4.32943 2.00577
4.33113 1.95579
4.33284 1.90582
4.33455 1.85585
4.33625 1.80588
4.33796 1.75591
4.33967 1.70594
4.04155 1.64573
4.04326 1.59576
4.04496 1.54579
3.95014 1.39246
3.95185 1.34249
3.95356 1.29252
3.95526 1.24255
3.95697 1.19258
3.95868 1.14261
3.96038 1.09263
3.96209 1.04266
3.9638 0.992693
3.96551 0.942722
3.96721 0.892751
3.96892 0.842781
3.97063 0.79281
3.97233 0.742839
3.97404 0.692868
3.97575 0.642897
4.25897 2.60371
4.26068 2.55374
4.26239 2.50377
4.26409 2.4538
4.2658 2.40383
4.26751 2.35385
4.26921 2.30388
4.27092 2.25391
4.27263 2.20394
4.27433 2.15397
4.27604 2.104
4.27775 2.05403
4.27946 2.00406
4.28116 1.95409
4.28287 1.90412
4.28458 1.85415
4.28628 1.80418
4.28799 1.7542
4.2897 1.70423
3.99158 1.64402
3.99329 1.59405
3.99499 1.54408
4.209 2.602
4.21071 2.55203
4.21242 2.50206
4.21412 2.45209
4.21583 2.40212
4.21754 2.35215
4.21924 2.30218
4.22095 2.25221
4.22266 2.20224
4.22436 2.15226
4.22607 2.10229
4.22778 2.05232
4.22949 2.00235
4.23119 1.95238
4.2329 1.90241
4.23461 1.85244
4.23631 1.80247
4.23802 1.7525
4.23973 1.70253
3.94161 1.64231
3.94332 1.59234
3.94502 1.54237
4.16074 2.55032
4.16244 2.50035
4.16415 2.45038
4.16586 2.40041
4.16757 2.35044
4.16927 2.30047
4.17098 2.2505
4.17269 2.20053
4.17439 2.15056
4.1761 2.10059
4.17781 2.05062
4.17951 2.00064
4.18122 1.95067
4.18293 1.9007
4.18464 1.85073
4.18634 1.80076
4.18805 1.75079
4.18976 1.70082
4.11077 2.54862
4.11247 2.49865
4.11418 2.44868
4.11589 2.3987
4.11759 2.34873
4.1193 2.29876
4.12101 2.24879
4.12272 2.19882
4.12442 2.14885
4.12613 2.09888
4.12784 2.04891
4.12954 1.99894
4.13125 1.94897
4.13296 1.899
4.13466 1.84903
4.13637 1.79905
4.13808 1.74908
4.13978 1.69911
4.0625 2.49694
4.06421 2.44697
4.06592 2.397
4.06762 2.34703
4.06933 2.29706
4.07104 2.24709
4.07274 2.19711
4.07445 2.14714
4.07616 2.09717
4.07787 2.0472
4.07957 1.99723
4.08128 1.94726
4.08299 1.89729
4.08469 1.84732
4.0864 1.79735
4.08811 1.74738
4.08981 1.69741
4.01253 2.49523
4.01424 2.44526
4.01595 2.39529
4.01765 2.34532
4.01936 2.29535
4.02107 2.24538
4.02277 2.19541
4.02448 2.14544
4.02619 2.09547
4.02789 2.0455
4.0296 1.99552
4.03131 1.94555
4.03302 1.89558
4.03472 1.84561
4.03643 1.79564
4.03814 1.74567
4.03984 1.6957
3.96427 2.44355
3.96597 2.39358
3.96768 2.34361
3.96939 2.29364
3.9711 2.24367
3.9728 2.1937
3.97451 2.14373
3.97622 2.09376
3.97792 2.04379
3.97963 1.99382
3.98134 1.94385
3.98304 1.89388
3.98475 1.8439
3.98646 1.79393
3.98817 1.74396
3.98987 1.69399
3.92966 1.99211
3.93137 1.94214
3.93307 1.89217
3.93478 1.8422
3.93649 1.79223
3.93819 1.74226
3.9399 1.69229
3.92625 2.09205
3.92795 2.04208
3.92283 2.19199
