OR: -0.000781167 3.0052 4.39301 1.82468e-37 16
-0.150781 2.8552
-0.150781 2.9552
-0.150781 3.0552
-0.150781 3.1552
-0.0507812 2.8552
-0.0507812 2.9552
-0.0507812 3.0552
-0.0507812 3.1552
0.0492188 2.8552
0.0492188 2.9552
0.0492188 3.0552
0.0492188 3.1552
0.149219 2.8552
0.149219 2.9552
0.149219 3.0552
0.149219 3.1552
CR: 0.126134 2.64089 5.35951 0.5 16
-0.0238657 2.49089
-0.0238657 2.59089
-0.0238657 2.69089
-0.0238657 2.79089
0.0761343 2.49089
0.0761343 2.59089
0.0761343 2.69089
0.0761343 2.79089
0.176134 2.49089
0.176134 2.59089
0.176134 2.69089
0.176134 2.79089
0.276134 2.49089
0.276134 2.59089
0.276134 2.69089
0.276134 2.79089
meetingroom: 0.566326 6.78776 1.5708 2 98
-1.7 4.4
-1.7 4.5
-1.7 4.6
-1.7 4.7
-1.7 4.8
-1.7 4.9
-1.7 5
-1.7 5.1
-1.7 5.2
-1.7 5.3
-1.7 5.4
-1.7 5.5
-1.7 5.6
-1.7 5.7
-1.7 5.8
-1.7 5.9
-1.7 6
-1.7 6.1
-1.7 6.2
-1.7 6.3
-1.7 6.4
-1.7 6.5
-1.7 6.6
-1.7 6.7
-1.7 6.8
-1.7 6.9
-1.7 7
-0.2 7.3
-0.2 7.4
-0.2 7.5
-0.2 7.6
-0.2 7.7
-0.1 7.3
1.1 9.9
1.2 9.9
1.3 9.9
1.4 9.9
1.5 9.9
1.6 4
1.6 4.1
1.6 4.2
1.6 4.3
1.6 4.4
1.6 4.5
1.6 4.6
1.6 4.7
1.6 4.8
1.6 4.9
1.6 5
1.6 5.1
1.6 5.2
1.6 5.3
1.6 5.4
1.6 5.5
1.6 5.6
1.6 5.7
1.6 5.8
1.6 5.9
1.6 6
1.6 6.1
1.6 6.2
1.6 6.3
1.6 6.4
1.6 6.5
1.6 6.6
1.6 6.7
1.6 6.8
1.6 6.9
1.6 7
1.6 7.1
1.6 7.2
1.6 7.3
1.6 7.4
1.6 7.5
1.6 7.6
1.6 7.7
1.6 7.8
1.6 7.9
1.6 8
1.6 8.1
1.6 8.2
1.6 8.3
1.6 8.4
1.6 8.5
1.6 8.6
1.6 8.7
1.6 8.8
1.6 8.9
1.6 9
1.6 9.1
1.6 9.2
1.6 9.3
1.6 9.4
1.6 9.5
1.6 9.6
1.6 9.7
1.6 9.8
1.6 9.9
officeroom: 3.35496 7.01298 1.5708 2 131
1.9 5.1
1.9 5.2
1.9 5.3
1.9 5.5
1.9 5.6
1.9 5.7
1.9 5.8
1.9 5.9
1.9 6
1.9 6.1
1.9 6.2
1.9 6.3
1.9 6.4
1.9 6.5
1.9 6.6
1.9 6.7
1.9 6.8
1.9 6.9
1.9 7
1.9 7.1
1.9 7.2
1.9 7.3
1.9 7.4
1.9 7.5
1.9 7.6
1.9 7.7
1.9 7.8
1.9 7.9
1.9 8
1.9 8.1
1.9 8.2
2 5.5
2 7.4
2 7.5
2 7.6
2 7.7
2 7.8
2 7.9
2 8
2 8.1
2 8.2
2 8.3
2.1 5.5
2.1 8.2
2.2 8.2
2.3 8.2
2.4 8.2
2.5 8.2
2.6 8.2
2.7 8.2
2.8 8.2
2.9 8.2
3 8.2
3.1 5.6
3.1 8.2
3.2 5.6
3.2 8.2
3.3 5.6
3.3 8.2
3.4 5.6
3.4 8.2
3.5 5.6
3.5 8.2
3.6 5.6
3.6 8.2
3.7 5.6
3.7 8.2
3.8 5.6
3.8 8.2
3.9 5.5
3.9 5.6
3.9 8.2
4 5.5
4 5.6
4 8.1
4 8.2
4.1 5.5
4.1 5.6
4.1 8.1
4.1 8.2
4.2 5.5
4.2 5.6
4.2 8.1
4.2 8.2
4.3 5.5
4.3 5.6
4.3 8.2
4.4 5.5
4.4 5.6
4.4 8.1
4.4 8.2
4.5 5.5
4.5 5.6
4.5 8.1
4.5 8.2
4.6 5.5
4.6 5.6
4.6 5.7
4.6 5.8
4.6 5.9
4.6 6
4.6 6.1
4.6 6.2
4.6 6.3
4.6 6.4
4.6 6.5
4.6 6.6
4.6 6.7
4.6 6.8
4.6 6.9
4.6 7
4.6 7.1
4.6 7.2
4.6 7.3
4.6 7.4
4.6 7.5
4.6 7.6
4.6 7.7
4.6 7.8
4.6 7.9
4.6 8
4.6 8.1
4.6 8.2
4.7 7.4
4.7 7.5
4.7 7.6
4.7 7.7
4.7 7.8
4.7 7.9
4.7 8
4.7 8.1
livingroom: -0.129687 0.907812 -1.5708 2 128
-1.8 0.1
-1.8 0.2
-1.8 0.3
-1.8 0.4
-1.8 0.5
-1.8 0.6
-1.8 0.7
-1.8 0.8
-1.8 0.9
-1.8 1
-1.8 1.1
-1.8 1.2
-1.8 1.3
-1.8 1.4
-1.8 1.5
-1.8 1.6
-1.8 1.7
-1.8 1.8
-1.8 1.9
-1.7 0.1
-1.7 0.2
-1.7 0.3
-1.7 0.4
-1.7 0.5
-1.7 0.6
-1.7 0.7
-1.7 0.8
-1.7 0.9
-1.7 1
-1.7 1.1
-1.7 1.2
-1.7 1.3
-1.7 1.4
-1.7 1.5
-1.7 1.6
-1.7 1.7
-1.7 1.8
-1.7 1.9
-1.7 2
-1.7 2.1
-1.7 2.2
-1.7 2.3
-1.7 2.4
-1.7 2.5
-1.7 2.6
-1.7 2.7
-1.7 2.8
-1.7 2.9
-1.7 3
-1.7 3.1
-1.6 0.1
-1.5 0.1
-1.4 0.1
-1.3 0.1
-1.2 0.1
-1.1 0.1
-1 0.1
-0.9 0.1
-0.8 0.1
-0.7 0.1
-0.6 0.1
-0.5 0.1
-0.4 0.1
-0.3 0.1
-0.2 0.1
-0.1 0.1
0 0.1
0.1 0.1
0.2 0.1
0.3 0.1
0.4 0.1
0.5 0.1
0.6 0.1
0.7 0.1
0.8 0.1
0.9 0
0.9 0.1
1 0
1 0.1
1.1 0
1.1 0.1
1.2 0
1.2 0.1
1.3 0
1.3 0.1
1.4 0
1.4 0.1
1.5 0
1.5 0.1
1.6 0
1.6 0.1
1.6 0.2
1.6 0.3
1.6 0.4
1.6 0.5
1.6 0.6
1.6 0.7
1.6 0.8
1.6 0.9
1.6 1
1.6 1.1
1.6 1.2
1.6 1.3
1.6 1.4
1.6 1.5
1.6 1.6
1.6 1.7
1.6 1.8
1.6 1.9
1.6 2
1.6 2.1
1.6 2.2
1.6 2.3
1.6 2.4
1.6 2.5
1.6 2.6
1.6 2.7
1.7 0.1
1.7 0.2
1.7 0.3
1.7 0.4
1.7 0.5
1.7 0.6
1.7 0.7
1.7 0.8
1.7 0.9
1.7 1
1.7 1.1
bedroom: 3.25427 1.36899 -1.5708 2 129
1.8 0.2
1.8 0.3
1.8 0.4
1.8 0.5
1.8 0.6
1.8 0.7
1.8 0.8
1.8 0.9
1.8 1
1.9 0
1.9 0.1
1.9 0.2
1.9 0.3
1.9 0.4
1.9 0.5
1.9 0.6
1.9 0.7
1.9 0.8
1.9 0.9
1.9 1
1.9 1.1
1.9 1.2
1.9 1.3
1.9 1.4
1.9 1.5
1.9 1.6
1.9 1.7
1.9 1.8
1.9 1.9
1.9 2
1.9 2.1
1.9 2.2
1.9 2.3
1.9 2.4
1.9 2.5
1.9 2.6
1.9 2.7
1.9 2.8
1.9 2.9
2 0
2 0.1
2 0.2
2 2.9
2.1 0
2.1 0.1
2.1 2.9
2.2 0
2.2 0.1
2.3 0
2.3 0.1
2.4 0.1
2.5 0.1
2.6 0.1
2.7 0.1
2.8 0.1
2.9 0.1
3 0.1
3 2.8
3.1 0.1
3.1 2.8
3.2 0.1
3.2 2.8
3.3 0.1
3.3 2.8
3.4 0.1
3.4 2.8
3.5 0.1
3.5 2.8
3.6 0.1
3.6 2.8
3.7 0.1
3.7 2.8
3.8 0.1
3.8 2.8
3.9 0.1
3.9 2.8
4 0.1
4 2.8
4.1 0.1
4.1 2.8
4.1 2.9
4.2 0.1
4.2 2.8
4.2 2.9
4.3 0.1
4.3 2.8
4.3 2.9
4.4 0.1
4.4 2.8
4.4 2.9
4.5 0.1
4.5 2.6
4.5 2.7
4.5 2.8
4.5 2.9
4.6 0.1
4.6 0.2
4.6 0.3
4.6 0.4
4.6 0.5
4.6 0.6
4.6 0.7
4.6 0.8
4.6 0.9
4.6 1
4.6 1.1
4.6 1.2
4.6 1.3
4.6 1.4
4.6 1.5
4.6 1.6
4.6 1.7
4.6 1.8
4.6 1.9
4.6 2
4.6 2.1
4.6 2.2
4.6 2.3
4.6 2.4
4.6 2.5
4.6 2.6
4.6 2.7
4.6 2.8
4.6 2.9
4.7 0.4
4.7 2.5
4.7 2.6
4.7 2.7
4.7 2.8
bed: 3.5 0.75 3.1416 2 273
4.5 1.35
4.5 1.25
4.5 1.15
4.5 1.05
4.5 0.95
4.5 0.85
4.5 0.75
4.5 0.65
4.5 0.55
4.5 0.45
4.5 0.35
4.5 0.25
4.5 0.15
4.4 1.35
4.4 1.25
4.4 1.15
4.4 1.05
4.4 0.95
4.4 0.85
4.4 0.75
4.4 0.65
4.4 0.55
4.4 0.45
4.4 0.35
4.4 0.25
4.4 0.15
4.3 1.35
4.3 1.25
4.3 1.15
4.3 1.05
4.3 0.95
4.3 0.85
4.3 0.75
4.3 0.65
4.3 0.55
4.3 0.45
4.3 0.35
4.3 0.25
4.3 0.15
4.2 1.35
4.2 1.25
4.2 1.15
4.2 1.05
4.2 0.95
4.2 0.85
4.2 0.75
4.2 0.65
4.2 0.55
4.2 0.45
4.2 0.35
4.2 0.25
4.2 0.15
4.1 1.35
4.1 1.25
4.1 1.15
4.1 1.05
4.1 0.95
4.1 0.85
4.1 0.75
4.1 0.65
4.1 0.55
4.1 0.45
4.1 0.35
4.1 0.25
4.1 0.15
4 1.35
4 1.25
4 1.15
4 1.05
4 0.95
4 0.85
4 0.75
4 0.65
4 0.55
4 0.45
4 0.35
4 0.25
4 0.15
3.9 1.35
3.9 1.25
3.9 1.15
3.9 1.05
3.9 0.95
3.9 0.85
3.9 0.75
3.9 0.65
3.9 0.55
3.9 0.45
3.9 0.35
3.9 0.25
3.9 0.15
3.8 1.35
3.8 1.25
3.8 1.15
3.8 1.05
3.8 0.95
3.8 0.85
3.8 0.75
3.8 0.65
3.8 0.55
3.8 0.45
3.8 0.35
3.8 0.25
3.8 0.15
3.7 1.35
3.7 1.25
3.7 1.15
3.7 1.05
3.7 0.95
3.7 0.85
3.7 0.75
3.7 0.65
3.7 0.55
3.7 0.45
3.7 0.35
3.7 0.25
3.7 0.15
3.6 1.35
3.6 1.25
3.6 1.15
3.6 1.05
3.6 0.95
3.6 0.85
3.6 0.75
3.6 0.65
3.6 0.55
3.6 0.45
3.6 0.35
3.6 0.25
3.6 0.15
3.5 1.35
3.5 1.25
3.5 1.15
3.5 1.05
3.5 0.95
3.5 0.85
3.5 0.75
3.5 0.65
3.5 0.55
3.5 0.45
3.5 0.35
3.5 0.25
3.5 0.15
3.4 1.35
3.4 1.25
3.4 1.15
3.4 1.05
3.4 0.95
3.4 0.85
3.4 0.75
3.4 0.65
3.4 0.55
3.4 0.45
3.4 0.35
3.4 0.25
3.4 0.15
3.3 1.35
3.3 1.25
3.3 1.15
3.3 1.05
3.3 0.95
3.3 0.85
3.3 0.75
3.3 0.65
3.3 0.55
3.3 0.45
3.3 0.35
3.3 0.25
3.3 0.15
3.2 1.35
3.2 1.25
3.2 1.15
3.2 1.05
3.2 0.95
3.2 0.85
3.2 0.75
3.2 0.65
3.2 0.55
3.2 0.45
3.2 0.35
3.2 0.25
3.2 0.15
3.1 1.35
3.1 1.25
3.1 1.15
3.1 1.05
3.1 0.95
3.1 0.85
3.1 0.75
3.1 0.65
3.1 0.55
3.1 0.45
3.1 0.35
3.1 0.25
3.1 0.15
3 1.35
3 1.25
3 1.15
3 1.05
3 0.95
3 0.85
3 0.75
3 0.65
3 0.55
3 0.45
3 0.35
3 0.25
3 0.15
2.9 1.35
2.9 1.25
2.9 1.15
2.9 1.05
2.9 0.95
2.9 0.85
2.9 0.75
2.9 0.65
2.9 0.55
2.9 0.45
2.9 0.35
2.9 0.25
2.9 0.15
2.8 1.35
2.8 1.25
2.8 1.15
2.8 1.05
2.8 0.95
2.8 0.85
2.8 0.75
2.8 0.65
2.8 0.55
2.8 0.45
2.8 0.35
2.8 0.25
2.8 0.15
2.7 1.35
2.7 1.25
2.7 1.15
2.7 1.05
2.7 0.95
2.7 0.85
2.7 0.75
2.7 0.65
2.7 0.55
2.7 0.45
2.7 0.35
2.7 0.25
2.7 0.15
2.6 1.35
2.6 1.25
2.6 1.15
2.6 1.05
2.6 0.95
2.6 0.85
2.6 0.75
2.6 0.65
2.6 0.55
2.6 0.45
2.6 0.35
2.6 0.25
2.6 0.15
2.5 1.35
2.5 1.25
2.5 1.15
2.5 1.05
2.5 0.95
2.5 0.85
2.5 0.75
2.5 0.65
2.5 0.55
2.5 0.45
2.5 0.35
2.5 0.25
2.5 0.15
room: -0.129687 0.907812 -1.5708 2 128
-1.8 0.1
-1.8 0.2
-1.8 0.3
-1.8 0.4
-1.8 0.5
-1.8 0.6
-1.8 0.7
-1.8 0.8
-1.8 0.9
-1.8 1
-1.8 1.1
-1.8 1.2
-1.8 1.3
-1.8 1.4
-1.8 1.5
-1.8 1.6
-1.8 1.7
-1.8 1.8
-1.8 1.9
-1.7 0.1
-1.7 0.2
-1.7 0.3
-1.7 0.4
-1.7 0.5
-1.7 0.6
-1.7 0.7
-1.7 0.8
-1.7 0.9
-1.7 1
-1.7 1.1
-1.7 1.2
-1.7 1.3
-1.7 1.4
-1.7 1.5
-1.7 1.6
-1.7 1.7
-1.7 1.8
-1.7 1.9
-1.7 2
-1.7 2.1
-1.7 2.2
-1.7 2.3
-1.7 2.4
-1.7 2.5
-1.7 2.6
-1.7 2.7
-1.7 2.8
-1.7 2.9
-1.7 3
-1.7 3.1
-1.6 0.1
-1.5 0.1
-1.4 0.1
-1.3 0.1
-1.2 0.1
-1.1 0.1
-1 0.1
-0.9 0.1
-0.8 0.1
-0.7 0.1
-0.6 0.1
-0.5 0.1
-0.4 0.1
-0.3 0.1
-0.2 0.1
-0.1 0.1
0 0.1
0.1 0.1
0.2 0.1
0.3 0.1
0.4 0.1
0.5 0.1
0.6 0.1
0.7 0.1
0.8 0.1
0.9 0
0.9 0.1
1 0
1 0.1
1.1 0
1.1 0.1
1.2 0
1.2 0.1
1.3 0
1.3 0.1
1.4 0
1.4 0.1
1.5 0
1.5 0.1
1.6 0
1.6 0.1
1.6 0.2
1.6 0.3
1.6 0.4
1.6 0.5
1.6 0.6
1.6 0.7
1.6 0.8
1.6 0.9
1.6 1
1.6 1.1
1.6 1.2
1.6 1.3
1.6 1.4
1.6 1.5
1.6 1.6
1.6 1.7
1.6 1.8
1.6 1.9
1.6 2
1.6 2.1
1.6 2.2
1.6 2.3
1.6 2.4
1.6 2.5
1.6 2.6
1.6 2.7
1.7 0.1
1.7 0.2
1.7 0.3
1.7 0.4
1.7 0.5
1.7 0.6
1.7 0.7
1.7 0.8
1.7 0.9
1.7 1
1.7 1.1
table: -0.942119 2.22371 -1 0.911679 243
-1.14903 1.83866
-1.18483 1.87356
-1.22064 1.90846
-1.11322 1.80376
-1.25645 1.94335
-1.07832 1.83957
-1.11413 1.87447
-0.93964 2.0535
-1.14994 1.90936
-1.18574 1.94426
-1.22155 1.97916
-1.25736 2.01406
-0.903833 2.0186
-1.29316 2.04896
-1.32897 2.08385
-1.04252 1.80467
-0.868935 2.05441
-0.904742 2.08931
-1.36478 2.11875
-0.940549 2.12421
-1.00762 1.84048
-1.04343 1.87538
-1.11504 1.94517
-1.15085 1.98007
-1.18665 2.01497
-1.22246 2.04987
-1.25827 2.08476
-1.29407 2.11966
-1.32988 2.15456
-1.36569 2.18946
-1.40149 2.22436
-0.971811 1.80558
-0.936913 1.84139
-0.97272 1.87628
-1.00853 1.91118
-1.08014 1.98098
-1.11595 2.01588
-1.15175 2.05077
-1.18756 2.08567
-1.22337 2.12057
-1.25918 2.15547
-1.29498 2.19037
-1.33079 2.22526
-1.3666 2.26016
-0.901106 1.80649
-0.866209 1.8423
-0.902015 1.87719
-0.937822 1.91209
-0.973629 1.94699
-1.04524 2.01679
-1.08105 2.05168
-1.11686 2.08658
-1.15266 2.12148
-1.18847 2.15638
-1.22428 2.19128
-1.26008 2.22617
-1.29589 2.26107
-1.3317 2.29597
-0.869844 2.12512
-0.830402 1.8074
-1.3675 2.33087
-0.795504 1.8432
-0.831311 1.8781
-0.867117 1.913
-0.902924 1.9479
-0.938731 1.9828
-1.01034 2.05259
-1.04615 2.08749
-1.08196 2.12239
-1.11777 2.15729
-1.15357 2.19218
-1.18938 2.22708
-1.22519 2.26198
-1.26099 2.29688
-1.2968 2.33178
-1.33261 2.36667
-0.759697 1.80831
-0.724799 1.84411
-0.760606 1.87901
-0.796413 1.91391
-0.832219 1.94881
-0.868026 1.98371
-0.975447 2.0884
-1.01125 2.1233
-1.04706 2.1582
-1.08287 2.19309
-1.11867 2.22799
-1.15448 2.26289
-1.19029 2.29779
-1.2261 2.33268
-1.2619 2.36758
-1.29771 2.40248
-0.689901 1.87992
-0.725708 1.91482
-0.761515 1.94972
-0.797321 1.98461
-0.833128 2.01951
-0.976356 2.1591
-1.01216 2.194
-1.04797 2.2289
-1.08378 2.2638
-1.11958 2.2987
-1.15539 2.33359
-1.1912 2.36849
-1.227 2.40339
-1.26281 2.43829
-0.655003 1.91573
-0.69081 1.95063
-0.726617 1.98552
-0.762424 2.02042
-0.79823 2.05532
-0.834037 2.09022
-0.905651 2.16001
-0.941458 2.19491
-0.977265 2.22981
-1.01307 2.26471
-1.04888 2.2996
-1.08469 2.3345
-1.12049 2.3694
-1.1563 2.4043
-1.19211 2.4392
-1.22791 2.47409
-1.26372 2.50899
-0.620105 1.95153
-0.655912 1.98643
-0.691719 2.02133
-0.727526 2.05623
-0.763332 2.09113
-0.799139 2.12602
-0.834946 2.16092
-0.870753 2.19582
-0.90656 2.23072
-0.942367 2.26562
-0.978174 2.30051
-1.01398 2.33541
-1.04979 2.37031
-1.08559 2.40521
-1.1214 2.44011
-1.15721 2.475
-1.19301 2.5099
-1.22882 2.5448
-0.621014 2.02224
-0.656821 2.05714
-0.692628 2.09203
-0.728434 2.12693
-0.764241 2.16183
-0.800048 2.19673
-0.835855 2.23163
-0.871662 2.26652
-0.907469 2.30142
-0.943276 2.33632
-0.979083 2.37122
-1.01489 2.40612
-1.0507 2.44101
-1.0865 2.47591
-1.12231 2.51081
-1.15812 2.54571
-1.19392 2.58061
-0.586116 2.05805
-0.621923 2.09294
-0.65773 2.12784
-0.693537 2.16274
-0.729343 2.19764
-0.76515 2.23254
-0.800957 2.26743
-0.836764 2.30233
-0.872571 2.33723
-0.908378 2.37213
-0.944185 2.40703
-0.979991 2.44192
-1.0158 2.47682
-1.05161 2.51172
-1.08741 2.54662
-1.12322 2.58152
-1.15903 2.61641
-0.551218 2.09385
-0.587025 2.12875
-0.622832 2.16365
-0.658638 2.19855
-0.694445 2.23344
-0.730252 2.26834
-0.766059 2.30324
-0.801866 2.33814
-0.837673 2.37304
-0.87348 2.40793
-0.909287 2.44283
-0.945094 2.47773
-0.9809 2.51263
-1.01671 2.54753
-1.05251 2.58242
-1.08832 2.61732
-0.51632 2.12966
-0.552127 2.16456
-0.587934 2.19946
-0.623741 2.23435
-0.659547 2.26925
-0.695354 2.30415
-0.731161 2.33905
-0.766968 2.37395
-0.802775 2.40884
-0.838582 2.44374
-0.874389 2.47864
-0.910196 2.51354
-0.946002 2.54844
-0.981809 2.58333
-1.01762 2.61823
-0.517229 2.20036
-0.553036 2.23526
-0.588843 2.27016
-0.624649 2.30506
-0.660456 2.33996
-0.696263 2.37485
-0.73207 2.40975
-0.767877 2.44465
-0.803684 2.47955
-0.839491 2.51445
-0.875298 2.54934
-0.911105 2.58424
-0.946911 2.61914
-0.482331 2.23617
-0.518138 2.27107
-0.553945 2.30597
-0.589751 2.34087
-0.625558 2.37576
-0.661365 2.41066
-0.697172 2.44556
-0.732979 2.48046
-0.768786 2.51536
-0.804593 2.55025
-0.8404 2.58515
-0.876206 2.62005
-0.554854 2.37667
-0.59066 2.41157
-0.626467 2.44647
-0.662274 2.48137
-0.698081 2.51626
-0.733888 2.55116
-0.769695 2.58606
-0.805502 2.62096
-0.627376 2.51717
-0.663183 2.55207
-0.69899 2.58697
-0.734797 2.62187
table: -1.31815 0.68047 -1 0.598875 84
-1.27538 0.424953
-1.32285 0.440652
-1.37032 0.456351
-1.41779 0.47205
-1.46527 0.487748
-1.25968 0.472425
-1.30715 0.488123
-1.35462 0.503822
-1.4021 0.519521
-1.44957 0.53522
-1.49704 0.550919
-1.21221 0.456726
-1.24398 0.519896
-1.29145 0.535595
-1.33893 0.551294
-1.3864 0.566993
-1.43387 0.582691
-1.48134 0.59839
-1.54451 0.566618
-1.19651 0.504197
-1.52881 0.614089
-1.13334 0.53597
-1.18081 0.551669
-1.22828 0.567368
-1.27575 0.583066
-1.32323 0.598765
-1.3707 0.614464
-1.41817 0.630163
-1.46564 0.645862
-1.51311 0.661561
-1.56058 0.67726
-1.11764 0.583441
-1.16511 0.59914
-1.21258 0.614839
-1.26006 0.630538
-1.30753 0.646237
-1.355 0.661936
-1.40247 0.677634
-1.44994 0.693333
-1.49741 0.709032
-1.54489 0.724731
-1.10194 0.630913
-1.14941 0.646612
-1.19689 0.662311
-1.24436 0.67801
-1.29183 0.693708
-1.3393 0.709407
-1.38677 0.725106
-1.43424 0.740805
-1.48171 0.756504
-1.52919 0.772203
-1.08624 0.678385
-1.13372 0.694083
-1.18119 0.709782
-1.22866 0.725481
-1.27613 0.74118
-1.3236 0.756879
-1.37107 0.772578
-1.41854 0.788276
-1.46602 0.803975
-1.51349 0.819674
-1.07054 0.725856
-1.11802 0.741555
-1.16549 0.757254
-1.21296 0.772953
-1.26043 0.788651
-1.3079 0.80435
-1.35537 0.820049
-1.40285 0.835748
-1.45032 0.851447
-1.10232 0.789026
-1.14979 0.804725
-1.19726 0.820424
-1.24473 0.836123
-1.2922 0.851822
-1.33968 0.867521
-1.38715 0.883219
-1.43462 0.898918
-1.13409 0.852197
-1.18156 0.867896
-1.22903 0.883595
-1.2765 0.899293
-1.32398 0.914992
-1.37145 0.930691
bed: 3.5 0.75 3.1416 2 273
4.5 1.35
4.5 1.25
4.5 1.15
4.5 1.05
4.5 0.95
4.5 0.85
4.5 0.75
4.5 0.65
4.5 0.55
4.5 0.45
4.5 0.35
4.5 0.25
4.5 0.15
4.4 1.35
4.4 1.25
4.4 1.15
4.4 1.05
4.4 0.95
4.4 0.85
4.4 0.75
4.4 0.65
4.4 0.55
4.4 0.45
4.4 0.35
4.4 0.25
4.4 0.15
4.3 1.35
4.3 1.25
4.3 1.15
4.3 1.05
4.3 0.95
4.3 0.85
4.3 0.75
4.3 0.65
4.3 0.55
4.3 0.45
4.3 0.35
4.3 0.25
4.3 0.15
4.2 1.35
4.2 1.25
4.2 1.15
4.2 1.05
4.2 0.95
4.2 0.85
4.2 0.75
4.2 0.65
4.2 0.55
4.2 0.45
4.2 0.35
4.2 0.25
4.2 0.15
4.1 1.35
4.1 1.25
4.1 1.15
4.1 1.05
4.1 0.95
4.1 0.85
4.1 0.75
4.1 0.65
4.1 0.55
4.1 0.45
4.1 0.35
4.1 0.25
4.1 0.15
4 1.35
4 1.25
4 1.15
4 1.05
4 0.95
4 0.85
4 0.75
4 0.65
4 0.55
4 0.45
4 0.35
4 0.25
4 0.15
3.9 1.35
3.9 1.25
3.9 1.15
3.9 1.05
3.9 0.95
3.9 0.85
3.9 0.75
3.9 0.65
3.9 0.55
3.9 0.45
3.9 0.35
3.9 0.25
3.9 0.15
3.8 1.35
3.8 1.25
3.8 1.15
3.8 1.05
3.8 0.95
3.8 0.85
3.8 0.75
3.8 0.65
3.8 0.55
3.8 0.45
3.8 0.35
3.8 0.25
3.8 0.15
3.7 1.35
3.7 1.25
3.7 1.15
3.7 1.05
3.7 0.95
3.7 0.85
3.7 0.75
3.7 0.65
3.7 0.55
3.7 0.45
3.7 0.35
3.7 0.25
3.7 0.15
3.6 1.35
3.6 1.25
3.6 1.15
3.6 1.05
3.6 0.95
3.6 0.85
3.6 0.75
3.6 0.65
3.6 0.55
3.6 0.45
3.6 0.35
3.6 0.25
3.6 0.15
3.5 1.35
3.5 1.25
3.5 1.15
3.5 1.05
3.5 0.95
3.5 0.85
3.5 0.75
3.5 0.65
3.5 0.55
3.5 0.45
3.5 0.35
3.5 0.25
3.5 0.15
3.4 1.35
3.4 1.25
3.4 1.15
3.4 1.05
3.4 0.95
3.4 0.85
3.4 0.75
3.4 0.65
3.4 0.55
3.4 0.45
3.4 0.35
3.4 0.25
3.4 0.15
3.3 1.35
3.3 1.25
3.3 1.15
3.3 1.05
3.3 0.95
3.3 0.85
3.3 0.75
3.3 0.65
3.3 0.55
3.3 0.45
3.3 0.35
3.3 0.25
3.3 0.15
3.2 1.35
3.2 1.25
3.2 1.15
3.2 1.05
3.2 0.95
3.2 0.85
3.2 0.75
3.2 0.65
3.2 0.55
3.2 0.45
3.2 0.35
3.2 0.25
3.2 0.15
3.1 1.35
3.1 1.25
3.1 1.15
3.1 1.05
3.1 0.95
3.1 0.85
3.1 0.75
3.1 0.65
3.1 0.55
3.1 0.45
3.1 0.35
3.1 0.25
3.1 0.15
3 1.35
3 1.25
3 1.15
3 1.05
3 0.95
3 0.85
3 0.75
3 0.65
3 0.55
3 0.45
3 0.35
3 0.25
3 0.15
2.9 1.35
2.9 1.25
2.9 1.15
2.9 1.05
2.9 0.95
2.9 0.85
2.9 0.75
2.9 0.65
2.9 0.55
2.9 0.45
2.9 0.35
2.9 0.25
2.9 0.15
2.8 1.35
2.8 1.25
2.8 1.15
2.8 1.05
2.8 0.95
2.8 0.85
2.8 0.75
2.8 0.65
2.8 0.55
2.8 0.45
2.8 0.35
2.8 0.25
2.8 0.15
2.7 1.35
2.7 1.25
2.7 1.15
2.7 1.05
2.7 0.95
2.7 0.85
2.7 0.75
2.7 0.65
2.7 0.55
2.7 0.45
2.7 0.35
2.7 0.25
2.7 0.15
2.6 1.35
2.6 1.25
2.6 1.15
2.6 1.05
2.6 0.95
2.6 0.85
2.6 0.75
2.6 0.65
2.6 0.55
2.6 0.45
2.6 0.35
2.6 0.25
2.6 0.15
2.5 1.35
2.5 1.25
2.5 1.15
2.5 1.05
2.5 0.95
2.5 0.85
2.5 0.75
2.5 0.65
2.5 0.55
2.5 0.45
2.5 0.35
2.5 0.25
2.5 0.15
chair: -0.651136 0.652224 0.313811 0.101524 140
-0.739701 0.2528
-0.704803 0.288607
-0.74061 0.323505
-0.775508 0.287698
-0.668996 0.253709
-0.811314 0.322596
-0.669905 0.324414
-0.776416 0.358403
-0.634098 0.289516
-0.810405 0.251891
-0.846212 0.286789
-0.882019 0.321687
-0.5992 0.325323
-0.847121 0.357494
-0.812223 0.393301
-0.882928 0.392392
-0.777325 0.429108
-0.84803 0.428199
-0.741519 0.39421
-0.813132 0.464006
-0.778234 0.499813
-0.848939 0.498904
-0.883837 0.463097
-0.742427 0.464915
-0.814041 0.534711
-0.705712 0.359312
-0.884746 0.533802
-0.743336 0.535619
-0.779143 0.570518
-0.849848 0.569609
-0.81495 0.605416
-0.706621 0.430017
-0.780052 0.641222
-0.850757 0.640313
-0.885655 0.604507
-0.744245 0.606324
-0.707529 0.500722
-0.815859 0.67612
-0.886564 0.675211
-0.745154 0.677029
-0.780961 0.711927
-0.851666 0.711018
-0.816768 0.746825
-0.708438 0.571426
-0.887473 0.745916
-0.709347 0.642131
-0.746063 0.747734
-0.922371 0.710109
-0.710256 0.712836
-0.78187 0.782632
-0.817677 0.81753
-0.711165 0.783541
-0.746972 0.818439
-0.563393 0.290425
-0.782779 0.853337
-0.528495 0.326232
-0.818586 0.888235
-0.712074 0.854246
-0.747881 0.889144
-0.783688 0.924042
-0.819495 0.95894
-0.712983 0.924951
-0.74879 0.959849
-0.784597 0.994746
-0.635007 0.360221
-0.670814 0.395119
-0.564302 0.36113
-0.600109 0.396028
-0.635916 0.430926
-0.671723 0.465824
-0.529404 0.396937
-0.565211 0.431834
-0.601018 0.466733
-0.636825 0.501631
-0.672632 0.536528
-0.494506 0.432743
-0.530313 0.467641
-0.56612 0.502539
-0.601927 0.537437
-0.637734 0.572335
-0.67354 0.607233
-0.495415 0.503448
-0.531222 0.538346
-0.567029 0.573244
-0.602836 0.608142
-0.638643 0.64304
-0.674449 0.677938
-0.460517 0.539255
-0.496324 0.574153
-0.532131 0.609051
-0.567937 0.643949
-0.603744 0.678847
-0.639551 0.713745
-0.675358 0.748643
-0.461426 0.60996
-0.497233 0.644858
-0.53304 0.679756
-0.568846 0.714654
-0.604653 0.749552
-0.64046 0.78445
-0.676267 0.819348
-0.426528 0.645767
-0.462335 0.680665
-0.498142 0.715563
-0.533949 0.750461
-0.569755 0.785359
-0.605562 0.820257
-0.641369 0.855155
-0.677176 0.890053
-0.427437 0.716472
-0.463244 0.75137
-0.499051 0.786268
-0.534857 0.821166
-0.570664 0.856064
-0.606471 0.890962
-0.642278 0.92586
-0.678085 0.960757
-0.713892 0.995656
-0.428346 0.787177
-0.464153 0.822075
-0.499959 0.856972
-0.535766 0.89187
-0.571573 0.926769
-0.60738 0.961666
-0.643187 0.996564
-0.393448 0.822984
-0.429255 0.857881
-0.465062 0.892779
-0.500868 0.927677
-0.536675 0.962575
-0.572482 0.997473
-0.394357 0.893688
-0.430163 0.928586
-0.46597 0.963484
-0.501777 0.998382
-0.359459 0.929495
-0.395266 0.964393
-0.431073 0.999291
-0.360368 1.0002
-0.324561 0.965302
couch: 1.11503 2.16941 3.05904 1 597
1.47778 2.18639
1.45015 2.14471
1.42252 2.10304
1.4642 2.07541
1.4361 2.21401
1.40848 2.17234
1.38085 2.13066
1.3949 2.06136
1.43657 2.03374
1.46373 2.25569
1.39443 2.24164
1.36727 2.01969
1.40895 1.99206
1.42205 2.28331
1.49135 2.29736
1.44968 2.32499
1.38132 1.95039
1.3668 2.19996
1.423 1.92276
1.38038 2.31094
1.408 2.35262
1.39537 1.88109
1.4773 2.36667
1.43563 2.39429
1.36775 1.83941
1.40942 1.81178
1.46325 2.43597
1.39395 2.42192
1.42158 2.46359
1.3818 1.77011
1.49088 2.47764
1.4492 2.50527
1.42347 1.74248
1.3799 2.49122
1.36633 2.38024
1.45252 1.24333
1.4942 1.2157
1.40753 2.53289
1.39585 1.70081
1.48015 1.285
1.42489 1.20165
1.43847 1.31263
1.41084 1.27095
1.38322 1.22928
1.47683 2.54694
1.4661 1.3543
1.3968 1.34025
1.36917 1.29858
1.39727 1.15998
1.43515 2.57457
1.42442 1.38193
1.35559 1.1876
1.36964 1.1183
1.36822 1.65913
1.49372 1.39598
1.45205 1.42361
1.32797 1.14593
1.41132 1.09068
1.4099 1.63151
1.38275 1.40956
1.28629 1.17355
1.39348 2.60219
1.46562 1.53458
1.47967 1.46528
1.41037 1.45123
1.31392 1.21523
1.46278 2.61624
1.38227 1.58983
1.42395 1.56221
1.438 1.49291
1.30034 1.10425
1.39632 1.52053
1.3687 1.47886
1.34154 1.2569
1.24462 1.20118
1.21699 1.1595
1.25867 1.13188
1.27224 1.24285
1.4211 2.64387
1.20294 1.2288
1.17532 1.18713
1.18937 1.11783
1.14769 1.14545
1.4904 2.65792
1.10602 1.17308
1.13364 1.21475
1.44873 2.68554
1.12007 1.10378
1.23057 1.27048
1.16127 1.25643
1.06434 1.20071
1.07839 1.1314
1.37943 2.67149
1.03672 1.15903
1.09197 1.24238
1.40705 2.71317
0.99504 1.18666
1.05077 1.08973
1.47635 2.72722
1.02267 1.22833
1.00909 1.11735
1.46183 2.9768
1.48946 3.01847
1.42015 3.00442
1.43468 2.75484
1.44778 3.0461
1.4623 2.79652
0.981464 1.07568
1.39253 2.96275
1.4342 2.93512
1.393 2.78247
1.05029 1.27001
1.37848 3.03205
1.40611 3.07372
1.47588 2.9075
1.48993 2.8382
1.42063 2.82415
1.44825 2.86582
1.40658 2.89345
1.47541 3.08777
1.37895 2.85177
1.02314 1.04805
1.43373 3.1154
1.36443 3.10135
1.3368 3.05967
1.35085 2.99037
0.98099 1.25596
0.967414 1.14498
1.30918 3.018
0.953365 1.21428
1.39206 3.14302
1.29513 3.0873
1.2675 3.04562
1.32275 3.12897
0.925739 1.17261
1.46136 3.15707
1.28155 2.97632
1.32323 2.9487
1.23988 3.00395
1.25345 3.11492
1.22583 3.07325
0.911689 1.24191
1.1982 3.03157
0.884064 1.20023
0.898114 1.13093
1.15653 3.0592
1.21225 2.96227
1.18415 3.10087
1.17058 2.9899
0.856438 1.15856
1.28108 3.1566
1.1289 3.01752
0.870014 1.26953
0.842389 1.22786
0.814763 1.18618
1.21178 3.14255
0.787138 1.14451
1.11485 3.08683
0.800713 1.25548
0.773088 1.21381
0.745462 1.17213
1.35512 1.36788
1.32749 1.32621
1.29987 1.28453
1.08723 3.04515
1.14248 3.1285
0.731412 1.24143
1.10128 2.97585
1.34107 1.43718
1.31344 1.39551
1.28582 1.35383
1.25819 1.31216
1.14295 2.94822
1.0596 3.00347
1.35465 1.54816
1.32702 1.50648
1.29939 1.46481
1.27177 1.42313
1.24414 1.38146
1.21652 1.33978
1.18889 1.29811
1.07318 3.11445
1.04555 3.07278
1.3406 1.61746
1.31297 1.57578
1.28535 1.53411
1.25772 1.49243
1.23009 1.45076
1.20247 1.40908
1.17484 1.36741
1.14722 1.32573
1.11959 1.28406
1.01793 3.0311
1.35417 1.72843
1.32655 1.68676
1.29892 1.64508
1.2713 1.60341
1.24367 1.56173
1.21604 1.52006
1.18842 1.47838
1.16079 1.43671
1.13317 1.39503
1.10554 1.35336
1.07792 1.31168
1.03198 2.9618
1.34012 1.79774
1.3125 1.75606
1.28487 1.71438
1.25725 1.67271
1.22962 1.63103
1.20199 1.58936
1.17437 1.54768
1.14674 1.50601
1.11912 1.46433
1.09149 1.42266
1.06387 1.38098
1.03624 1.33931
1.00862 1.29763
1.00388 3.1004
0.97625 3.05873
0.9903 2.98942
1.1008 3.15613
1.3537 1.90871
1.32607 1.86704
1.29845 1.82536
1.27082 1.78369
1.2432 1.74201
1.21557 1.70033
1.18794 1.65866
1.16032 1.61698
1.13269 1.57531
1.10507 1.53363
1.07744 1.49196
1.04982 1.45028
1.02219 1.40861
0.994566 1.36693
0.96694 1.32526
0.939315 1.28358
1.0315 3.14208
1.33965 1.97801
1.31202 1.93634
1.2844 1.89466
1.25677 1.85299
1.22915 1.81131
1.20152 1.76964
1.1739 1.72796
1.14627 1.68628
1.11864 1.64461
1.09102 1.60293
1.06339 1.56126
1.03577 1.51958
1.00814 1.47791
0.980516 1.43623
0.952891 1.39456
0.925265 1.35288
0.89764 1.31121
1.35322 2.08899
1.3256 2.04731
1.29797 2.00564
1.27035 1.96396
1.24272 1.92229
1.2151 1.88061
1.18747 1.83894
1.15985 1.79726
1.13222 1.75559
1.10459 1.71391
1.07697 1.67224
1.04934 1.63056
1.02172 1.58888
0.994092 1.54721
0.966467 1.50553
0.938841 1.46386
0.911216 1.42218
0.88359 1.38051
0.855964 1.33883
0.828339 1.29716
1.33917 2.15829
1.31155 2.11661
1.28392 2.07494
1.2563 2.03326
1.22867 1.99159
1.20105 1.94991
1.17342 1.90824
1.1458 1.86656
1.11817 1.82489
1.09054 1.78321
1.06292 1.74154
1.03529 1.69986
1.00767 1.65819
0.980042 1.61651
0.952417 1.57483
0.924791 1.53316
0.897166 1.49148
0.86954 1.44981
0.841915 1.40813
0.814289 1.36646
0.786664 1.32478
0.759038 1.28311
1.35275 2.26927
1.32512 2.22759
1.2975 2.18591
1.26987 2.14424
1.24225 2.10256
1.21462 2.06089
1.187 2.01921
1.15937 1.97754
1.13175 1.93586
1.10412 1.89419
1.07649 1.85251
1.04887 1.81084
1.02124 1.76916
0.993618 1.72749
0.965992 1.68581
0.938367 1.64414
0.827865 1.47743
0.800239 1.43576
0.772614 1.39408
0.744988 1.35241
1.3387 2.33857
1.31107 2.29689
1.28345 2.25522
1.25582 2.21354
1.2282 2.17186
1.20057 2.13019
1.17295 2.08851
1.14532 2.04684
1.1177 2.00516
1.09007 1.96349
1.06244 1.92181
1.03482 1.88014
1.00719 1.83846
0.979568 1.79679
0.951943 1.75511
0.730938 1.42171
0.717363 1.31073
1.35228 2.44954
1.32465 2.40787
1.29702 2.36619
1.2694 2.32452
1.24177 2.28284
1.21415 2.24117
1.18652 2.19949
1.1589 2.15781
1.13127 2.11614
1.10365 2.07446
1.07602 2.03279
1.0484 1.99111
1.02077 1.94944
0.993144 1.90776
0.965519 1.86609
0.937893 1.82441
1.36585 2.56052
1.33823 2.51884
1.3106 2.47717
1.28297 2.43549
1.25535 2.39382
1.22772 2.35214
1.2001 2.31047
1.17247 2.26879
1.14485 2.22712
1.11722 2.18544
1.0896 2.14377
1.06197 2.10209
1.03435 2.06041
1.00672 2.01874
0.979094 1.97706
0.951469 1.93539
0.923843 1.89371
0.896218 1.85204
1.3518 2.62982
1.32418 2.58814
1.29655 2.54647
1.26893 2.50479
1.2413 2.46312
1.21367 2.42144
1.18605 2.37977
1.15842 2.33809
1.1308 2.29642
1.10317 2.25474
1.07555 2.21307
1.04792 2.17139
1.0203 2.12972
0.99267 2.08804
0.965044 2.04636
0.937419 2.00469
0.909793 1.96301
0.882168 1.92134
1.36538 2.7408
1.33775 2.69912
1.31013 2.65744
1.2825 2.61577
1.25488 2.57409
1.22725 2.53242
1.19962 2.49074
1.172 2.44907
1.14437 2.40739
1.11675 2.36572
1.08912 2.32404
1.0615 2.28237
1.03387 2.24069
1.00625 2.19902
0.97862 2.15734
0.950995 2.11567
0.923369 2.07399
0.895744 2.03232
0.868118 1.99064
0.840493 1.94896
1.35133 2.8101
1.3237 2.76842
1.29608 2.72675
1.26845 2.68507
1.24083 2.64339
1.2132 2.60172
1.18557 2.56004
1.15795 2.51837
1.13032 2.47669
1.1027 2.43502
1.07507 2.39334
1.04745 2.35167
1.01982 2.30999
0.992196 2.26832
0.964571 2.22664
0.936945 2.18497
0.90932 2.14329
0.881694 2.10162
0.854068 2.05994
0.826443 2.01827
0.798817 1.97659
0.9622 3.12803
1.3649 2.92107
1.33728 2.8794
1.30965 2.83772
1.28203 2.79605
1.2544 2.75437
1.22678 2.7127
1.19915 2.67102
1.17153 2.62934
1.1439 2.58767
1.11627 2.54599
1.08865 2.50432
1.06102 2.46264
1.0334 2.42097
1.00577 2.37929
0.978146 2.33762
0.950521 2.29594
0.922895 2.25427
0.89527 2.21259
0.867644 2.17092
0.840019 2.12924
0.812393 2.08757
0.784768 2.04589
0.934575 3.08635
1.2956 2.90702
1.26798 2.86535
1.24035 2.82367
1.21273 2.782
1.1851 2.74032
1.15748 2.69865
1.12985 2.65697
1.10222 2.6153
1.0746 2.57362
1.04697 2.53194
1.01935 2.49027
0.991722 2.44859
0.964097 2.40692
0.936471 2.36524
0.908845 2.32357
0.88122 2.28189
0.853594 2.24022
0.825969 2.19854
0.798343 2.15687
0.770718 2.11519
0.743092 2.07352
0.948625 3.01705
0.906949 3.04468
1.25393 2.93465
1.2263 2.89297
1.19868 2.8513
1.17105 2.80962
1.14343 2.76795
1.1158 2.72627
1.08817 2.6846
1.06055 2.64292
1.03292 2.60125
1.0053 2.55957
0.977672 2.51789
0.950047 2.47622
0.922421 2.43454
0.894796 2.39287
0.86717 2.35119
0.839545 2.30952
0.811919 2.26784
0.784294 2.22617
0.756668 2.18449
0.729043 2.14282
1.18463 2.9206
1.157 2.87892
1.12938 2.83725
1.10175 2.79557
1.07412 2.7539
1.0465 2.71222
1.01887 2.67055
0.991248 2.62887
0.963622 2.5872
0.935997 2.54552
0.908371 2.50385
0.880746 2.46217
0.85312 2.42049
0.825495 2.37882
0.797869 2.33714
0.770244 2.29547
0.742618 2.25379
0.714993 2.21212
0.920525 3.15565
0.8929 3.11398
1.11533 2.90655
1.0877 2.86487
1.06007 2.8232
1.03245 2.78152
1.00482 2.73985
0.977198 2.69817
0.949573 2.6565
0.921947 2.61482
0.894322 2.57315
0.866696 2.53147
0.839071 2.4898
0.811445 2.44812
0.78382 2.40644
0.756194 2.36477
0.728569 2.32309
0.865274 3.0723
1.07365 2.93417
1.04603 2.8925
1.0184 2.85082
0.990774 2.80915
0.963149 2.76747
0.935523 2.7258
0.907897 2.68412
0.880272 2.64245
0.852646 2.60077
0.825021 2.5591
0.797395 2.51742
0.76977 2.47575
0.742144 2.43407
0.837649 3.03063
1.00435 2.92012
0.976724 2.87845
0.949099 2.83677
0.921473 2.7951
0.893848 2.75342
0.866222 2.71175
0.838597 2.67007
0.810971 2.6284
0.783345 2.58672
0.75572 2.54505
0.728094 2.50337
0.851224 3.1416
0.823599 3.09993
0.795973 3.05825
0.962674 2.94775
0.935049 2.90607
0.907423 2.8644
0.879798 2.82272
0.852172 2.78105
0.824547 2.73937
0.796921 2.6977
0.769296 2.65602
0.74167 2.61435
0.781924 3.12755
0.754298 3.08588
0.726673 3.0442
0.920999 2.97538
0.893374 2.9337
0.865748 2.89202
0.838123 2.85035
0.810497 2.80867
0.782871 2.767
0.755246 2.72532
0.72762 2.68365
0.714519 2.3924
0.740248 3.15518
0.712623 3.1135
0.879324 3.003
0.851698 2.96133
0.824073 2.91965
0.796447 2.87797
0.768822 2.8363
0.741196 2.79462
0.810023 2.98895
0.782398 2.94728
0.754772 2.9056
0.727147 2.86392
0.714045 2.57267
0.768348 3.01658
0.740722 2.9749
0.713571 2.75295
0.713097 2.93323
table: 0.448329 2.09553 -1 1 46
0.538414 2.01238
0.498523 1.98223
0.578305 2.04252
0.458632 1.95209
0.618196 2.07267
0.418741 1.92194
0.588051 2.11256
0.54816 2.08241
0.508269 2.05227
0.468378 2.02212
0.428487 1.99198
0.627942 2.1427
0.388596 1.96184
0.348705 1.93169
0.597798 2.18259
0.557906 2.15245
0.518015 2.12231
0.478124 2.09216
0.438233 2.06202
0.398342 2.03187
0.358451 2.00173
0.31856 1.97158
0.637689 2.21274
0.487871 2.1622
0.44798 2.13205
0.408089 2.10191
0.417835 2.17194
0.377944 2.1418
0.567653 2.22249
0.527762 2.19234
0.457726 2.20209
0.368198 2.07176
0.328306 2.04162
0.288415 2.01147
0.607544 2.25263
0.248524 1.98133
0.338053 2.11165
0.577399 2.29252
0.537508 2.26238
0.497617 2.23223
0.347799 2.18169
0.307908 2.15154
0.298162 2.08151
0.258271 2.05136
0.21838 2.02122
0.38769 2.21183
