OR: 2.57935 5.9531 1.59509 1.55641e-37 16
2.42935 5.8031
2.42935 5.9031
2.42935 6.0031
2.42935 6.1031
2.52935 5.8031
2.52935 5.9031
2.52935 6.0031
2.52935 6.1031
2.62935 5.8031
2.62935 5.9031
2.62935 6.0031
2.62935 6.1031
2.72935 5.8031
2.72935 5.9031
2.72935 6.0031
2.72935 6.1031
CR: 3.34592 6.71035 2.46205 0.5 16
3.19592 6.56035
3.19592 6.66035
3.19592 6.76035
3.19592 6.86035
3.29592 6.56035
3.29592 6.66035
3.29592 6.76035
3.29592 6.86035
3.39592 6.56035
3.39592 6.66035
3.39592 6.76035
3.39592 6.86035
3.49592 6.56035
3.49592 6.66035
3.49592 6.76035
3.49592 6.86035
meetingroom: 0.566326 6.78776 1.5708 2 98
-1.7 4.4
-1.7 4.5
-1.7 4.6
-1.7 4.7
-1.7 4.8
-1.7 4.9
-1.7 5
-1.7 5.1
-1.7 5.2
-1.7 5.3
-1.7 5.4
-1.7 5.5
-1.7 5.6
-1.7 5.7
-1.7 5.8
-1.7 5.9
-1.7 6
-1.7 6.1
-1.7 6.2
-1.7 6.3
-1.7 6.4
-1.7 6.5
-1.7 6.6
-1.7 6.7
-1.7 6.8
-1.7 6.9
-1.7 7
-0.2 7.3
-0.2 7.4
-0.2 7.5
-0.2 7.6
-0.2 7.7
-0.1 7.3
1.1 9.9
1.2 9.9
1.3 9.9
1.4 9.9
1.5 9.9
1.6 4
1.6 4.1
1.6 4.2
1.6 4.3
1.6 4.4
1.6 4.5
1.6 4.6
1.6 4.7
1.6 4.8
1.6 4.9
1.6 5
1.6 5.1
1.6 5.2
1.6 5.3
1.6 5.4
1.6 5.5
1.6 5.6
1.6 5.7
1.6 5.8
1.6 5.9
1.6 6
1.6 6.1
1.6 6.2
1.6 6.3
1.6 6.4
1.6 6.5
1.6 6.6
1.6 6.7
1.6 6.8
1.6 6.9
1.6 7
1.6 7.1
1.6 7.2
1.6 7.3
1.6 7.4
1.6 7.5
1.6 7.6
1.6 7.7
1.6 7.8
1.6 7.9
1.6 8
1.6 8.1
1.6 8.2
1.6 8.3
1.6 8.4
1.6 8.5
1.6 8.6
1.6 8.7
1.6 8.8
1.6 8.9
1.6 9
1.6 9.1
1.6 9.2
1.6 9.3
1.6 9.4
1.6 9.5
1.6 9.6
1.6 9.7
1.6 9.8
1.6 9.9
officeroom: 3.35496 7.01298 1.5708 2 131
1.9 5.1
1.9 5.2
1.9 5.3
1.9 5.5
1.9 5.6
1.9 5.7
1.9 5.8
1.9 5.9
1.9 6
1.9 6.1
1.9 6.2
1.9 6.3
1.9 6.4
1.9 6.5
1.9 6.6
1.9 6.7
1.9 6.8
1.9 6.9
1.9 7
1.9 7.1
1.9 7.2
1.9 7.3
1.9 7.4
1.9 7.5
1.9 7.6
1.9 7.7
1.9 7.8
1.9 7.9
1.9 8
1.9 8.1
1.9 8.2
2 5.5
2 7.4
2 7.5
2 7.6
2 7.7
2 7.8
2 7.9
2 8
2 8.1
2 8.2
2 8.3
2.1 5.5
2.1 8.2
2.2 8.2
2.3 8.2
2.4 8.2
2.5 8.2
2.6 8.2
2.7 8.2
2.8 8.2
2.9 8.2
3 8.2
3.1 5.6
3.1 8.2
3.2 5.6
3.2 8.2
3.3 5.6
3.3 8.2
3.4 5.6
3.4 8.2
3.5 5.6
3.5 8.2
3.6 5.6
3.6 8.2
3.7 5.6
3.7 8.2
3.8 5.6
3.8 8.2
3.9 5.5
3.9 5.6
3.9 8.2
4 5.5
4 5.6
4 8.1
4 8.2
4.1 5.5
4.1 5.6
4.1 8.1
4.1 8.2
4.2 5.5
4.2 5.6
4.2 8.1
4.2 8.2
4.3 5.5
4.3 5.6
4.3 8.2
4.4 5.5
4.4 5.6
4.4 8.1
4.4 8.2
4.5 5.5
4.5 5.6
4.5 8.1
4.5 8.2
4.6 5.5
4.6 5.6
4.6 5.7
4.6 5.8
4.6 5.9
4.6 6
4.6 6.1
4.6 6.2
4.6 6.3
4.6 6.4
4.6 6.5
4.6 6.6
4.6 6.7
4.6 6.8
4.6 6.9
4.6 7
4.6 7.1
4.6 7.2
4.6 7.3
4.6 7.4
4.6 7.5
4.6 7.6
4.6 7.7
4.6 7.8
4.6 7.9
4.6 8
4.6 8.1
4.6 8.2
4.7 7.4
4.7 7.5
4.7 7.6
4.7 7.7
4.7 7.8
4.7 7.9
4.7 8
4.7 8.1
livingroom: -0.129687 0.907812 -1.5708 2 128
-1.8 0.1
-1.8 0.2
-1.8 0.3
-1.8 0.4
-1.8 0.5
-1.8 0.6
-1.8 0.7
-1.8 0.8
-1.8 0.9
-1.8 1
-1.8 1.1
-1.8 1.2
-1.8 1.3
-1.8 1.4
-1.8 1.5
-1.8 1.6
-1.8 1.7
-1.8 1.8
-1.8 1.9
-1.7 0.1
-1.7 0.2
-1.7 0.3
-1.7 0.4
-1.7 0.5
-1.7 0.6
-1.7 0.7
-1.7 0.8
-1.7 0.9
-1.7 1
-1.7 1.1
-1.7 1.2
-1.7 1.3
-1.7 1.4
-1.7 1.5
-1.7 1.6
-1.7 1.7
-1.7 1.8
-1.7 1.9
-1.7 2
-1.7 2.1
-1.7 2.2
-1.7 2.3
-1.7 2.4
-1.7 2.5
-1.7 2.6
-1.7 2.7
-1.7 2.8
-1.7 2.9
-1.7 3
-1.7 3.1
-1.6 0.1
-1.5 0.1
-1.4 0.1
-1.3 0.1
-1.2 0.1
-1.1 0.1
-1 0.1
-0.9 0.1
-0.8 0.1
-0.7 0.1
-0.6 0.1
-0.5 0.1
-0.4 0.1
-0.3 0.1
-0.2 0.1
-0.1 0.1
0 0.1
0.1 0.1
0.2 0.1
0.3 0.1
0.4 0.1
0.5 0.1
0.6 0.1
0.7 0.1
0.8 0.1
0.9 0
0.9 0.1
1 0
1 0.1
1.1 0
1.1 0.1
1.2 0
1.2 0.1
1.3 0
1.3 0.1
1.4 0
1.4 0.1
1.5 0
1.5 0.1
1.6 0
1.6 0.1
1.6 0.2
1.6 0.3
1.6 0.4
1.6 0.5
1.6 0.6
1.6 0.7
1.6 0.8
1.6 0.9
1.6 1
1.6 1.1
1.6 1.2
1.6 1.3
1.6 1.4
1.6 1.5
1.6 1.6
1.6 1.7
1.6 1.8
1.6 1.9
1.6 2
1.6 2.1
1.6 2.2
1.6 2.3
1.6 2.4
1.6 2.5
1.6 2.6
1.6 2.7
1.7 0.1
1.7 0.2
1.7 0.3
1.7 0.4
1.7 0.5
1.7 0.6
1.7 0.7
1.7 0.8
1.7 0.9
1.7 1
1.7 1.1
bedroom: 3.25427 1.36899 -1.5708 2 129
1.8 0.2
1.8 0.3
1.8 0.4
1.8 0.5
1.8 0.6
1.8 0.7
1.8 0.8
1.8 0.9
1.8 1
1.9 0
1.9 0.1
1.9 0.2
1.9 0.3
1.9 0.4
1.9 0.5
1.9 0.6
1.9 0.7
1.9 0.8
1.9 0.9
1.9 1
1.9 1.1
1.9 1.2
1.9 1.3
1.9 1.4
1.9 1.5
1.9 1.6
1.9 1.7
1.9 1.8
1.9 1.9
1.9 2
1.9 2.1
1.9 2.2
1.9 2.3
1.9 2.4
1.9 2.5
1.9 2.6
1.9 2.7
1.9 2.8
1.9 2.9
2 0
2 0.1
2 0.2
2 2.9
2.1 0
2.1 0.1
2.1 2.9
2.2 0
2.2 0.1
2.3 0
2.3 0.1
2.4 0.1
2.5 0.1
2.6 0.1
2.7 0.1
2.8 0.1
2.9 0.1
3 0.1
3 2.8
3.1 0.1
3.1 2.8
3.2 0.1
3.2 2.8
3.3 0.1
3.3 2.8
3.4 0.1
3.4 2.8
3.5 0.1
3.5 2.8
3.6 0.1
3.6 2.8
3.7 0.1
3.7 2.8
3.8 0.1
3.8 2.8
3.9 0.1
3.9 2.8
4 0.1
4 2.8
4.1 0.1
4.1 2.8
4.1 2.9
4.2 0.1
4.2 2.8
4.2 2.9
4.3 0.1
4.3 2.8
4.3 2.9
4.4 0.1
4.4 2.8
4.4 2.9
4.5 0.1
4.5 2.6
4.5 2.7
4.5 2.8
4.5 2.9
4.6 0.1
4.6 0.2
4.6 0.3
4.6 0.4
4.6 0.5
4.6 0.6
4.6 0.7
4.6 0.8
4.6 0.9
4.6 1
4.6 1.1
4.6 1.2
4.6 1.3
4.6 1.4
4.6 1.5
4.6 1.6
4.6 1.7
4.6 1.8
4.6 1.9
4.6 2
4.6 2.1
4.6 2.2
4.6 2.3
4.6 2.4
4.6 2.5
4.6 2.6
4.6 2.7
4.6 2.8
4.6 2.9
4.7 0.4
4.7 2.5
4.7 2.6
4.7 2.7
4.7 2.8
bed: 3.5 0.75 3.1416 2 273
4.5 1.35
4.5 1.25
4.5 1.15
4.5 1.05
4.5 0.95
4.5 0.85
4.5 0.75
4.5 0.65
4.5 0.55
4.5 0.45
4.5 0.35
4.5 0.25
4.5 0.15
4.4 1.35
4.4 1.25
4.4 1.15
4.4 1.05
4.4 0.95
4.4 0.85
4.4 0.75
4.4 0.65
4.4 0.55
4.4 0.45
4.4 0.35
4.4 0.25
4.4 0.15
4.3 1.35
4.3 1.25
4.3 1.15
4.3 1.05
4.3 0.95
4.3 0.85
4.3 0.75
4.3 0.65
4.3 0.55
4.3 0.45
4.3 0.35
4.3 0.25
4.3 0.15
4.2 1.35
4.2 1.25
4.2 1.15
4.2 1.05
4.2 0.95
4.2 0.85
4.2 0.75
4.2 0.65
4.2 0.55
4.2 0.45
4.2 0.35
4.2 0.25
4.2 0.15
4.1 1.35
4.1 1.25
4.1 1.15
4.1 1.05
4.1 0.95
4.1 0.85
4.1 0.75
4.1 0.65
4.1 0.55
4.1 0.45
4.1 0.35
4.1 0.25
4.1 0.15
4 1.35
4 1.25
4 1.15
4 1.05
4 0.95
4 0.85
4 0.75
4 0.65
4 0.55
4 0.45
4 0.35
4 0.25
4 0.15
3.9 1.35
3.9 1.25
3.9 1.15
3.9 1.05
3.9 0.95
3.9 0.85
3.9 0.75
3.9 0.65
3.9 0.55
3.9 0.45
3.9 0.35
3.9 0.25
3.9 0.15
3.8 1.35
3.8 1.25
3.8 1.15
3.8 1.05
3.8 0.95
3.8 0.85
3.8 0.75
3.8 0.65
3.8 0.55
3.8 0.45
3.8 0.35
3.8 0.25
3.8 0.15
3.7 1.35
3.7 1.25
3.7 1.15
3.7 1.05
3.7 0.95
3.7 0.85
3.7 0.75
3.7 0.65
3.7 0.55
3.7 0.45
3.7 0.35
3.7 0.25
3.7 0.15
3.6 1.35
3.6 1.25
3.6 1.15
3.6 1.05
3.6 0.95
3.6 0.85
3.6 0.75
3.6 0.65
3.6 0.55
3.6 0.45
3.6 0.35
3.6 0.25
3.6 0.15
3.5 1.35
3.5 1.25
3.5 1.15
3.5 1.05
3.5 0.95
3.5 0.85
3.5 0.75
3.5 0.65
3.5 0.55
3.5 0.45
3.5 0.35
3.5 0.25
3.5 0.15
3.4 1.35
3.4 1.25
3.4 1.15
3.4 1.05
3.4 0.95
3.4 0.85
3.4 0.75
3.4 0.65
3.4 0.55
3.4 0.45
3.4 0.35
3.4 0.25
3.4 0.15
3.3 1.35
3.3 1.25
3.3 1.15
3.3 1.05
3.3 0.95
3.3 0.85
3.3 0.75
3.3 0.65
3.3 0.55
3.3 0.45
3.3 0.35
3.3 0.25
3.3 0.15
3.2 1.35
3.2 1.25
3.2 1.15
3.2 1.05
3.2 0.95
3.2 0.85
3.2 0.75
3.2 0.65
3.2 0.55
3.2 0.45
3.2 0.35
3.2 0.25
3.2 0.15
3.1 1.35
3.1 1.25
3.1 1.15
3.1 1.05
3.1 0.95
3.1 0.85
3.1 0.75
3.1 0.65
3.1 0.55
3.1 0.45
3.1 0.35
3.1 0.25
3.1 0.15
3 1.35
3 1.25
3 1.15
3 1.05
3 0.95
3 0.85
3 0.75
3 0.65
3 0.55
3 0.45
3 0.35
3 0.25
3 0.15
2.9 1.35
2.9 1.25
2.9 1.15
2.9 1.05
2.9 0.95
2.9 0.85
2.9 0.75
2.9 0.65
2.9 0.55
2.9 0.45
2.9 0.35
2.9 0.25
2.9 0.15
2.8 1.35
2.8 1.25
2.8 1.15
2.8 1.05
2.8 0.95
2.8 0.85
2.8 0.75
2.8 0.65
2.8 0.55
2.8 0.45
2.8 0.35
2.8 0.25
2.8 0.15
2.7 1.35
2.7 1.25
2.7 1.15
2.7 1.05
2.7 0.95
2.7 0.85
2.7 0.75
2.7 0.65
2.7 0.55
2.7 0.45
2.7 0.35
2.7 0.25
2.7 0.15
2.6 1.35
2.6 1.25
2.6 1.15
2.6 1.05
2.6 0.95
2.6 0.85
2.6 0.75
2.6 0.65
2.6 0.55
2.6 0.45
2.6 0.35
2.6 0.25
2.6 0.15
2.5 1.35
2.5 1.25
2.5 1.15
2.5 1.05
2.5 0.95
2.5 0.85
2.5 0.75
2.5 0.65
2.5 0.55
2.5 0.45
2.5 0.35
2.5 0.25
2.5 0.15
room: 3.35496 7.01298 1.5708 2 131
1.9 5.1
1.9 5.2
1.9 5.3
1.9 5.5
1.9 5.6
1.9 5.7
1.9 5.8
1.9 5.9
1.9 6
1.9 6.1
1.9 6.2
1.9 6.3
1.9 6.4
1.9 6.5
1.9 6.6
1.9 6.7
1.9 6.8
1.9 6.9
1.9 7
1.9 7.1
1.9 7.2
1.9 7.3
1.9 7.4
1.9 7.5
1.9 7.6
1.9 7.7
1.9 7.8
1.9 7.9
1.9 8
1.9 8.1
1.9 8.2
2 5.5
2 7.4
2 7.5
2 7.6
2 7.7
2 7.8
2 7.9
2 8
2 8.1
2 8.2
2 8.3
2.1 5.5
2.1 8.2
2.2 8.2
2.3 8.2
2.4 8.2
2.5 8.2
2.6 8.2
2.7 8.2
2.8 8.2
2.9 8.2
3 8.2
3.1 5.6
3.1 8.2
3.2 5.6
3.2 8.2
3.3 5.6
3.3 8.2
3.4 5.6
3.4 8.2
3.5 5.6
3.5 8.2
3.6 5.6
3.6 8.2
3.7 5.6
3.7 8.2
3.8 5.6
3.8 8.2
3.9 5.5
3.9 5.6
3.9 8.2
4 5.5
4 5.6
4 8.1
4 8.2
4.1 5.5
4.1 5.6
4.1 8.1
4.1 8.2
4.2 5.5
4.2 5.6
4.2 8.1
4.2 8.2
4.3 5.5
4.3 5.6
4.3 8.2
4.4 5.5
4.4 5.6
4.4 8.1
4.4 8.2
4.5 5.5
4.5 5.6
4.5 8.1
4.5 8.2
4.6 5.5
4.6 5.6
4.6 5.7
4.6 5.8
4.6 5.9
4.6 6
4.6 6.1
4.6 6.2
4.6 6.3
4.6 6.4
4.6 6.5
4.6 6.6
4.6 6.7
4.6 6.8
4.6 6.9
4.6 7
4.6 7.1
4.6 7.2
4.6 7.3
4.6 7.4
4.6 7.5
4.6 7.6
4.6 7.7
4.6 7.8
4.6 7.9
4.6 8
4.6 8.1
4.6 8.2
4.7 7.4
4.7 7.5
4.7 7.6
4.7 7.7
4.7 7.8
4.7 7.9
4.7 8
4.7 8.1
table: 2.61673 7.36874 -1 1 505
2.13192 8.0043
2.16177 8.04442
2.1422 7.93434
2.17204 7.97446
2.20188 8.01457
2.15248 7.86438
2.18232 7.9045
2.21216 7.94461
2.242 7.98473
2.27184 8.02485
2.12263 7.82426
2.16275 7.79442
2.19259 7.83454
2.22244 7.87465
2.25228 7.91477
2.28212 7.95489
2.31196 7.99501
2.13291 7.7543
2.3418 8.03512
2.17303 7.72446
2.20287 7.76458
2.23271 7.80469
2.26255 7.84481
2.2924 7.88493
2.32224 7.92505
2.35208 7.96516
2.38192 8.00528
2.14318 7.68434
2.15346 7.61438
2.1833 7.6545
2.21314 7.69462
2.24299 7.73473
2.27283 7.77485
2.30267 7.81497
2.33251 7.85509
2.36236 7.8952
2.3922 7.93532
2.42204 7.97544
2.45188 8.01556
2.12362 7.57426
2.16374 7.54442
2.19358 7.58454
2.22342 7.62466
2.25326 7.66477
2.2831 7.70489
2.31295 7.74501
2.34279 7.78513
2.37263 7.82524
2.40247 7.86536
2.43232 7.90548
2.46216 7.9456
2.492 7.98572
2.52184 8.02583
2.13389 7.5043
2.14417 7.43434
2.17401 7.47446
2.20385 7.51458
2.2337 7.5547
2.26354 7.59481
2.29338 7.63493
2.32322 7.67505
2.35306 7.71517
2.38291 7.75528
2.41275 7.7954
2.44259 7.83552
2.47243 7.87564
2.50228 7.91576
2.53212 7.95587
2.56196 7.99599
2.5918 8.03611
2.11433 7.39422
2.15445 7.36438
2.18429 7.4045
2.21413 7.44462
2.24397 7.48474
2.27381 7.52485
2.30366 7.56497
2.3335 7.60509
2.36334 7.64521
2.39318 7.68532
2.42303 7.72544
2.45287 7.76556
2.48271 7.80568
2.51255 7.8458
2.54239 7.88591
2.57224 7.92603
2.60208 7.96615
2.63192 8.00627
2.6246 7.32623
2.1246 7.32426
2.66472 7.29639
2.63487 7.25627
2.16472 7.29442
2.19456 7.33454
2.22441 7.37466
2.25425 7.41477
2.28409 7.45489
2.31393 7.49501
2.34377 7.53513
2.37362 7.57525
2.40346 7.61536
2.4333 7.65548
2.46314 7.6956
2.49298 7.73572
2.52283 7.77584
2.55267 7.81595
2.58251 7.85607
2.61235 7.89619
2.6422 7.93631
2.67204 7.97643
2.70188 8.01654
2.13488 7.2543
2.60503 7.21616
2.64515 7.18631
2.14515 7.18434
2.175 7.22446
2.20484 7.26458
2.23468 7.3047
2.26452 7.34481
2.29437 7.38493
2.61531 7.1462
2.38389 7.50529
2.41373 7.5454
2.44358 7.58552
2.47342 7.62564
2.50326 7.66576
2.5331 7.70588
2.56295 7.74599
2.59279 7.78611
2.62263 7.82623
2.65247 7.86635
2.68231 7.90647
2.71216 7.94658
2.742 7.9867
2.77184 8.02682
2.11531 7.14423
2.15543 7.11438
2.18527 7.1545
2.21511 7.19462
2.24496 7.23474
2.2748 7.27486
2.30464 7.31497
2.33448 7.35509
2.42401 7.47544
2.45385 7.51556
2.48369 7.55568
2.51354 7.5958
2.54338 7.63592
2.57322 7.67603
2.60306 7.71615
2.63291 7.75627
2.66275 7.79639
2.69259 7.8365
2.72243 7.87662
2.75227 7.91674
2.78212 7.95686
2.81196 7.99698
2.12559 7.07427
2.8418 8.03709
2.16571 7.04442
2.19555 7.08454
2.22539 7.12466
2.25523 7.16478
2.28507 7.2049
2.31492 7.24501
2.34476 7.28513
2.3746 7.32525
2.46413 7.4456
2.49397 7.48572
2.52381 7.52584
2.55365 7.56596
2.5835 7.60607
2.61334 7.64619
2.64318 7.68631
2.67302 7.72643
2.70287 7.76655
2.73271 7.80666
2.76255 7.84678
2.79239 7.8869
2.82223 7.92702
2.85208 7.96713
2.88192 8.00725
2.13586 7.00431
2.14614 6.93435
2.17598 6.97446
2.20582 7.01458
2.23567 7.0547
2.26551 7.09482
2.29535 7.13493
2.32519 7.17505
2.35503 7.21517
2.38488 7.25529
2.41472 7.29541
2.50425 7.41576
2.53409 7.45588
2.56393 7.496
2.59377 7.53611
2.62361 7.57623
2.65346 7.61635
2.6833 7.65647
2.71314 7.69659
2.74298 7.7367
2.77283 7.77682
2.80267 7.81694
2.83251 7.85706
2.86235 7.89717
2.89219 7.93729
2.92204 7.97741
2.1163 6.89423
2.15641 6.86439
2.18626 6.9045
2.2161 6.94462
2.24594 6.98474
2.27578 7.02486
2.30563 7.06497
2.33547 7.10509
2.36531 7.14521
2.39515 7.18533
2.42499 7.22545
2.45484 7.26556
2.54436 7.38592
2.57421 7.42604
2.60405 7.46615
2.63389 7.50627
2.66373 7.54639
2.69357 7.58651
2.72342 7.62663
2.75326 7.66674
2.7831 7.70686
2.81294 7.74698
2.84279 7.7871
2.87263 7.82721
2.90247 7.86733
2.93231 7.90745
2.12657 6.82427
2.16669 6.79443
2.19653 6.83454
2.22638 6.87466
2.25622 6.91478
2.28606 6.9549
2.3159 6.99501
2.34574 7.03513
2.37559 7.07525
2.40543 7.11537
2.43527 7.15549
2.46511 7.1956
2.49495 7.23572
2.58448 7.35608
2.61432 7.39619
2.64417 7.43631
2.67401 7.47643
2.70385 7.51655
2.73369 7.55666
2.76353 7.59678
2.79338 7.6369
2.82322 7.67702
2.85306 7.71714
2.8829 7.75725
2.91275 7.79737
2.94259 7.83749
2.97243 7.87761
2.23665 6.8047
2.26649 6.84482
2.29634 6.88494
2.32618 6.92505
2.35602 6.96517
2.38586 7.00529
2.4157 7.04541
2.44555 7.08553
2.47539 7.12564
2.50523 7.16576
2.53507 7.20588
2.65444 7.36635
2.68428 7.40647
2.71413 7.44659
2.74397 7.4867
2.77381 7.52682
2.80365 7.56694
2.83349 7.60706
2.86334 7.64718
2.89318 7.68729
2.92302 7.72741
2.95286 7.76753
2.98271 7.80765
2.59476 7.28612
2.27677 6.77486
2.30661 6.81498
2.33645 6.85509
2.3663 6.89521
2.39614 6.93533
2.42598 6.97545
2.45582 7.01557
2.48566 7.05568
2.51551 7.0958
2.54535 7.13592
2.57519 7.17604
2.69456 7.33651
2.7244 7.37663
2.75424 7.41674
2.78409 7.45686
2.81393 7.49698
2.84377 7.5371
2.87361 7.57722
2.90345 7.61733
2.9333 7.65745
2.96314 7.69757
2.99298 7.73769
3.02282 7.77781
2.67499 7.22643
2.34673 6.78513
2.37657 6.82525
2.40641 6.86537
2.43626 6.90549
2.4661 6.94561
2.49594 6.98572
2.52578 7.02584
2.55562 7.06596
2.58547 7.10608
2.70483 7.26655
2.73468 7.30667
2.76452 7.34678
2.79436 7.3869
2.8242 7.42702
2.85405 7.46714
2.88389 7.50726
2.91373 7.54737
2.94357 7.58749
2.97341 7.62761
3.00326 7.66773
3.0331 7.70785
2.38685 6.75529
2.41669 6.79541
2.44653 6.83553
2.47637 6.87565
2.50622 6.91576
2.53606 6.95588
2.5659 6.996
2.59574 7.03612
2.62558 7.07624
2.65543 7.11635
2.68527 7.15647
2.71511 7.19659
2.74495 7.23671
2.7748 7.27682
2.80464 7.31694
2.83448 7.35706
2.86432 7.39718
2.89416 7.4373
2.92401 7.47741
2.95385 7.51753
2.98369 7.55765
3.01353 7.59777
3.04337 7.63789
3.07322 7.678
2.45681 6.76557
2.48665 6.80569
2.51649 6.8458
2.54633 6.88592
2.57618 6.92604
2.60602 6.96616
2.63586 7.00628
2.6657 7.04639
2.69554 7.08651
2.72539 7.12663
2.75523 7.16675
2.78507 7.20686
2.81491 7.24698
2.84476 7.2871
2.8746 7.32722
2.90444 7.36734
2.93428 7.40745
2.96412 7.44757
2.99397 7.48769
3.02381 7.52781
3.05365 7.56793
3.08349 7.60804
2.49692 6.73573
2.52677 6.77584
2.55661 6.81596
2.58645 6.85608
2.61629 6.8962
2.64614 6.93632
2.67598 6.97643
2.70582 7.01655
2.73566 7.05667
2.7655 7.09679
2.79535 7.1369
2.82519 7.17702
2.85503 7.21714
2.88487 7.25726
2.91472 7.29738
2.94456 7.33749
2.9744 7.37761
3.00424 7.41773
3.03408 7.45785
3.06393 7.49797
3.09377 7.53808
3.12361 7.5782
2.56688 6.746
2.59673 6.78612
2.62657 6.82624
2.65641 6.86635
2.68625 6.90647
2.7161 6.94659
2.74594 6.98671
2.77578 7.02683
2.80562 7.06694
2.83546 7.10706
2.86531 7.14718
2.89515 7.1873
2.92499 7.22742
2.95483 7.26753
2.98468 7.30765
3.01452 7.34777
3.04436 7.38789
3.0742 7.42801
3.10404 7.46812
3.13389 7.50824
2.607 6.71616
2.63684 6.75628
2.66669 6.7964
2.69653 6.83651
2.72637 6.87663
2.75621 6.91675
2.78606 6.95687
2.8159 6.99698
2.84574 7.0371
2.87558 7.07722
2.90542 7.11734
2.93527 7.15746
2.96511 7.19757
2.99495 7.23769
3.02479 7.27781
3.05464 7.31793
3.08448 7.35805
3.11432 7.39816
3.14416 7.43828
3.174 7.4784
2.67696 6.72644
2.7068 6.76655
2.73665 6.80667
2.76649 6.84679
2.79633 6.88691
2.82617 6.92702
2.85602 6.96714
2.88586 7.00726
2.9157 7.04738
2.94554 7.0875
2.97538 7.12761
3.00523 7.16773
3.03507 7.20785
3.06491 7.24797
3.09475 7.28809
3.1246 7.3282
3.15444 7.36832
2.71708 6.69659
2.74692 6.73671
2.77676 6.77683
2.80661 6.81695
2.83645 6.85706
2.86629 6.89718
2.89613 6.9373
2.92598 6.97742
2.95582 7.01754
2.98566 7.05765
3.0155 7.09777
3.04534 7.13789
3.07519 7.17801
3.10503 7.21813
3.13487 7.25824
3.16471 7.29836
2.78704 6.70687
2.81688 6.74699
2.84672 6.7871
2.87657 6.82722
2.90641 6.86734
2.93625 6.90746
2.96609 6.94758
2.99594 6.98769
3.02578 7.02781
3.05562 7.06793
3.08546 7.10805
3.1153 7.14817
3.14515 7.18828
2.857 6.71714
2.88684 6.75726
2.91668 6.79738
2.94653 6.8375
2.97637 6.87762
3.00621 6.91773
3.03605 6.95785
3.0659 6.99797
3.09574 7.03809
3.12558 7.07821
3.15542 7.11832
2.89712 6.6873
2.92696 6.72742
2.9568 6.76754
2.98664 6.80766
3.01649 6.84777
3.04633 6.88789
3.07617 6.92801
3.10601 6.96813
3.13586 7.00824
3.1657 7.04836
bed: 3.5 0.75 3.1416 2 273
4.5 1.35
4.5 1.25
4.5 1.15
4.5 1.05
4.5 0.95
4.5 0.85
4.5 0.75
4.5 0.65
4.5 0.55
4.5 0.45
4.5 0.35
4.5 0.25
4.5 0.15
4.4 1.35
4.4 1.25
4.4 1.15
4.4 1.05
4.4 0.95
4.4 0.85
4.4 0.75
4.4 0.65
4.4 0.55
4.4 0.45
4.4 0.35
4.4 0.25
4.4 0.15
4.3 1.35
4.3 1.25
4.3 1.15
4.3 1.05
4.3 0.95
4.3 0.85
4.3 0.75
4.3 0.65
4.3 0.55
4.3 0.45
4.3 0.35
4.3 0.25
4.3 0.15
4.2 1.35
4.2 1.25
4.2 1.15
4.2 1.05
4.2 0.95
4.2 0.85
4.2 0.75
4.2 0.65
4.2 0.55
4.2 0.45
4.2 0.35
4.2 0.25
4.2 0.15
4.1 1.35
4.1 1.25
4.1 1.15
4.1 1.05
4.1 0.95
4.1 0.85
4.1 0.75
4.1 0.65
4.1 0.55
4.1 0.45
4.1 0.35
4.1 0.25
4.1 0.15
4 1.35
4 1.25
4 1.15
4 1.05
4 0.95
4 0.85
4 0.75
4 0.65
4 0.55
4 0.45
4 0.35
4 0.25
4 0.15
3.9 1.35
3.9 1.25
3.9 1.15
3.9 1.05
3.9 0.95
3.9 0.85
3.9 0.75
3.9 0.65
3.9 0.55
3.9 0.45
3.9 0.35
3.9 0.25
3.9 0.15
3.8 1.35
3.8 1.25
3.8 1.15
3.8 1.05
3.8 0.95
3.8 0.85
3.8 0.75
3.8 0.65
3.8 0.55
3.8 0.45
3.8 0.35
3.8 0.25
3.8 0.15
3.7 1.35
3.7 1.25
3.7 1.15
3.7 1.05
3.7 0.95
3.7 0.85
3.7 0.75
3.7 0.65
3.7 0.55
3.7 0.45
3.7 0.35
3.7 0.25
3.7 0.15
3.6 1.35
3.6 1.25
3.6 1.15
3.6 1.05
3.6 0.95
3.6 0.85
3.6 0.75
3.6 0.65
3.6 0.55
3.6 0.45
3.6 0.35
3.6 0.25
3.6 0.15
3.5 1.35
3.5 1.25
3.5 1.15
3.5 1.05
3.5 0.95
3.5 0.85
3.5 0.75
3.5 0.65
3.5 0.55
3.5 0.45
3.5 0.35
3.5 0.25
3.5 0.15
3.4 1.35
3.4 1.25
3.4 1.15
3.4 1.05
3.4 0.95
3.4 0.85
3.4 0.75
3.4 0.65
3.4 0.55
3.4 0.45
3.4 0.35
3.4 0.25
3.4 0.15
3.3 1.35
3.3 1.25
3.3 1.15
3.3 1.05
3.3 0.95
3.3 0.85
3.3 0.75
3.3 0.65
3.3 0.55
3.3 0.45
3.3 0.35
3.3 0.25
3.3 0.15
3.2 1.35
3.2 1.25
3.2 1.15
3.2 1.05
3.2 0.95
3.2 0.85
3.2 0.75
3.2 0.65
3.2 0.55
3.2 0.45
3.2 0.35
3.2 0.25
3.2 0.15
3.1 1.35
3.1 1.25
3.1 1.15
3.1 1.05
3.1 0.95
3.1 0.85
3.1 0.75
3.1 0.65
3.1 0.55
3.1 0.45
3.1 0.35
3.1 0.25
3.1 0.15
3 1.35
3 1.25
3 1.15
3 1.05
3 0.95
3 0.85
3 0.75
3 0.65
3 0.55
3 0.45
3 0.35
3 0.25
3 0.15
2.9 1.35
2.9 1.25
2.9 1.15
2.9 1.05
2.9 0.95
2.9 0.85
2.9 0.75
2.9 0.65
2.9 0.55
2.9 0.45
2.9 0.35
2.9 0.25
2.9 0.15
2.8 1.35
2.8 1.25
2.8 1.15
2.8 1.05
2.8 0.95
2.8 0.85
2.8 0.75
2.8 0.65
2.8 0.55
2.8 0.45
2.8 0.35
2.8 0.25
2.8 0.15
2.7 1.35
2.7 1.25
2.7 1.15
2.7 1.05
2.7 0.95
2.7 0.85
2.7 0.75
2.7 0.65
2.7 0.55
2.7 0.45
2.7 0.35
2.7 0.25
2.7 0.15
2.6 1.35
2.6 1.25
2.6 1.15
2.6 1.05
2.6 0.95
2.6 0.85
2.6 0.75
2.6 0.65
2.6 0.55
2.6 0.45
2.6 0.35
2.6 0.25
2.6 0.15
2.5 1.35
2.5 1.25
2.5 1.15
2.5 1.05
2.5 0.95
2.5 0.85
2.5 0.75
2.5 0.65
2.5 0.55
2.5 0.45
2.5 0.35
2.5 0.25
2.5 0.15
table: 2.64074 7.34527 -1 0.638201 309
2.86866 7.98513
2.91339 7.96279
2.82393 8.00747
2.75685 7.98509
2.80158 7.96274
2.84631 7.9404
2.89105 7.91806
2.71212 8.00743
2.64505 7.98504
2.68978 7.9627
2.73451 7.94036
2.77924 7.91801
2.82397 7.89567
2.8687 7.87333
2.91343 7.85099
2.60032 8.00739
2.53325 7.985
2.57798 7.96266
2.62271 7.94031
2.66744 7.91797
2.71217 7.89563
2.7569 7.87328
2.80163 7.85094
2.84636 7.8286
2.89109 7.80625
2.48852 8.00734
2.42144 7.98496
2.46617 7.96261
2.5109 7.94027
2.55563 7.91793
2.60036 7.89558
2.6451 7.87324
2.68983 7.8509
2.73456 7.82855
2.77929 7.80621
2.82402 7.78387
2.86875 7.76153
2.91348 7.73918
2.37671 8.0073
2.35437 7.96257
2.3991 7.94023
2.44383 7.91788
2.48856 7.89554
2.53329 7.8732
2.57802 7.85085
2.62275 7.82851
2.66748 7.80617
2.71221 7.78382
2.75694 7.76148
2.80167 7.73914
2.8464 7.71679
2.89113 7.69445
2.37676 7.89549
2.42149 7.87315
2.46622 7.85081
2.51095 7.82847
2.55568 7.80612
2.60041 7.78378
2.64514 7.76144
2.68987 7.73909
2.7346 7.71675
2.77933 7.69441
2.82406 7.67206
2.86879 7.64972
2.91352 7.62738
2.35442 7.85077
2.39915 7.82842
2.44388 7.80608
2.48861 7.78374
2.53334 7.76139
2.57807 7.73905
2.6228 7.71671
2.66753 7.69436
2.71226 7.67202
2.75699 7.64968
2.80172 7.62733
2.84645 7.60499
2.89118 7.58265
2.3768 7.78369
2.42153 7.76135
2.46626 7.73901
2.51099 7.71666
2.55572 7.69432
2.60045 7.67198
2.64518 7.64963
2.68991 7.62729
2.73464 7.60495
2.77937 7.5826
2.8241 7.56026
2.86883 7.53792
2.91356 7.51557
2.35446 7.73896
2.39919 7.71662
2.44392 7.69428
2.48865 7.67193
2.53338 7.64959
2.57811 7.62725
2.62284 7.6049
2.66757 7.58256
2.7123 7.56022
2.75703 7.53787
2.80176 7.51553
2.84649 7.49319
2.89122 7.47084
2.37685 7.67189
2.42158 7.64955
2.46631 7.6272
2.51104 7.60486
2.55577 7.58252
2.6005 7.56017
2.64523 7.53783
2.68996 7.51549
2.73469 7.49314
2.77942 7.4708
2.82415 7.44846
2.86888 7.42611
2.91361 7.40377
2.3545 7.62716
2.39923 7.60482
2.44396 7.58247
2.48869 7.56013
2.53342 7.53779
2.57815 7.51544
2.62288 7.4931
2.66761 7.47076
2.71234 7.44841
2.75707 7.42607
2.80181 7.40373
2.84654 7.38138
2.89127 7.35904
2.37689 7.56008
2.42162 7.53774
2.46635 7.5154
2.51108 7.49306
2.55581 7.47071
2.60054 7.44837
2.64527 7.42603
2.69 7.40368
2.73473 7.38134
2.77946 7.359
2.82419 7.33665
2.86892 7.31431
2.91365 7.29197
2.39937 7.2694
2.35455 7.51535
2.39928 7.49301
2.44401 7.47067
2.48874 7.44833
2.53347 7.42598
2.5782 7.40364
2.62293 7.3813
2.66766 7.35895
2.71239 7.33661
2.75712 7.31427
2.80185 7.29192
2.84658 7.26958
2.89131 7.24724
2.37693 7.44828
2.42166 7.42594
2.46639 7.4036
2.51113 7.38125
2.55586 7.35891
2.60059 7.33657
2.64532 7.31422
2.69005 7.29188
2.73478 7.26954
2.77951 7.24719
2.82424 7.22485
2.86897 7.20251
2.9137 7.18016
2.39932 7.38121
2.44405 7.35887
2.48878 7.33652
2.53351 7.31418
2.57824 7.29184
2.62297 7.26949
2.6677 7.24715
2.71243 7.22481
2.75716 7.20246
2.80189 7.18012
2.84662 7.15778
2.89135 7.13543
2.37698 7.33648
2.42171 7.31414
2.46644 7.29179
2.51117 7.26945
2.5559 7.24711
2.60063 7.22476
2.64536 7.20242
2.69009 7.18008
2.73482 7.15773
2.77955 7.13539
2.82428 7.11305
2.86901 7.0907
2.91374 7.06836
2.37702 7.22467
2.4441 7.24706
2.48883 7.22472
2.53356 7.20238
2.57829 7.18003
2.62302 7.15769
2.66775 7.13535
2.71248 7.113
2.75721 7.09066
2.80194 7.06832
2.84667 7.04597
2.8914 7.02363
2.42175 7.20233
2.46648 7.17999
2.51121 7.15765
2.55594 7.1353
2.60067 7.11296
2.6454 7.09062
2.69013 7.06827
2.73486 7.04593
2.77959 7.02359
2.82432 7.00124
2.86905 6.9789
2.91378 6.95656
2.39941 7.1576
2.44414 7.13526
2.48887 7.11292
2.5336 7.09057
2.57833 7.06823
2.62306 7.04589
2.66779 7.02354
2.71252 7.0012
2.75725 6.97886
2.80198 6.95651
2.84671 6.93417
2.89144 6.91183
2.37707 7.11287
2.4218 7.09053
2.46653 7.06819
2.51126 7.04584
2.55599 7.0235
2.60072 7.00116
2.64545 6.97881
2.69018 6.95647
2.73491 6.93413
2.77964 6.91178
2.82437 6.88944
2.8691 6.8671
2.91383 6.84475
2.39945 7.0458
2.44418 7.02346
2.48891 7.00111
2.53364 6.97877
2.57837 6.95643
2.6231 6.93408
2.66783 6.91174
2.71256 6.8894
2.7573 6.86705
2.80203 6.84471
2.84676 6.82237
2.89149 6.80002
2.37711 7.00107
2.42184 6.97872
2.46657 6.95638
2.5113 6.93404
2.55603 6.9117
2.60076 6.88935
2.64549 6.86701
2.69022 6.84467
2.73495 6.82232
2.77968 6.79998
2.82441 6.77764
2.86914 6.75529
2.91387 6.73295
2.3995 6.93399
2.44423 6.91165
2.48896 6.88931
2.53369 6.86697
2.57842 6.84462
2.62315 6.82228
2.66788 6.79994
2.71261 6.77759
2.75734 6.75525
2.80207 6.73291
2.8468 6.71056
2.89153 6.68822
2.37715 6.88926
2.42189 6.86692
2.46662 6.84458
2.51135 6.82224
2.55608 6.79989
2.60081 6.77755
2.64554 6.75521
2.69027 6.73286
2.735 6.71052
2.77973 6.68818
2.82446 6.66583
2.39954 6.82219
2.44427 6.79985
2.489 6.77751
2.53373 6.75516
2.57846 6.73282
2.62319 6.71048
2.66792 6.68813
2.71265 6.66579
2.3772 6.77746
2.42193 6.75512
2.46666 6.73278
2.51139 6.71043
2.55612 6.68809
2.60085 6.66575
2.39959 6.71039
2.44432 6.68805
2.48905 6.6657
chair: 3.45997 7.2967 3.75763 0.986045 107
3.48543 7.53073
3.4355 7.53337
3.53536 7.52809
3.38557 7.53601
3.538 7.57802
3.58529 7.52545
3.58793 7.57538
3.33564 7.53864
3.63786 7.57275
3.63522 7.52282
3.28571 7.54128
3.28307 7.49135
3.68515 7.52018
3.63259 7.47289
3.68252 7.47025
3.23314 7.49399
3.23051 7.44406
3.28044 7.44142
3.62995 7.42296
3.67988 7.42032
3.22787 7.39413
3.2778 7.39149
3.62731 7.37302
3.67724 7.37039
3.22523 7.3442
3.27516 7.34156
3.62467 7.32309
3.6746 7.32046
3.22259 7.29427
3.27252 7.29163
3.62204 7.27316
3.67197 7.27053
3.21995 7.24434
3.26988 7.2417
3.6194 7.22323
3.66933 7.2206
3.333 7.48871
3.38293 7.48607
3.43287 7.48344
3.4828 7.4808
3.53273 7.47816
3.58266 7.47552
3.26725 7.19177
3.61676 7.1733
3.66669 7.17067
3.33037 7.43878
3.3803 7.43614
3.43023 7.43351
3.48016 7.43087
3.53009 7.42823
3.58002 7.42559
3.32773 7.38885
3.57738 7.37566
3.52745 7.3783
3.37766 7.38621
3.42759 7.38358
3.47752 7.38094
3.32509 7.33892
3.26461 7.14184
3.57474 7.32573
3.37502 7.33628
3.52481 7.32837
3.42495 7.33365
3.47488 7.33101
3.32245 7.28899
3.37238 7.28635
3.5721 7.2758
3.52217 7.27844
3.42231 7.28372
3.66405 7.12073
3.47224 7.28108
3.31982 7.23906
3.36975 7.23642
3.56947 7.22587
3.51954 7.22851
3.41968 7.23379
3.46961 7.23115
3.31718 7.18913
3.36711 7.18649
3.56683 7.17594
3.41704 7.18385
3.5169 7.17858
3.46697 7.18122
3.31454 7.1392
3.61412 7.12337
3.36447 7.13656
3.4144 7.13392
3.46433 7.13129
3.51426 7.12865
3.56419 7.12601
3.26197 7.09191
3.3119 7.08927
3.66141 7.0708
3.61148 7.07344
3.36183 7.08663
3.41176 7.08399
3.46169 7.08136
3.51162 7.07872
3.56155 7.07608
3.25933 7.04198
3.30926 7.03934
3.35919 7.0367
3.60885 7.02351
3.55892 7.02615
3.40912 7.03406
3.45905 7.03143
3.50899 7.02879
