OR: 3.42471 6.83273 2.72008 2.20744e-38 16
3.27471 6.68273
3.27471 6.78273
3.27471 6.88273
3.27471 6.98273
3.37471 6.68273
3.37471 6.78273
3.37471 6.88273
3.37471 6.98273
3.47471 6.68273
3.47471 6.78273
3.47471 6.88273
3.47471 6.98273
3.57471 6.68273
3.57471 6.78273
3.57471 6.88273
3.57471 6.98273
CR: 3.7012 6.53326 5.50594 0.5 16
3.5512 6.38326
3.5512 6.48326
3.5512 6.58326
3.5512 6.68326
3.6512 6.38326
3.6512 6.48326
3.6512 6.58326
3.6512 6.68326
3.7512 6.38326
3.7512 6.48326
3.7512 6.58326
3.7512 6.68326
3.8512 6.38326
3.8512 6.48326
3.8512 6.58326
3.8512 6.68326
meetingroom: 0.566326 6.78776 1.5708 1 98
-1.7 4.4
-1.7 4.5
-1.7 4.6
-1.7 4.7
-1.7 4.8
-1.7 4.9
-1.7 5
-1.7 5.1
-1.7 5.2
-1.7 5.3
-1.7 5.4
-1.7 5.5
-1.7 5.6
-1.7 5.7
-1.7 5.8
-1.7 5.9
-1.7 6
-1.7 6.1
-1.7 6.2
-1.7 6.3
-1.7 6.4
-1.7 6.5
-1.7 6.6
-1.7 6.7
-1.7 6.8
-1.7 6.9
-1.7 7
-0.2 7.3
-0.2 7.4
-0.2 7.5
-0.2 7.6
-0.2 7.7
-0.1 7.3
1.1 9.9
1.2 9.9
1.3 9.9
1.4 9.9
1.5 9.9
1.6 4
1.6 4.1
1.6 4.2
1.6 4.3
1.6 4.4
1.6 4.5
1.6 4.6
1.6 4.7
1.6 4.8
1.6 4.9
1.6 5
1.6 5.1
1.6 5.2
1.6 5.3
1.6 5.4
1.6 5.5
1.6 5.6
1.6 5.7
1.6 5.8
1.6 5.9
1.6 6
1.6 6.1
1.6 6.2
1.6 6.3
1.6 6.4
1.6 6.5
1.6 6.6
1.6 6.7
1.6 6.8
1.6 6.9
1.6 7
1.6 7.1
1.6 7.2
1.6 7.3
1.6 7.4
1.6 7.5
1.6 7.6
1.6 7.7
1.6 7.8
1.6 7.9
1.6 8
1.6 8.1
1.6 8.2
1.6 8.3
1.6 8.4
1.6 8.5
1.6 8.6
1.6 8.7
1.6 8.8
1.6 8.9
1.6 9
1.6 9.1
1.6 9.2
1.6 9.3
1.6 9.4
1.6 9.5
1.6 9.6
1.6 9.7
1.6 9.8
1.6 9.9
officeroom: 3.35496 7.01298 1.5708 1 131
1.9 5.1
1.9 5.2
1.9 5.3
1.9 5.5
1.9 5.6
1.9 5.7
1.9 5.8
1.9 5.9
1.9 6
1.9 6.1
1.9 6.2
1.9 6.3
1.9 6.4
1.9 6.5
1.9 6.6
1.9 6.7
1.9 6.8
1.9 6.9
1.9 7
1.9 7.1
1.9 7.2
1.9 7.3
1.9 7.4
1.9 7.5
1.9 7.6
1.9 7.7
1.9 7.8
1.9 7.9
1.9 8
1.9 8.1
1.9 8.2
2 5.5
2 7.4
2 7.5
2 7.6
2 7.7
2 7.8
2 7.9
2 8
2 8.1
2 8.2
2 8.3
2.1 5.5
2.1 8.2
2.2 8.2
2.3 8.2
2.4 8.2
2.5 8.2
2.6 8.2
2.7 8.2
2.8 8.2
2.9 8.2
3 8.2
3.1 5.6
3.1 8.2
3.2 5.6
3.2 8.2
3.3 5.6
3.3 8.2
3.4 5.6
3.4 8.2
3.5 5.6
3.5 8.2
3.6 5.6
3.6 8.2
3.7 5.6
3.7 8.2
3.8 5.6
3.8 8.2
3.9 5.5
3.9 5.6
3.9 8.2
4 5.5
4 5.6
4 8.1
4 8.2
4.1 5.5
4.1 5.6
4.1 8.1
4.1 8.2
4.2 5.5
4.2 5.6
4.2 8.1
4.2 8.2
4.3 5.5
4.3 5.6
4.3 8.2
4.4 5.5
4.4 5.6
4.4 8.1
4.4 8.2
4.5 5.5
4.5 5.6
4.5 8.1
4.5 8.2
4.6 5.5
4.6 5.6
4.6 5.7
4.6 5.8
4.6 5.9
4.6 6
4.6 6.1
4.6 6.2
4.6 6.3
4.6 6.4
4.6 6.5
4.6 6.6
4.6 6.7
4.6 6.8
4.6 6.9
4.6 7
4.6 7.1
4.6 7.2
4.6 7.3
4.6 7.4
4.6 7.5
4.6 7.6
4.6 7.7
4.6 7.8
4.6 7.9
4.6 8
4.6 8.1
4.6 8.2
4.7 7.4
4.7 7.5
4.7 7.6
4.7 7.7
4.7 7.8
4.7 7.9
4.7 8
4.7 8.1
livingroom: -0.129687 0.907812 -1.5708 1 128
-1.8 0.1
-1.8 0.2
-1.8 0.3
-1.8 0.4
-1.8 0.5
-1.8 0.6
-1.8 0.7
-1.8 0.8
-1.8 0.9
-1.8 1
-1.8 1.1
-1.8 1.2
-1.8 1.3
-1.8 1.4
-1.8 1.5
-1.8 1.6
-1.8 1.7
-1.8 1.8
-1.8 1.9
-1.7 0.1
-1.7 0.2
-1.7 0.3
-1.7 0.4
-1.7 0.5
-1.7 0.6
-1.7 0.7
-1.7 0.8
-1.7 0.9
-1.7 1
-1.7 1.1
-1.7 1.2
-1.7 1.3
-1.7 1.4
-1.7 1.5
-1.7 1.6
-1.7 1.7
-1.7 1.8
-1.7 1.9
-1.7 2
-1.7 2.1
-1.7 2.2
-1.7 2.3
-1.7 2.4
-1.7 2.5
-1.7 2.6
-1.7 2.7
-1.7 2.8
-1.7 2.9
-1.7 3
-1.7 3.1
-1.6 0.1
-1.5 0.1
-1.4 0.1
-1.3 0.1
-1.2 0.1
-1.1 0.1
-1 0.1
-0.9 0.1
-0.8 0.1
-0.7 0.1
-0.6 0.1
-0.5 0.1
-0.4 0.1
-0.3 0.1
-0.2 0.1
-0.1 0.1
0 0.1
0.1 0.1
0.2 0.1
0.3 0.1
0.4 0.1
0.5 0.1
0.6 0.1
0.7 0.1
0.8 0.1
0.9 0
0.9 0.1
1 0
1 0.1
1.1 0
1.1 0.1
1.2 0
1.2 0.1
1.3 0
1.3 0.1
1.4 0
1.4 0.1
1.5 0
1.5 0.1
1.6 0
1.6 0.1
1.6 0.2
1.6 0.3
1.6 0.4
1.6 0.5
1.6 0.6
1.6 0.7
1.6 0.8
1.6 0.9
1.6 1
1.6 1.1
1.6 1.2
1.6 1.3
1.6 1.4
1.6 1.5
1.6 1.6
1.6 1.7
1.6 1.8
1.6 1.9
1.6 2
1.6 2.1
1.6 2.2
1.6 2.3
1.6 2.4
1.6 2.5
1.6 2.6
1.6 2.7
1.7 0.1
1.7 0.2
1.7 0.3
1.7 0.4
1.7 0.5
1.7 0.6
1.7 0.7
1.7 0.8
1.7 0.9
1.7 1
1.7 1.1
bedroom: 3.25427 1.36899 -1.5708 1 129
1.8 0.2
1.8 0.3
1.8 0.4
1.8 0.5
1.8 0.6
1.8 0.7
1.8 0.8
1.8 0.9
1.8 1
1.9 0
1.9 0.1
1.9 0.2
1.9 0.3
1.9 0.4
1.9 0.5
1.9 0.6
1.9 0.7
1.9 0.8
1.9 0.9
1.9 1
1.9 1.1
1.9 1.2
1.9 1.3
1.9 1.4
1.9 1.5
1.9 1.6
1.9 1.7
1.9 1.8
1.9 1.9
1.9 2
1.9 2.1
1.9 2.2
1.9 2.3
1.9 2.4
1.9 2.5
1.9 2.6
1.9 2.7
1.9 2.8
1.9 2.9
2 0
2 0.1
2 0.2
2 2.9
2.1 0
2.1 0.1
2.1 2.9
2.2 0
2.2 0.1
2.3 0
2.3 0.1
2.4 0.1
2.5 0.1
2.6 0.1
2.7 0.1
2.8 0.1
2.9 0.1
3 0.1
3 2.8
3.1 0.1
3.1 2.8
3.2 0.1
3.2 2.8
3.3 0.1
3.3 2.8
3.4 0.1
3.4 2.8
3.5 0.1
3.5 2.8
3.6 0.1
3.6 2.8
3.7 0.1
3.7 2.8
3.8 0.1
3.8 2.8
3.9 0.1
3.9 2.8
4 0.1
4 2.8
4.1 0.1
4.1 2.8
4.1 2.9
4.2 0.1
4.2 2.8
4.2 2.9
4.3 0.1
4.3 2.8
4.3 2.9
4.4 0.1
4.4 2.8
4.4 2.9
4.5 0.1
4.5 2.6
4.5 2.7
4.5 2.8
4.5 2.9
4.6 0.1
4.6 0.2
4.6 0.3
4.6 0.4
4.6 0.5
4.6 0.6
4.6 0.7
4.6 0.8
4.6 0.9
4.6 1
4.6 1.1
4.6 1.2
4.6 1.3
4.6 1.4
4.6 1.5
4.6 1.6
4.6 1.7
4.6 1.8
4.6 1.9
4.6 2
4.6 2.1
4.6 2.2
4.6 2.3
4.6 2.4
4.6 2.5
4.6 2.6
4.6 2.7
4.6 2.8
4.6 2.9
4.7 0.4
4.7 2.5
4.7 2.6
4.7 2.7
4.7 2.8
bed: 3.5 0.75 3.1416 1 273
4.5 1.35
4.5 1.25
4.5 1.15
4.5 1.05
4.5 0.95
4.5 0.85
4.5 0.75
4.5 0.65
4.5 0.55
4.5 0.45
4.5 0.35
4.5 0.25
4.5 0.15
4.4 1.35
4.4 1.25
4.4 1.15
4.4 1.05
4.4 0.95
4.4 0.85
4.4 0.75
4.4 0.65
4.4 0.55
4.4 0.45
4.4 0.35
4.4 0.25
4.4 0.15
4.3 1.35
4.3 1.25
4.3 1.15
4.3 1.05
4.3 0.95
4.3 0.85
4.3 0.75
4.3 0.65
4.3 0.55
4.3 0.45
4.3 0.35
4.3 0.25
4.3 0.15
4.2 1.35
4.2 1.25
4.2 1.15
4.2 1.05
4.2 0.95
4.2 0.85
4.2 0.75
4.2 0.65
4.2 0.55
4.2 0.45
4.2 0.35
4.2 0.25
4.2 0.15
4.1 1.35
4.1 1.25
4.1 1.15
4.1 1.05
4.1 0.95
4.1 0.85
4.1 0.75
4.1 0.65
4.1 0.55
4.1 0.45
4.1 0.35
4.1 0.25
4.1 0.15
4 1.35
4 1.25
4 1.15
4 1.05
4 0.95
4 0.85
4 0.75
4 0.65
4 0.55
4 0.45
4 0.35
4 0.25
4 0.15
3.9 1.35
3.9 1.25
3.9 1.15
3.9 1.05
3.9 0.95
3.9 0.85
3.9 0.75
3.9 0.65
3.9 0.55
3.9 0.45
3.9 0.35
3.9 0.25
3.9 0.15
3.8 1.35
3.8 1.25
3.8 1.15
3.8 1.05
3.8 0.95
3.8 0.85
3.8 0.75
3.8 0.65
3.8 0.55
3.8 0.45
3.8 0.35
3.8 0.25
3.8 0.15
3.7 1.35
3.7 1.25
3.7 1.15
3.7 1.05
3.7 0.95
3.7 0.85
3.7 0.75
3.7 0.65
3.7 0.55
3.7 0.45
3.7 0.35
3.7 0.25
3.7 0.15
3.6 1.35
3.6 1.25
3.6 1.15
3.6 1.05
3.6 0.95
3.6 0.85
3.6 0.75
3.6 0.65
3.6 0.55
3.6 0.45
3.6 0.35
3.6 0.25
3.6 0.15
3.5 1.35
3.5 1.25
3.5 1.15
3.5 1.05
3.5 0.95
3.5 0.85
3.5 0.75
3.5 0.65
3.5 0.55
3.5 0.45
3.5 0.35
3.5 0.25
3.5 0.15
3.4 1.35
3.4 1.25
3.4 1.15
3.4 1.05
3.4 0.95
3.4 0.85
3.4 0.75
3.4 0.65
3.4 0.55
3.4 0.45
3.4 0.35
3.4 0.25
3.4 0.15
3.3 1.35
3.3 1.25
3.3 1.15
3.3 1.05
3.3 0.95
3.3 0.85
3.3 0.75
3.3 0.65
3.3 0.55
3.3 0.45
3.3 0.35
3.3 0.25
3.3 0.15
3.2 1.35
3.2 1.25
3.2 1.15
3.2 1.05
3.2 0.95
3.2 0.85
3.2 0.75
3.2 0.65
3.2 0.55
3.2 0.45
3.2 0.35
3.2 0.25
3.2 0.15
3.1 1.35
3.1 1.25
3.1 1.15
3.1 1.05
3.1 0.95
3.1 0.85
3.1 0.75
3.1 0.65
3.1 0.55
3.1 0.45
3.1 0.35
3.1 0.25
3.1 0.15
3 1.35
3 1.25
3 1.15
3 1.05
3 0.95
3 0.85
3 0.75
3 0.65
3 0.55
3 0.45
3 0.35
3 0.25
3 0.15
2.9 1.35
2.9 1.25
2.9 1.15
2.9 1.05
2.9 0.95
2.9 0.85
2.9 0.75
2.9 0.65
2.9 0.55
2.9 0.45
2.9 0.35
2.9 0.25
2.9 0.15
2.8 1.35
2.8 1.25
2.8 1.15
2.8 1.05
2.8 0.95
2.8 0.85
2.8 0.75
2.8 0.65
2.8 0.55
2.8 0.45
2.8 0.35
2.8 0.25
2.8 0.15
2.7 1.35
2.7 1.25
2.7 1.15
2.7 1.05
2.7 0.95
2.7 0.85
2.7 0.75
2.7 0.65
2.7 0.55
2.7 0.45
2.7 0.35
2.7 0.25
2.7 0.15
2.6 1.35
2.6 1.25
2.6 1.15
2.6 1.05
2.6 0.95
2.6 0.85
2.6 0.75
2.6 0.65
2.6 0.55
2.6 0.45
2.6 0.35
2.6 0.25
2.6 0.15
2.5 1.35
2.5 1.25
2.5 1.15
2.5 1.05
2.5 0.95
2.5 0.85
2.5 0.75
2.5 0.65
2.5 0.55
2.5 0.45
2.5 0.35
2.5 0.25
2.5 0.15
room: 3.35496 7.01298 1.5708 1 131
1.9 5.1
1.9 5.2
1.9 5.3
1.9 5.5
1.9 5.6
1.9 5.7
1.9 5.8
1.9 5.9
1.9 6
1.9 6.1
1.9 6.2
1.9 6.3
1.9 6.4
1.9 6.5
1.9 6.6
1.9 6.7
1.9 6.8
1.9 6.9
1.9 7
1.9 7.1
1.9 7.2
1.9 7.3
1.9 7.4
1.9 7.5
1.9 7.6
1.9 7.7
1.9 7.8
1.9 7.9
1.9 8
1.9 8.1
1.9 8.2
2 5.5
2 7.4
2 7.5
2 7.6
2 7.7
2 7.8
2 7.9
2 8
2 8.1
2 8.2
2 8.3
2.1 5.5
2.1 8.2
2.2 8.2
2.3 8.2
2.4 8.2
2.5 8.2
2.6 8.2
2.7 8.2
2.8 8.2
2.9 8.2
3 8.2
3.1 5.6
3.1 8.2
3.2 5.6
3.2 8.2
3.3 5.6
3.3 8.2
3.4 5.6
3.4 8.2
3.5 5.6
3.5 8.2
3.6 5.6
3.6 8.2
3.7 5.6
3.7 8.2
3.8 5.6
3.8 8.2
3.9 5.5
3.9 5.6
3.9 8.2
4 5.5
4 5.6
4 8.1
4 8.2
4.1 5.5
4.1 5.6
4.1 8.1
4.1 8.2
4.2 5.5
4.2 5.6
4.2 8.1
4.2 8.2
4.3 5.5
4.3 5.6
4.3 8.2
4.4 5.5
4.4 5.6
4.4 8.1
4.4 8.2
4.5 5.5
4.5 5.6
4.5 8.1
4.5 8.2
4.6 5.5
4.6 5.6
4.6 5.7
4.6 5.8
4.6 5.9
4.6 6
4.6 6.1
4.6 6.2
4.6 6.3
4.6 6.4
4.6 6.5
4.6 6.6
4.6 6.7
4.6 6.8
4.6 6.9
4.6 7
4.6 7.1
4.6 7.2
4.6 7.3
4.6 7.4
4.6 7.5
4.6 7.6
4.6 7.7
4.6 7.8
4.6 7.9
4.6 8
4.6 8.1
4.6 8.2
4.7 7.4
4.7 7.5
4.7 7.6
4.7 7.7
4.7 7.8
4.7 7.9
4.7 8
4.7 8.1
table: 2.57709 7.34306 -1 0.991868 442
2.16459 8.05525
2.14414 8.00963
2.18976 7.98917
2.21022 8.0348
2.16931 7.94355
2.14885 7.89792
2.17402 7.83184
2.19448 7.87747
2.21493 7.92309
2.23539 7.96872
2.25584 8.01434
2.2763 8.05997
2.15357 7.78622
2.17873 7.72014
2.19919 7.76577
2.21965 7.81139
2.2401 7.85701
2.26056 7.90264
2.28101 7.94826
2.30147 7.99389
2.32192 8.03951
2.15828 7.67452
2.18345 7.60844
2.2039 7.65406
2.22436 7.69969
2.24481 7.74531
2.26527 7.79093
2.28572 7.83656
2.30618 7.88218
2.32664 7.92781
2.34709 7.97343
2.36755 8.01906
2.388 8.06468
2.16299 7.56281
2.14254 7.51719
2.18816 7.49673
2.20862 7.54236
2.22907 7.58798
2.24953 7.63361
2.26998 7.67923
2.29044 7.72485
2.31089 7.77048
2.33135 7.8161
2.3518 7.86173
2.37226 7.90735
2.39272 7.95298
2.41317 7.9986
2.43363 8.04422
2.16771 7.45111
2.14725 7.40548
2.17242 7.3394
2.19288 7.38503
2.21333 7.43065
2.23379 7.47628
2.25424 7.5219
2.2747 7.56753
2.29515 7.61315
2.31561 7.65877
2.33606 7.7044
2.35652 7.75002
2.37697 7.79565
2.39743 7.84127
2.41788 7.8869
2.43834 7.93252
2.45879 7.97815
2.47925 8.02377
2.49971 8.06939
2.15196 7.29378
2.17713 7.2277
2.19759 7.27332
2.21804 7.31895
2.2385 7.36457
2.25896 7.4102
2.27941 7.45582
2.29987 7.50145
2.32032 7.54707
2.34078 7.5927
2.36123 7.63832
2.38169 7.68394
2.40214 7.72957
2.4226 7.77519
2.44305 7.82082
2.46351 7.86644
2.48396 7.91207
2.50442 7.95769
2.52487 8.00331
2.54533 8.04894
2.15668 7.18208
2.13622 7.13645
2.18185 7.116
2.2023 7.16162
2.22276 7.20725
2.24321 7.25287
2.26367 7.29849
2.28412 7.34412
2.30458 7.38974
2.32503 7.43537
2.34549 7.48099
2.36595 7.52662
2.3864 7.57224
2.40686 7.61786
2.42731 7.66349
2.44777 7.70911
2.46822 7.75474
2.48868 7.80036
2.50913 7.84599
2.52959 7.89161
2.55004 7.93723
2.5705 7.98286
2.59095 8.02848
2.16139 7.07037
2.14094 7.02475
2.18656 7.00429
2.20702 7.04992
2.22747 7.09554
2.24793 7.14117
2.26838 7.18679
2.28884 7.23241
2.30929 7.27804
2.32975 7.32366
2.3502 7.36929
2.37066 7.41491
2.39111 7.46054
2.41157 7.50616
2.43202 7.55178
2.45248 7.59741
2.47294 7.64303
2.49339 7.68866
2.51385 7.73428
2.5343 7.77991
2.55476 7.82553
2.57521 7.87115
2.59567 7.91678
2.61612 7.9624
2.63658 8.00803
2.16611 6.95867
2.14565 6.91304
2.19127 6.89259
2.21173 6.93821
2.23219 6.98384
2.25264 7.02946
2.2731 7.07509
2.29355 7.12071
2.31401 7.16633
2.33446 7.21196
2.35492 7.25758
2.37537 7.30321
2.39583 7.34883
2.41628 7.39446
2.43674 7.44008
2.45719 7.4857
2.47765 7.53133
2.4981 7.57695
2.51856 7.62258
2.53902 7.6682
2.55947 7.71383
2.57993 7.75945
2.60038 7.80508
2.62084 7.8507
2.64129 7.89632
2.66175 7.94195
2.17082 6.84696
2.15036 6.80134
2.19599 6.78088
2.21644 6.82651
2.2369 6.87213
2.25735 6.91776
2.27781 6.96338
2.29826 7.00901
2.31872 7.05463
2.33918 7.10026
2.35963 7.14588
2.38009 7.1915
2.40054 7.23713
2.421 7.28275
2.44145 7.32838
2.46191 7.374
2.48236 7.41963
2.50282 7.46525
2.52327 7.51087
2.54373 7.5565
2.56418 7.60212
2.58464 7.64775
2.60509 7.69337
2.62555 7.739
2.64601 7.78462
2.66646 7.83024
2.68692 7.87587
2.17553 6.73526
2.63338 7.02315
2.65383 7.06877
2.69946 7.04832
2.679 7.00269
2.65855 6.95707
2.63809 6.91144
2.24161 6.76043
2.26207 6.80605
2.28252 6.85168
2.30298 6.8973
2.32343 6.94293
2.40526 7.12542
2.42571 7.17105
2.44617 7.21667
2.46662 7.2623
2.48708 7.30792
2.50753 7.35355
2.52799 7.39917
2.54844 7.44479
2.5689 7.49042
2.58935 7.53604
2.60981 7.58167
2.63026 7.62729
2.65072 7.67292
2.67117 7.71854
2.69163 7.76416
2.71209 7.80979
2.73254 7.85541
2.28724 6.73997
2.30769 6.7856
2.32815 6.83122
2.3486 6.87685
2.36906 6.92247
2.45088 7.10497
2.47133 7.15059
2.49179 7.19622
2.51225 7.24184
2.5327 7.28747
2.55316 7.33309
2.57361 7.37871
2.59407 7.42434
2.61452 7.46996
2.63498 7.51559
2.65543 7.56121
2.67589 7.60684
2.69634 7.65246
2.7168 7.69808
2.73725 7.74371
2.75771 7.78933
2.33286 6.71952
2.35332 6.76514
2.37377 6.81077
2.39423 6.85639
2.41468 6.90202
2.4965 7.08451
2.51696 7.13014
2.53741 7.17576
2.55787 7.22139
2.57833 7.26701
2.59878 7.31263
2.61924 7.35826
2.63969 7.40388
2.66015 7.44951
2.6806 7.49513
2.70106 7.54076
2.72151 7.58638
2.74197 7.63201
2.76242 7.67763
2.78288 7.72325
2.80333 7.76888
2.43514 6.94764
2.39894 6.74469
2.4194 6.79031
2.43985 6.83594
2.46031 6.88156
2.48076 6.92719
2.54213 7.06406
2.56258 7.10968
2.58304 7.15531
2.60349 7.20093
2.62395 7.24656
2.6444 7.29218
2.66486 7.3378
2.68532 7.38343
2.70577 7.42905
2.72623 7.47468
2.74668 7.5203
2.76714 7.56593
2.78759 7.61155
2.80805 7.65717
2.8285 7.7028
2.44457 6.72423
2.46502 6.76986
2.48548 6.81548
2.50593 6.86111
2.52639 6.90673
2.60821 7.08923
2.62866 7.13485
2.64912 7.18048
2.66957 7.2261
2.69003 7.27172
2.71048 7.31735
2.73094 7.36297
2.7514 7.4086
2.77185 7.45422
2.79231 7.49985
2.81276 7.54547
2.83322 7.59109
2.85367 7.63672
2.87413 7.68234
2.51064 6.7494
2.5311 6.79503
2.55156 6.84065
2.57201 6.88627
2.67429 7.1144
2.69474 7.16002
2.7152 7.20564
2.73565 7.25127
2.75611 7.29689
2.77656 7.34252
2.79702 7.38814
2.81747 7.43377
2.83793 7.47939
2.85839 7.52501
2.87884 7.57064
2.8993 7.61626
2.59247 6.9319
2.61292 6.97752
2.55627 6.72895
2.57672 6.77457
2.59718 6.82019
2.61764 6.86582
2.71991 7.09394
2.74037 7.13956
2.76082 7.18519
2.78128 7.23081
2.80173 7.27644
2.82219 7.32206
2.84264 7.36769
2.8631 7.41331
2.88355 7.45893
2.90401 7.50456
2.92447 7.55018
2.94492 7.59581
2.62235 6.75412
2.6428 6.79974
2.66326 6.84536
2.68371 6.89099
2.70417 6.93661
2.72463 6.98224
2.74508 7.02786
2.76554 7.07349
2.78599 7.11911
2.80645 7.16473
2.8269 7.21036
2.84736 7.25598
2.86781 7.30161
2.88827 7.34723
2.90872 7.39286
2.92918 7.43848
2.94963 7.4841
2.97009 7.52973
2.66797 6.73366
2.68843 6.77928
2.70888 6.82491
2.72934 6.87053
2.74979 6.91616
2.77025 6.96178
2.79071 7.00741
2.81116 7.05303
2.83162 7.09865
2.85207 7.14428
2.87253 7.1899
2.89298 7.23553
2.91344 7.28115
2.93389 7.32678
2.95435 7.3724
2.9748 7.41802
2.99526 7.46365
3.01571 7.50927
2.73405 6.75883
2.75451 6.80445
2.77496 6.85008
2.79542 6.8957
2.81587 6.94133
2.83633 6.98695
2.85678 7.03257
2.87724 7.0782
2.8977 7.12382
2.91815 7.16945
2.93861 7.21507
2.95906 7.2607
2.97952 7.30632
2.99997 7.35194
3.02043 7.39757
3.04088 7.44319
2.77968 6.73837
2.80013 6.784
2.82059 6.82962
2.84104 6.87525
2.8615 6.92087
2.88195 6.96649
2.90241 7.01212
2.92286 7.05774
2.94332 7.10337
2.96378 7.14899
2.98423 7.19462
3.00469 7.24024
3.02514 7.28586
3.0456 7.33149
3.06605 7.37711
3.08651 7.42274
2.8253 6.71792
2.84576 6.76354
2.86621 6.80917
2.88667 6.85479
2.90712 6.90041
2.92758 6.94604
2.94803 6.99166
2.96849 7.03729
2.98894 7.08291
3.0094 7.12854
3.02985 7.17416
3.05031 7.21979
3.07077 7.26541
3.09122 7.31103
3.11168 7.35666
2.89138 6.74309
2.91184 6.78871
2.93229 6.83434
2.95275 6.87996
2.9732 6.92558
2.99366 6.97121
3.01411 7.01683
3.03457 7.06246
3.05502 7.10808
3.07548 7.15371
3.09593 7.19933
3.11639 7.24495
3.13685 7.29058
2.93701 6.72263
2.95746 6.76826
2.97792 6.81388
2.99837 6.8595
3.01883 6.90513
3.03928 6.95075
3.05974 6.99638
3.08019 7.042
3.10065 7.08763
3.1211 7.13325
3.14156 7.17887
3.16201 7.2245
3.18247 7.27012
table: 4.15471 6.18175 -1 0.864336 85
4.25916 5.98883
4.34179 6.04516
4.30048 6.017
4.21785 5.96067
4.3831 6.07332
4.17653 5.93251
4.31363 6.08647
4.27231 6.05831
4.231 6.03015
4.18969 6.00199
4.35494 6.11464
4.14837 5.97382
4.10706 5.94566
4.39626 6.1428
4.36809 6.18411
4.32678 6.15595
4.28546 6.12779
4.24415 6.09963
4.20284 6.07146
4.16152 6.0433
4.12021 6.01514
4.07889 5.98697
4.03758 5.95881
4.40941 6.21228
4.33993 6.22543
4.29862 6.19727
4.2573 6.1691
4.21599 6.14094
4.17467 6.11278
4.13336 6.08461
4.09205 6.05645
4.05073 6.02829
4.38124 6.25359
4.00942 6.00013
4.35308 6.29491
4.31177 6.26674
4.27045 6.23858
4.22914 6.21042
4.18782 6.18225
4.14651 6.15409
4.1052 6.12593
4.06388 6.09777
4.02257 6.0696
3.98125 6.04144
4.32492 6.33622
4.2836 6.30806
4.24229 6.27989
4.20098 6.25173
4.15966 6.22357
4.11835 6.19541
4.07703 6.16724
4.03572 6.13908
3.99441 6.11092
3.95309 6.08275
4.00756 6.18039
3.92493 6.12407
4.25544 6.34937
4.21413 6.32121
4.17281 6.29305
4.1315 6.26488
4.09019 6.23672
4.04887 6.20856
3.96624 6.15223
3.89677 6.16538
4.29676 6.37753
3.93808 6.19354
4.22728 6.39069
4.18596 6.36252
4.14465 6.33436
4.10334 6.3062
4.06202 6.27803
4.02071 6.24987
3.97939 6.22171
4.1578 6.40384
4.11649 6.37567
4.07517 6.34751
4.03386 6.31935
3.99255 6.29118
3.95123 6.26302
4.19912 6.432
3.90992 6.23486
4.08832 6.41699
4.04701 6.38882
4.0057 6.36066
3.96438 6.3325
chair: 3.54997 7.30697 2.82766 1 102
3.79961 7.41492
3.76291 7.35448
3.81148 7.36635
3.75104 7.40305
3.77479 7.30591
3.82336 7.31778
3.77586 7.51206
3.78666 7.25734
3.79853 7.20877
3.74996 7.1969
3.83523 7.26922
3.81041 7.1602
3.76184 7.14833
3.77371 7.09976
3.82228 7.11163
3.4607 7.53796
3.50927 7.54984
3.55784 7.56171
3.47257 7.48939
3.52114 7.50127
3.56971 7.51314
3.61828 7.52501
3.66685 7.53689
3.71542 7.54876
3.63016 7.47644
3.67872 7.48832
3.72729 7.50019
3.41213 7.52609
3.424 7.47752
3.8471 7.22065
3.36356 7.51422
3.31499 7.50234
3.32686 7.45377
3.37543 7.46565
3.27829 7.4419
3.58159 7.46457
3.48445 7.44082
3.53302 7.4527
3.38731 7.41708
3.43588 7.42895
3.29017 7.39333
3.33874 7.4052
3.73917 7.45162
3.6906 7.43975
3.59346 7.416
3.64203 7.42787
3.35061 7.35663
3.45855 7.12566
3.39918 7.36851
3.44775 7.38038
3.49632 7.39225
3.54489 7.40413
3.30204 7.34476
3.50712 7.13753
3.25347 7.33289
3.55569 7.14941
3.44667 7.17423
3.40998 7.11379
3.60426 7.16128
3.70247 7.39118
3.6539 7.3793
3.26534 7.28432
3.31391 7.29619
3.36248 7.30806
3.47042 7.07709
3.51899 7.08896
3.56756 7.10084
3.61613 7.11271
3.6647 7.12458
3.60533 7.36743
3.71327 7.13646
3.71434 7.34261
3.32579 7.24762
3.27722 7.23575
3.67657 7.07601
3.72514 7.08789
3.37436 7.25949
3.42293 7.27137
3.72622 7.29404
3.28909 7.18718
3.33766 7.19905
3.38623 7.21093
3.4348 7.2228
3.4715 7.28324
3.48337 7.23467
3.53194 7.24654
3.36141 7.10191
3.58051 7.25842
3.67765 7.28217
3.73809 7.24547
3.30096 7.13861
3.34953 7.15048
3.62908 7.27029
3.3981 7.16236
3.49524 7.1861
3.54381 7.19798
3.64095 7.22172
3.59238 7.20985
3.68952 7.23359
3.70139 7.18503
3.65283 7.17315
3.31284 7.09004
