OR: -0.578948 6.05168 5.93938 7.96297e-38 16
-0.728948 5.90168
-0.728948 6.00168
-0.728948 6.10168
-0.728948 6.20168
-0.628948 5.90168
-0.628948 6.00168
-0.628948 6.10168
-0.628948 6.20168
-0.528948 5.90168
-0.528948 6.00168
-0.528948 6.10168
-0.528948 6.20168
-0.428948 5.90168
-0.428948 6.00168
-0.428948 6.10168
-0.428948 6.20168
CR: 0.114873 6.07305 6.27557 0.5 16
-0.0351271 5.92305
-0.0351271 6.02305
-0.0351271 6.12305
-0.0351271 6.22305
0.0648729 5.92305
0.0648729 6.02305
0.0648729 6.12305
0.0648729 6.22305
0.164873 5.92305
0.164873 6.02305
0.164873 6.12305
0.164873 6.22305
0.264873 5.92305
0.264873 6.02305
0.264873 6.12305
0.264873 6.22305
meetingroom: 0.566326 6.78776 1.5708 1 98
-1.7 4.4
-1.7 4.5
-1.7 4.6
-1.7 4.7
-1.7 4.8
-1.7 4.9
-1.7 5
-1.7 5.1
-1.7 5.2
-1.7 5.3
-1.7 5.4
-1.7 5.5
-1.7 5.6
-1.7 5.7
-1.7 5.8
-1.7 5.9
-1.7 6
-1.7 6.1
-1.7 6.2
-1.7 6.3
-1.7 6.4
-1.7 6.5
-1.7 6.6
-1.7 6.7
-1.7 6.8
-1.7 6.9
-1.7 7
-0.2 7.3
-0.2 7.4
-0.2 7.5
-0.2 7.6
-0.2 7.7
-0.1 7.3
1.1 9.9
1.2 9.9
1.3 9.9
1.4 9.9
1.5 9.9
1.6 4
1.6 4.1
1.6 4.2
1.6 4.3
1.6 4.4
1.6 4.5
1.6 4.6
1.6 4.7
1.6 4.8
1.6 4.9
1.6 5
1.6 5.1
1.6 5.2
1.6 5.3
1.6 5.4
1.6 5.5
1.6 5.6
1.6 5.7
1.6 5.8
1.6 5.9
1.6 6
1.6 6.1
1.6 6.2
1.6 6.3
1.6 6.4
1.6 6.5
1.6 6.6
1.6 6.7
1.6 6.8
1.6 6.9
1.6 7
1.6 7.1
1.6 7.2
1.6 7.3
1.6 7.4
1.6 7.5
1.6 7.6
1.6 7.7
1.6 7.8
1.6 7.9
1.6 8
1.6 8.1
1.6 8.2
1.6 8.3
1.6 8.4
1.6 8.5
1.6 8.6
1.6 8.7
1.6 8.8
1.6 8.9
1.6 9
1.6 9.1
1.6 9.2
1.6 9.3
1.6 9.4
1.6 9.5
1.6 9.6
1.6 9.7
1.6 9.8
1.6 9.9
officeroom: 3.35496 7.01298 1.5708 1 131
1.9 5.1
1.9 5.2
1.9 5.3
1.9 5.5
1.9 5.6
1.9 5.7
1.9 5.8
1.9 5.9
1.9 6
1.9 6.1
1.9 6.2
1.9 6.3
1.9 6.4
1.9 6.5
1.9 6.6
1.9 6.7
1.9 6.8
1.9 6.9
1.9 7
1.9 7.1
1.9 7.2
1.9 7.3
1.9 7.4
1.9 7.5
1.9 7.6
1.9 7.7
1.9 7.8
1.9 7.9
1.9 8
1.9 8.1
1.9 8.2
2 5.5
2 7.4
2 7.5
2 7.6
2 7.7
2 7.8
2 7.9
2 8
2 8.1
2 8.2
2 8.3
2.1 5.5
2.1 8.2
2.2 8.2
2.3 8.2
2.4 8.2
2.5 8.2
2.6 8.2
2.7 8.2
2.8 8.2
2.9 8.2
3 8.2
3.1 5.6
3.1 8.2
3.2 5.6
3.2 8.2
3.3 5.6
3.3 8.2
3.4 5.6
3.4 8.2
3.5 5.6
3.5 8.2
3.6 5.6
3.6 8.2
3.7 5.6
3.7 8.2
3.8 5.6
3.8 8.2
3.9 5.5
3.9 5.6
3.9 8.2
4 5.5
4 5.6
4 8.1
4 8.2
4.1 5.5
4.1 5.6
4.1 8.1
4.1 8.2
4.2 5.5
4.2 5.6
4.2 8.1
4.2 8.2
4.3 5.5
4.3 5.6
4.3 8.2
4.4 5.5
4.4 5.6
4.4 8.1
4.4 8.2
4.5 5.5
4.5 5.6
4.5 8.1
4.5 8.2
4.6 5.5
4.6 5.6
4.6 5.7
4.6 5.8
4.6 5.9
4.6 6
4.6 6.1
4.6 6.2
4.6 6.3
4.6 6.4
4.6 6.5
4.6 6.6
4.6 6.7
4.6 6.8
4.6 6.9
4.6 7
4.6 7.1
4.6 7.2
4.6 7.3
4.6 7.4
4.6 7.5
4.6 7.6
4.6 7.7
4.6 7.8
4.6 7.9
4.6 8
4.6 8.1
4.6 8.2
4.7 7.4
4.7 7.5
4.7 7.6
4.7 7.7
4.7 7.8
4.7 7.9
4.7 8
4.7 8.1
livingroom: -0.129687 0.907812 -1.5708 1 128
-1.8 0.1
-1.8 0.2
-1.8 0.3
-1.8 0.4
-1.8 0.5
-1.8 0.6
-1.8 0.7
-1.8 0.8
-1.8 0.9
-1.8 1
-1.8 1.1
-1.8 1.2
-1.8 1.3
-1.8 1.4
-1.8 1.5
-1.8 1.6
-1.8 1.7
-1.8 1.8
-1.8 1.9
-1.7 0.1
-1.7 0.2
-1.7 0.3
-1.7 0.4
-1.7 0.5
-1.7 0.6
-1.7 0.7
-1.7 0.8
-1.7 0.9
-1.7 1
-1.7 1.1
-1.7 1.2
-1.7 1.3
-1.7 1.4
-1.7 1.5
-1.7 1.6
-1.7 1.7
-1.7 1.8
-1.7 1.9
-1.7 2
-1.7 2.1
-1.7 2.2
-1.7 2.3
-1.7 2.4
-1.7 2.5
-1.7 2.6
-1.7 2.7
-1.7 2.8
-1.7 2.9
-1.7 3
-1.7 3.1
-1.6 0.1
-1.5 0.1
-1.4 0.1
-1.3 0.1
-1.2 0.1
-1.1 0.1
-1 0.1
-0.9 0.1
-0.8 0.1
-0.7 0.1
-0.6 0.1
-0.5 0.1
-0.4 0.1
-0.3 0.1
-0.2 0.1
-0.1 0.1
0 0.1
0.1 0.1
0.2 0.1
0.3 0.1
0.4 0.1
0.5 0.1
0.6 0.1
0.7 0.1
0.8 0.1
0.9 0
0.9 0.1
1 0
1 0.1
1.1 0
1.1 0.1
1.2 0
1.2 0.1
1.3 0
1.3 0.1
1.4 0
1.4 0.1
1.5 0
1.5 0.1
1.6 0
1.6 0.1
1.6 0.2
1.6 0.3
1.6 0.4
1.6 0.5
1.6 0.6
1.6 0.7
1.6 0.8
1.6 0.9
1.6 1
1.6 1.1
1.6 1.2
1.6 1.3
1.6 1.4
1.6 1.5
1.6 1.6
1.6 1.7
1.6 1.8
1.6 1.9
1.6 2
1.6 2.1
1.6 2.2
1.6 2.3
1.6 2.4
1.6 2.5
1.6 2.6
1.6 2.7
1.7 0.1
1.7 0.2
1.7 0.3
1.7 0.4
1.7 0.5
1.7 0.6
1.7 0.7
1.7 0.8
1.7 0.9
1.7 1
1.7 1.1
bedroom: 3.25427 1.36899 -1.5708 1 129
1.8 0.2
1.8 0.3
1.8 0.4
1.8 0.5
1.8 0.6
1.8 0.7
1.8 0.8
1.8 0.9
1.8 1
1.9 0
1.9 0.1
1.9 0.2
1.9 0.3
1.9 0.4
1.9 0.5
1.9 0.6
1.9 0.7
1.9 0.8
1.9 0.9
1.9 1
1.9 1.1
1.9 1.2
1.9 1.3
1.9 1.4
1.9 1.5
1.9 1.6
1.9 1.7
1.9 1.8
1.9 1.9
1.9 2
1.9 2.1
1.9 2.2
1.9 2.3
1.9 2.4
1.9 2.5
1.9 2.6
1.9 2.7
1.9 2.8
1.9 2.9
2 0
2 0.1
2 0.2
2 2.9
2.1 0
2.1 0.1
2.1 2.9
2.2 0
2.2 0.1
2.3 0
2.3 0.1
2.4 0.1
2.5 0.1
2.6 0.1
2.7 0.1
2.8 0.1
2.9 0.1
3 0.1
3 2.8
3.1 0.1
3.1 2.8
3.2 0.1
3.2 2.8
3.3 0.1
3.3 2.8
3.4 0.1
3.4 2.8
3.5 0.1
3.5 2.8
3.6 0.1
3.6 2.8
3.7 0.1
3.7 2.8
3.8 0.1
3.8 2.8
3.9 0.1
3.9 2.8
4 0.1
4 2.8
4.1 0.1
4.1 2.8
4.1 2.9
4.2 0.1
4.2 2.8
4.2 2.9
4.3 0.1
4.3 2.8
4.3 2.9
4.4 0.1
4.4 2.8
4.4 2.9
4.5 0.1
4.5 2.6
4.5 2.7
4.5 2.8
4.5 2.9
4.6 0.1
4.6 0.2
4.6 0.3
4.6 0.4
4.6 0.5
4.6 0.6
4.6 0.7
4.6 0.8
4.6 0.9
4.6 1
4.6 1.1
4.6 1.2
4.6 1.3
4.6 1.4
4.6 1.5
4.6 1.6
4.6 1.7
4.6 1.8
4.6 1.9
4.6 2
4.6 2.1
4.6 2.2
4.6 2.3
4.6 2.4
4.6 2.5
4.6 2.6
4.6 2.7
4.6 2.8
4.6 2.9
4.7 0.4
4.7 2.5
4.7 2.6
4.7 2.7
4.7 2.8
bed: 3.5 0.75 3.1416 1 273
4.5 1.35
4.5 1.25
4.5 1.15
4.5 1.05
4.5 0.95
4.5 0.85
4.5 0.75
4.5 0.65
4.5 0.55
4.5 0.45
4.5 0.35
4.5 0.25
4.5 0.15
4.4 1.35
4.4 1.25
4.4 1.15
4.4 1.05
4.4 0.95
4.4 0.85
4.4 0.75
4.4 0.65
4.4 0.55
4.4 0.45
4.4 0.35
4.4 0.25
4.4 0.15
4.3 1.35
4.3 1.25
4.3 1.15
4.3 1.05
4.3 0.95
4.3 0.85
4.3 0.75
4.3 0.65
4.3 0.55
4.3 0.45
4.3 0.35
4.3 0.25
4.3 0.15
4.2 1.35
4.2 1.25
4.2 1.15
4.2 1.05
4.2 0.95
4.2 0.85
4.2 0.75
4.2 0.65
4.2 0.55
4.2 0.45
4.2 0.35
4.2 0.25
4.2 0.15
4.1 1.35
4.1 1.25
4.1 1.15
4.1 1.05
4.1 0.95
4.1 0.85
4.1 0.75
4.1 0.65
4.1 0.55
4.1 0.45
4.1 0.35
4.1 0.25
4.1 0.15
4 1.35
4 1.25
4 1.15
4 1.05
4 0.95
4 0.85
4 0.75
4 0.65
4 0.55
4 0.45
4 0.35
4 0.25
4 0.15
3.9 1.35
3.9 1.25
3.9 1.15
3.9 1.05
3.9 0.95
3.9 0.85
3.9 0.75
3.9 0.65
3.9 0.55
3.9 0.45
3.9 0.35
3.9 0.25
3.9 0.15
3.8 1.35
3.8 1.25
3.8 1.15
3.8 1.05
3.8 0.95
3.8 0.85
3.8 0.75
3.8 0.65
3.8 0.55
3.8 0.45
3.8 0.35
3.8 0.25
3.8 0.15
3.7 1.35
3.7 1.25
3.7 1.15
3.7 1.05
3.7 0.95
3.7 0.85
3.7 0.75
3.7 0.65
3.7 0.55
3.7 0.45
3.7 0.35
3.7 0.25
3.7 0.15
3.6 1.35
3.6 1.25
3.6 1.15
3.6 1.05
3.6 0.95
3.6 0.85
3.6 0.75
3.6 0.65
3.6 0.55
3.6 0.45
3.6 0.35
3.6 0.25
3.6 0.15
3.5 1.35
3.5 1.25
3.5 1.15
3.5 1.05
3.5 0.95
3.5 0.85
3.5 0.75
3.5 0.65
3.5 0.55
3.5 0.45
3.5 0.35
3.5 0.25
3.5 0.15
3.4 1.35
3.4 1.25
3.4 1.15
3.4 1.05
3.4 0.95
3.4 0.85
3.4 0.75
3.4 0.65
3.4 0.55
3.4 0.45
3.4 0.35
3.4 0.25
3.4 0.15
3.3 1.35
3.3 1.25
3.3 1.15
3.3 1.05
3.3 0.95
3.3 0.85
3.3 0.75
3.3 0.65
3.3 0.55
3.3 0.45
3.3 0.35
3.3 0.25
3.3 0.15
3.2 1.35
3.2 1.25
3.2 1.15
3.2 1.05
3.2 0.95
3.2 0.85
3.2 0.75
3.2 0.65
3.2 0.55
3.2 0.45
3.2 0.35
3.2 0.25
3.2 0.15
3.1 1.35
3.1 1.25
3.1 1.15
3.1 1.05
3.1 0.95
3.1 0.85
3.1 0.75
3.1 0.65
3.1 0.55
3.1 0.45
3.1 0.35
3.1 0.25
3.1 0.15
3 1.35
3 1.25
3 1.15
3 1.05
3 0.95
3 0.85
3 0.75
3 0.65
3 0.55
3 0.45
3 0.35
3 0.25
3 0.15
2.9 1.35
2.9 1.25
2.9 1.15
2.9 1.05
2.9 0.95
2.9 0.85
2.9 0.75
2.9 0.65
2.9 0.55
2.9 0.45
2.9 0.35
2.9 0.25
2.9 0.15
2.8 1.35
2.8 1.25
2.8 1.15
2.8 1.05
2.8 0.95
2.8 0.85
2.8 0.75
2.8 0.65
2.8 0.55
2.8 0.45
2.8 0.35
2.8 0.25
2.8 0.15
2.7 1.35
2.7 1.25
2.7 1.15
2.7 1.05
2.7 0.95
2.7 0.85
2.7 0.75
2.7 0.65
2.7 0.55
2.7 0.45
2.7 0.35
2.7 0.25
2.7 0.15
2.6 1.35
2.6 1.25
2.6 1.15
2.6 1.05
2.6 0.95
2.6 0.85
2.6 0.75
2.6 0.65
2.6 0.55
2.6 0.45
2.6 0.35
2.6 0.25
2.6 0.15
2.5 1.35
2.5 1.25
2.5 1.15
2.5 1.05
2.5 0.95
2.5 0.85
2.5 0.75
2.5 0.65
2.5 0.55
2.5 0.45
2.5 0.35
2.5 0.25
2.5 0.15
room: 0.566326 6.78776 1.5708 1 98
-1.7 4.4
-1.7 4.5
-1.7 4.6
-1.7 4.7
-1.7 4.8
-1.7 4.9
-1.7 5
-1.7 5.1
-1.7 5.2
-1.7 5.3
-1.7 5.4
-1.7 5.5
-1.7 5.6
-1.7 5.7
-1.7 5.8
-1.7 5.9
-1.7 6
-1.7 6.1
-1.7 6.2
-1.7 6.3
-1.7 6.4
-1.7 6.5
-1.7 6.6
-1.7 6.7
-1.7 6.8
-1.7 6.9
-1.7 7
-0.2 7.3
-0.2 7.4
-0.2 7.5
-0.2 7.6
-0.2 7.7
-0.1 7.3
1.1 9.9
1.2 9.9
1.3 9.9
1.4 9.9
1.5 9.9
1.6 4
1.6 4.1
1.6 4.2
1.6 4.3
1.6 4.4
1.6 4.5
1.6 4.6
1.6 4.7
1.6 4.8
1.6 4.9
1.6 5
1.6 5.1
1.6 5.2
1.6 5.3
1.6 5.4
1.6 5.5
1.6 5.6
1.6 5.7
1.6 5.8
1.6 5.9
1.6 6
1.6 6.1
1.6 6.2
1.6 6.3
1.6 6.4
1.6 6.5
1.6 6.6
1.6 6.7
1.6 6.8
1.6 6.9
1.6 7
1.6 7.1
1.6 7.2
1.6 7.3
1.6 7.4
1.6 7.5
1.6 7.6
1.6 7.7
1.6 7.8
1.6 7.9
1.6 8
1.6 8.1
1.6 8.2
1.6 8.3
1.6 8.4
1.6 8.5
1.6 8.6
1.6 8.7
1.6 8.8
1.6 8.9
1.6 9
1.6 9.1
1.6 9.2
1.6 9.3
1.6 9.4
1.6 9.5
1.6 9.6
1.6 9.7
1.6 9.8
1.6 9.9
chair: 0.822773 4.86049 1.22617 0.460623 111
0.923433 4.61107
0.876358 4.62792
0.859508 4.58085
0.829283 4.64477
0.812433 4.5977
0.987359 4.64129
0.765358 4.61455
0.970508 4.59422
1.03443 4.62444
0.718283 4.6314
0.748507 4.56747
0.701432 4.58432
0.671208 4.64825
0.654357 4.60118
0.607282 4.61803
0.624133 4.6651
1.05128 4.67152
1.06814 4.71859
1.03791 4.78252
1.02106 4.73545
1.00421 4.68837
1.05476 4.82959
1.07161 4.87667
1.04139 4.9406
1.02454 4.89352
1.00769 4.84645
0.990837 4.79937
0.994314 4.95745
0.977464 4.91037
1.05824 4.98767
1.01117 5.00452
0.640984 4.71218
0.657835 4.75925
0.674685 4.80633
0.62761 4.82318
0.61076 4.7761
0.593909 4.72903
0.644461 4.87025
0.661312 4.91733
0.614237 4.93418
0.597386 4.8871
0.580536 4.84003
0.973986 4.7523
0.940284 4.65815
1.02802 5.0516
0.957135 4.70522
0.678163 4.9644
0.631088 4.98125
0.960613 4.8633
0.943762 4.81622
0.926911 4.76915
0.91006 4.72207
0.980941 5.06845
0.96409 5.02137
0.997792 5.11552
0.947239 4.9743
0.930389 4.92722
0.913538 4.88015
0.896687 4.83307
0.879836 4.786
0.862985 4.73892
0.782209 4.66162
0.846134 4.69185
0.950717 5.13237
0.933866 5.0853
0.799059 4.7087
0.917015 5.03822
0.900164 4.99115
0.883314 4.94407
0.81591 4.75577
0.866463 4.897
0.849612 4.84992
0.832761 4.80285
0.735134 4.67847
0.751985 4.72555
0.903642 5.14922
0.886791 5.10215
0.869941 5.05507
0.85309 5.008
0.768835 4.77262
0.836239 4.96092
0.819388 4.91385
0.785686 4.8197
0.802537 4.86677
0.688059 4.69532
0.806015 5.02485
0.70491 4.7424
0.839716 5.119
0.822865 5.07192
0.789164 4.97777
0.72176 4.78947
0.738611 4.83655
0.772313 4.9307
0.755462 4.88363
0.75894 5.0417
0.584013 4.9981
0.691536 4.8534
0.775791 5.08878
0.742089 4.99463
0.708387 4.90048
0.792641 5.13585
0.725238 4.94755
0.647939 5.02833
0.600864 5.04518
0.728716 5.10563
0.711865 5.05855
0.695014 5.01148
0.745566 5.1527
0.681641 5.12248
0.66479 5.0754
0.617715 5.09225
table: 0.808456 6.08839 -1 1 491
0.9704 5.86907
0.92043 5.86732
0.870461 5.86557
0.922179 5.81735
0.87221 5.8156
0.820492 5.86382
0.82224 5.81386
0.770522 5.86208
0.772271 5.81211
0.722301 5.81036
0.720553 5.86033
0.672332 5.80861
0.670583 5.85858
0.918682 5.91729
0.868713 5.91554
1.23074 5.578
1.19402 6.62735
1.19577 6.57738
1.19752 6.52741
1.19927 6.47745
1.20101 6.42748
1.20276 6.37751
1.20451 6.32754
1.20626 6.27757
1.20801 6.2276
1.20976 6.17763
1.2115 6.12766
1.21325 6.07769
1.215 6.02772
1.21675 5.97775
1.2185 5.92778
1.22025 5.87781
0.818743 5.91379
1.22374 5.77787
1.22549 5.7279
1.22724 5.67793
1.22899 5.62796
1.23249 5.52803
1.1423 6.67557
1.14405 6.62561
1.1458 6.57564
1.14755 6.52567
1.1493 6.4757
1.15105 6.42573
1.15279 6.37576
1.15454 6.32579
1.15629 6.27582
1.15804 6.22585
1.15979 6.17588
1.16154 6.12591
1.16328 6.07594
1.16503 6.02597
1.16678 5.976
1.16853 5.92603
1.17028 5.87606
1.17377 5.77612
1.17552 5.72616
1.17727 5.67619
1.17902 5.62622
1.18077 5.57625
1.18252 5.52628
1.18426 5.47631
1.14055 6.72554
0.768774 5.91205
1.09059 6.7238
1.09233 6.67383
1.09408 6.62386
1.09583 6.57389
1.09758 6.52392
1.09933 6.47395
1.10108 6.42398
1.10282 6.37401
1.10457 6.32404
1.10632 6.27407
1.10807 6.2241
1.10982 6.17413
1.11157 6.12416
1.11331 6.07419
1.11506 6.02422
1.11681 5.97425
1.11856 5.92428
1.12031 5.87432
1.12381 5.77438
1.12555 5.72441
1.1273 5.67444
1.12905 5.62447
1.1308 5.5745
1.13255 5.52453
1.1343 5.47456
1.13604 5.42459
1.08884 6.77377
1.03887 6.77202
1.04062 6.72205
1.04236 6.67208
1.04411 6.62211
1.04586 6.57214
1.04761 6.52217
1.04936 6.4722
1.05111 6.42223
1.05285 6.37226
1.0546 6.32229
1.05635 6.27232
1.0581 6.22235
1.05985 6.17238
1.0616 6.12241
1.06335 6.07244
1.06509 6.02248
1.06684 5.97251
1.06859 5.92254
1.07209 5.8226
1.07384 5.77263
1.07558 5.72266
1.07733 5.67269
1.07908 5.62272
1.08083 5.57275
1.08258 5.52278
1.08433 5.47281
1.08607 5.42284
0.718804 5.9103
1.08782 5.37287
1.03712 6.82199
0.98715 6.82024
0.988898 6.77027
0.990646 6.7203
0.992395 6.67033
0.994143 6.62036
0.995892 6.57039
0.99764 6.52042
0.999388 6.47045
1.00114 6.42048
1.00289 6.37051
1.00463 6.32054
1.00638 6.27057
1.00813 6.2206
1.00988 6.17064
1.01163 6.12067
1.01338 6.0707
1.01512 6.02073
1.01687 5.97076
1.01862 5.92079
1.02212 5.82085
1.02387 5.77088
1.02561 5.72091
1.02736 5.67094
1.02911 5.62097
1.03086 5.571
1.03261 5.52103
1.03436 5.47106
1.03611 5.42109
1.03785 5.37112
0.968651 5.91904
0.93718 6.81849
0.938929 6.76852
0.940677 6.71855
0.942425 6.66858
0.944174 6.61861
0.945922 6.56864
0.947671 6.51867
0.949419 6.4687
0.951167 6.41873
0.952916 6.36876
0.954664 6.3188
0.956413 6.26883
0.958161 6.21886
0.959909 6.16889
0.961658 6.11892
0.963406 6.06895
0.965155 6.01898
0.966903 5.96901
0.972148 5.8191
0.973897 5.76913
0.975645 5.71916
0.977394 5.66919
0.979142 5.61922
0.98089 5.56925
0.982639 5.51928
0.984387 5.46932
0.986136 5.41935
0.987884 5.36938
0.911688 6.11717
0.913437 6.0672
0.915185 6.01723
0.916934 5.96726
0.668835 5.90855
0.887211 6.81674
0.888959 6.76677
0.890707 6.7168
0.892456 6.66683
0.894204 6.61686
0.895953 6.56689
0.897701 6.51692
0.89945 6.46695
0.901198 6.41699
0.902946 6.36702
0.904695 6.31705
0.906443 6.26708
0.908192 6.21711
0.90994 6.16714
0.923927 5.76738
0.925676 5.71741
0.927424 5.66744
0.929173 5.61747
0.930921 5.56751
0.932669 5.51754
0.934418 5.46757
0.936166 5.4176
0.937915 5.36763
0.939663 5.31766
0.863468 6.06545
0.865216 6.01548
0.866964 5.96551
0.885462 6.86671
0.835493 6.86496
0.837241 6.81499
0.83899 6.76502
0.840738 6.71505
0.842487 6.66508
0.844235 6.61511
0.845983 6.56515
0.847732 6.51518
0.84948 6.46521
0.851229 6.41524
0.852977 6.36527
0.854725 6.3153
0.856474 6.26533
0.858222 6.21536
0.859971 6.16539
0.861719 6.11542
0.873958 5.76563
0.875706 5.71567
0.877455 5.6657
0.879203 5.61573
0.880952 5.56576
0.8827 5.51579
0.884448 5.46582
0.886197 5.41585
0.887945 5.36588
0.889694 5.31591
0.813498 6.0637
0.815246 6.01373
0.816995 5.96376
0.785523 6.86321
0.787272 6.81324
0.78902 6.76327
0.790769 6.7133
0.792517 6.66334
0.794265 6.61337
0.796014 6.5634
0.797762 6.51343
0.799511 6.46346
0.801259 6.41349
0.803008 6.36352
0.804756 6.31355
0.806504 6.26358
0.808253 6.21361
0.810001 6.16364
0.81175 6.11367
0.823988 5.76389
0.825737 5.71392
0.827485 5.66395
0.829234 5.61398
0.830982 5.56401
0.83273 5.51404
0.834479 5.46407
0.836227 5.4141
0.837976 5.36413
0.839724 5.31416
0.763529 6.06195
0.765277 6.01198
0.767025 5.96202
0.735554 6.86146
0.737302 6.8115
0.739051 6.76153
0.740799 6.71156
0.742548 6.66159
0.744296 6.61162
0.746045 6.56165
0.747793 6.51168
0.749541 6.46171
0.75129 6.41174
0.753038 6.36177
0.754787 6.3118
0.756535 6.26183
0.758283 6.21186
0.760032 6.16189
0.76178 6.11192
0.774019 5.76214
0.775768 5.71217
0.777516 5.6622
0.779264 5.61223
0.781013 5.56226
0.782761 5.51229
0.78451 5.46232
0.786258 5.41235
0.788006 5.36238
0.789755 5.31241
0.713559 6.06021
0.715308 6.01024
0.717056 5.96027
0.685584 6.85972
0.687333 6.80975
0.689081 6.75978
0.69083 6.70981
0.692578 6.65984
0.694327 6.60987
0.696075 6.5599
0.697823 6.50993
0.699572 6.45996
0.70132 6.40999
0.703069 6.36002
0.704817 6.31005
0.706565 6.26008
0.708314 6.21011
0.710062 6.16014
0.711811 6.11018
0.72405 5.76039
0.725798 5.71042
0.727546 5.66045
0.729295 5.61048
0.731043 5.56051
0.732792 5.51054
0.73454 5.46057
0.736288 5.4106
0.738037 5.36063
0.739785 5.31066
0.66359 6.05846
0.665338 6.00849
0.667087 5.95852
0.64086 6.70806
0.642609 6.65809
0.644357 6.60812
0.646106 6.55815
0.647854 6.50818
0.649602 6.45821
0.651351 6.40824
0.653099 6.35827
0.654848 6.3083
0.656596 6.25834
0.658345 6.20837
0.660093 6.1584
0.661841 6.10843
0.67408 5.75864
0.675829 5.70867
0.677577 5.6587
0.679326 5.60873
0.681074 5.55876
0.682822 5.50879
0.684571 5.45882
0.686319 5.40885
0.688067 5.35889
0.689816 5.30892
0.637364 6.808
0.639112 6.75803
0.587394 6.80625
0.589143 6.75628
0.590891 6.70631
0.592639 6.65634
0.594388 6.60637
0.596136 6.5564
0.597885 6.50643
0.599633 6.45646
0.601381 6.4065
0.60313 6.35653
0.604878 6.30656
0.606627 6.25659
0.608375 6.20662
0.610124 6.15665
0.611872 6.10668
0.61362 6.05671
0.615369 6.00674
0.617117 5.95677
0.618866 5.9068
0.620614 5.85683
0.622362 5.80686
0.624111 5.75689
0.625859 5.70692
0.627608 5.65695
0.629356 5.60698
0.631104 5.55701
0.632853 5.50705
0.634601 5.45708
0.63635 5.40711
0.638098 5.35714
0.537425 6.8045
0.539173 6.75453
0.540922 6.70456
0.54267 6.65459
0.544418 6.60462
0.546167 6.55466
0.547915 6.50469
0.549664 6.45472
0.551412 6.40475
0.55316 6.35478
0.554909 6.30481
0.556657 6.25484
0.558406 6.20487
0.560154 6.1549
0.561902 6.10493
0.563651 6.05496
0.565399 6.00499
0.567148 5.95502
0.568896 5.90505
0.570645 5.85508
0.572393 5.80511
0.574141 5.75514
0.57589 5.70517
0.577638 5.65521
0.579387 5.60524
0.581135 5.55527
0.582883 5.5053
0.584632 5.45533
0.58638 5.40536
0.588129 5.35539
0.489204 6.75278
0.490952 6.70281
0.492701 6.65285
0.494449 6.60288
0.496197 6.55291
0.497946 6.50294
0.499694 6.45297
0.501443 6.403
0.503191 6.35303
0.504939 6.30306
0.506688 6.25309
0.508436 6.20312
0.510185 6.15315
0.511933 6.10318
0.513681 6.05321
0.51543 6.00324
0.517178 5.95327
0.518927 5.9033
0.520675 5.85333
0.522424 5.80337
0.524172 5.7534
0.52592 5.70343
0.527669 5.65346
0.529417 5.60349
0.531166 5.55352
0.532914 5.50355
0.534662 5.45358
0.536411 5.40361
0.440983 6.70107
0.442731 6.6511
0.44448 6.60113
0.446228 6.55116
0.447976 6.50119
0.449725 6.45122
0.451473 6.40125
0.453222 6.35128
0.45497 6.30131
0.456718 6.25134
0.458467 6.20137
0.460215 6.1514
0.461964 6.10143
0.463712 6.05146
0.46546 6.00149
0.467209 5.95152
0.468957 5.90156
0.470706 5.85159
0.472454 5.80162
0.474202 5.75165
0.475951 5.70168
0.477699 5.65171
0.479448 5.60174
0.481196 5.55177
0.482945 5.5018
0.484693 5.45183
0.392762 6.64935
0.39451 6.59938
0.396259 6.54941
0.398007 6.49944
0.399755 6.44947
0.401504 6.3995
0.403252 6.34953
0.405001 6.29956
0.406749 6.24959
0.408497 6.19962
0.410246 6.14965
0.411994 6.09968
0.413743 6.04972
0.415491 5.99975
0.417239 5.94978
0.418988 5.89981
0.420736 5.84984
0.422485 5.79987
0.424233 5.7499
0.425982 5.69993
0.42773 5.64996
0.429478 5.59999
0.431227 5.55002
0.432975 5.50005
chair: 0.815248 7.18081 4.46346 0.434436 101
0.861826 7.46042
0.87541 7.4123
0.92353 7.42588
0.971649 7.43947
0.813706 7.44683
1.01977 7.45305
1.03335 7.40493
1.04694 7.35681
0.985233 7.39135
0.998818 7.34323
1.0124 7.29511
1.02599 7.24699
1.03957 7.19887
1.05316 7.15075
0.964283 7.28153
0.977868 7.23341
0.991452 7.18529
1.00504 7.13717
1.01862 7.08905
0.956918 7.12358
0.970502 7.07546
0.765587 7.43325
1.03221 7.04093
0.648399 7.29626
0.600279 7.28267
0.613864 7.23455
0.627448 7.18643
0.937114 7.37776
0.641033 7.13831
0.950699 7.32964
0.565745 7.22097
0.579329 7.17285
0.592914 7.12473
0.984087 7.02734
0.929748 7.21982
0.943333 7.1717
0.888995 7.36418
0.916164 7.26794
0.654618 7.09019
0.902579 7.31606
0.997671 6.97923
0.606498 7.07661
0.908798 7.11
0.922383 7.06188
0.935968 7.01376
0.949552 6.96564
0.85446 7.30247
0.868045 7.25436
0.881629 7.20624
0.895214 7.15812
0.874264 7.04829
0.887848 7.00018
0.901433 6.95206
0.779172 7.38513
0.860679 7.09641
0.717468 7.41966
0.847095 7.14453
0.792756 7.33701
0.819925 7.24077
0.83351 7.19265
0.731053 7.37154
0.806341 7.28889
0.744637 7.32343
0.826145 7.03471
0.839729 6.98659
0.758222 7.27531
0.81256 7.08283
0.853314 6.93847
0.798975 7.13095
0.771806 7.22719
0.785391 7.17907
0.669349 7.40608
1.04579 6.99281
0.682933 7.35796
0.696518 7.30984
0.764441 7.06924
0.778025 7.02113
0.79161 6.97301
0.805194 6.92489
0.710102 7.26172
0.723687 7.2136
0.750856 7.11736
0.737272 7.16548
0.634814 7.34438
0.661983 7.24814
0.675568 7.20002
0.702737 7.10378
0.716321 7.05566
0.729906 7.00754
0.689152 7.1519
0.620083 7.02849
0.743491 6.95942
0.757075 6.9113
0.586695 7.33079
0.668202 7.04208
0.681787 6.99396
0.695371 6.94584
0.633668 6.98037
0.647252 6.93225
0.571964 7.01491
0.585548 6.96679
