OR: 0.104292 2.67529 5.36422 1.75235e-37 16
-0.045708 2.52529
-0.045708 2.62529
-0.045708 2.72529
-0.045708 2.82529
0.054292 2.52529
0.054292 2.62529
0.054292 2.72529
0.054292 2.82529
0.154292 2.52529
0.154292 2.62529
0.154292 2.72529
0.154292 2.82529
0.254292 2.52529
0.254292 2.62529
0.254292 2.72529
0.254292 2.82529
CR: -0.143221 2.44454 3.53339 0.5 16
-0.293221 2.29454
-0.293221 2.39454
-0.293221 2.49454
-0.293221 2.59454
-0.193221 2.29454
-0.193221 2.39454
-0.193221 2.49454
-0.193221 2.59454
-0.0932207 2.29454
-0.0932207 2.39454
-0.0932207 2.49454
-0.0932207 2.59454
0.00677925 2.29454
0.00677925 2.39454
0.00677925 2.49454
0.00677925 2.59454
meetingroom: 0.566326 6.78776 1.5708 2 98
-1.7 4.4
-1.7 4.5
-1.7 4.6
-1.7 4.7
-1.7 4.8
-1.7 4.9
-1.7 5
-1.7 5.1
-1.7 5.2
-1.7 5.3
-1.7 5.4
-1.7 5.5
-1.7 5.6
-1.7 5.7
-1.7 5.8
-1.7 5.9
-1.7 6
-1.7 6.1
-1.7 6.2
-1.7 6.3
-1.7 6.4
-1.7 6.5
-1.7 6.6
-1.7 6.7
-1.7 6.8
-1.7 6.9
-1.7 7
-0.2 7.3
-0.2 7.4
-0.2 7.5
-0.2 7.6
-0.2 7.7
-0.1 7.3
1.1 9.9
1.2 9.9
1.3 9.9
1.4 9.9
1.5 9.9
1.6 4
1.6 4.1
1.6 4.2
1.6 4.3
1.6 4.4
1.6 4.5
1.6 4.6
1.6 4.7
1.6 4.8
1.6 4.9
1.6 5
1.6 5.1
1.6 5.2
1.6 5.3
1.6 5.4
1.6 5.5
1.6 5.6
1.6 5.7
1.6 5.8
1.6 5.9
1.6 6
1.6 6.1
1.6 6.2
1.6 6.3
1.6 6.4
1.6 6.5
1.6 6.6
1.6 6.7
1.6 6.8
1.6 6.9
1.6 7
1.6 7.1
1.6 7.2
1.6 7.3
1.6 7.4
1.6 7.5
1.6 7.6
1.6 7.7
1.6 7.8
1.6 7.9
1.6 8
1.6 8.1
1.6 8.2
1.6 8.3
1.6 8.4
1.6 8.5
1.6 8.6
1.6 8.7
1.6 8.8
1.6 8.9
1.6 9
1.6 9.1
1.6 9.2
1.6 9.3
1.6 9.4
1.6 9.5
1.6 9.6
1.6 9.7
1.6 9.8
1.6 9.9
officeroom: 3.35496 7.01298 1.5708 2 131
1.9 5.1
1.9 5.2
1.9 5.3
1.9 5.5
1.9 5.6
1.9 5.7
1.9 5.8
1.9 5.9
1.9 6
1.9 6.1
1.9 6.2
1.9 6.3
1.9 6.4
1.9 6.5
1.9 6.6
1.9 6.7
1.9 6.8
1.9 6.9
1.9 7
1.9 7.1
1.9 7.2
1.9 7.3
1.9 7.4
1.9 7.5
1.9 7.6
1.9 7.7
1.9 7.8
1.9 7.9
1.9 8
1.9 8.1
1.9 8.2
2 5.5
2 7.4
2 7.5
2 7.6
2 7.7
2 7.8
2 7.9
2 8
2 8.1
2 8.2
2 8.3
2.1 5.5
2.1 8.2
2.2 8.2
2.3 8.2
2.4 8.2
2.5 8.2
2.6 8.2
2.7 8.2
2.8 8.2
2.9 8.2
3 8.2
3.1 5.6
3.1 8.2
3.2 5.6
3.2 8.2
3.3 5.6
3.3 8.2
3.4 5.6
3.4 8.2
3.5 5.6
3.5 8.2
3.6 5.6
3.6 8.2
3.7 5.6
3.7 8.2
3.8 5.6
3.8 8.2
3.9 5.5
3.9 5.6
3.9 8.2
4 5.5
4 5.6
4 8.1
4 8.2
4.1 5.5
4.1 5.6
4.1 8.1
4.1 8.2
4.2 5.5
4.2 5.6
4.2 8.1
4.2 8.2
4.3 5.5
4.3 5.6
4.3 8.2
4.4 5.5
4.4 5.6
4.4 8.1
4.4 8.2
4.5 5.5
4.5 5.6
4.5 8.1
4.5 8.2
4.6 5.5
4.6 5.6
4.6 5.7
4.6 5.8
4.6 5.9
4.6 6
4.6 6.1
4.6 6.2
4.6 6.3
4.6 6.4
4.6 6.5
4.6 6.6
4.6 6.7
4.6 6.8
4.6 6.9
4.6 7
4.6 7.1
4.6 7.2
4.6 7.3
4.6 7.4
4.6 7.5
4.6 7.6
4.6 7.7
4.6 7.8
4.6 7.9
4.6 8
4.6 8.1
4.6 8.2
4.7 7.4
4.7 7.5
4.7 7.6
4.7 7.7
4.7 7.8
4.7 7.9
4.7 8
4.7 8.1
livingroom: -0.129687 0.907812 -1.5708 2 128
-1.8 0.1
-1.8 0.2
-1.8 0.3
-1.8 0.4
-1.8 0.5
-1.8 0.6
-1.8 0.7
-1.8 0.8
-1.8 0.9
-1.8 1
-1.8 1.1
-1.8 1.2
-1.8 1.3
-1.8 1.4
-1.8 1.5
-1.8 1.6
-1.8 1.7
-1.8 1.8
-1.8 1.9
-1.7 0.1
-1.7 0.2
-1.7 0.3
-1.7 0.4
-1.7 0.5
-1.7 0.6
-1.7 0.7
-1.7 0.8
-1.7 0.9
-1.7 1
-1.7 1.1
-1.7 1.2
-1.7 1.3
-1.7 1.4
-1.7 1.5
-1.7 1.6
-1.7 1.7
-1.7 1.8
-1.7 1.9
-1.7 2
-1.7 2.1
-1.7 2.2
-1.7 2.3
-1.7 2.4
-1.7 2.5
-1.7 2.6
-1.7 2.7
-1.7 2.8
-1.7 2.9
-1.7 3
-1.7 3.1
-1.6 0.1
-1.5 0.1
-1.4 0.1
-1.3 0.1
-1.2 0.1
-1.1 0.1
-1 0.1
-0.9 0.1
-0.8 0.1
-0.7 0.1
-0.6 0.1
-0.5 0.1
-0.4 0.1
-0.3 0.1
-0.2 0.1
-0.1 0.1
0 0.1
0.1 0.1
0.2 0.1
0.3 0.1
0.4 0.1
0.5 0.1
0.6 0.1
0.7 0.1
0.8 0.1
0.9 0
0.9 0.1
1 0
1 0.1
1.1 0
1.1 0.1
1.2 0
1.2 0.1
1.3 0
1.3 0.1
1.4 0
1.4 0.1
1.5 0
1.5 0.1
1.6 0
1.6 0.1
1.6 0.2
1.6 0.3
1.6 0.4
1.6 0.5
1.6 0.6
1.6 0.7
1.6 0.8
1.6 0.9
1.6 1
1.6 1.1
1.6 1.2
1.6 1.3
1.6 1.4
1.6 1.5
1.6 1.6
1.6 1.7
1.6 1.8
1.6 1.9
1.6 2
1.6 2.1
1.6 2.2
1.6 2.3
1.6 2.4
1.6 2.5
1.6 2.6
1.6 2.7
1.7 0.1
1.7 0.2
1.7 0.3
1.7 0.4
1.7 0.5
1.7 0.6
1.7 0.7
1.7 0.8
1.7 0.9
1.7 1
1.7 1.1
bedroom: 3.25427 1.36899 -1.5708 2 129
1.8 0.2
1.8 0.3
1.8 0.4
1.8 0.5
1.8 0.6
1.8 0.7
1.8 0.8
1.8 0.9
1.8 1
1.9 0
1.9 0.1
1.9 0.2
1.9 0.3
1.9 0.4
1.9 0.5
1.9 0.6
1.9 0.7
1.9 0.8
1.9 0.9
1.9 1
1.9 1.1
1.9 1.2
1.9 1.3
1.9 1.4
1.9 1.5
1.9 1.6
1.9 1.7
1.9 1.8
1.9 1.9
1.9 2
1.9 2.1
1.9 2.2
1.9 2.3
1.9 2.4
1.9 2.5
1.9 2.6
1.9 2.7
1.9 2.8
1.9 2.9
2 0
2 0.1
2 0.2
2 2.9
2.1 0
2.1 0.1
2.1 2.9
2.2 0
2.2 0.1
2.3 0
2.3 0.1
2.4 0.1
2.5 0.1
2.6 0.1
2.7 0.1
2.8 0.1
2.9 0.1
3 0.1
3 2.8
3.1 0.1
3.1 2.8
3.2 0.1
3.2 2.8
3.3 0.1
3.3 2.8
3.4 0.1
3.4 2.8
3.5 0.1
3.5 2.8
3.6 0.1
3.6 2.8
3.7 0.1
3.7 2.8
3.8 0.1
3.8 2.8
3.9 0.1
3.9 2.8
4 0.1
4 2.8
4.1 0.1
4.1 2.8
4.1 2.9
4.2 0.1
4.2 2.8
4.2 2.9
4.3 0.1
4.3 2.8
4.3 2.9
4.4 0.1
4.4 2.8
4.4 2.9
4.5 0.1
4.5 2.6
4.5 2.7
4.5 2.8
4.5 2.9
4.6 0.1
4.6 0.2
4.6 0.3
4.6 0.4
4.6 0.5
4.6 0.6
4.6 0.7
4.6 0.8
4.6 0.9
4.6 1
4.6 1.1
4.6 1.2
4.6 1.3
4.6 1.4
4.6 1.5
4.6 1.6
4.6 1.7
4.6 1.8
4.6 1.9
4.6 2
4.6 2.1
4.6 2.2
4.6 2.3
4.6 2.4
4.6 2.5
4.6 2.6
4.6 2.7
4.6 2.8
4.6 2.9
4.7 0.4
4.7 2.5
4.7 2.6
4.7 2.7
4.7 2.8
bed: 3.5 0.75 3.1416 2 273
4.5 1.35
4.5 1.25
4.5 1.15
4.5 1.05
4.5 0.95
4.5 0.85
4.5 0.75
4.5 0.65
4.5 0.55
4.5 0.45
4.5 0.35
4.5 0.25
4.5 0.15
4.4 1.35
4.4 1.25
4.4 1.15
4.4 1.05
4.4 0.95
4.4 0.85
4.4 0.75
4.4 0.65
4.4 0.55
4.4 0.45
4.4 0.35
4.4 0.25
4.4 0.15
4.3 1.35
4.3 1.25
4.3 1.15
4.3 1.05
4.3 0.95
4.3 0.85
4.3 0.75
4.3 0.65
4.3 0.55
4.3 0.45
4.3 0.35
4.3 0.25
4.3 0.15
4.2 1.35
4.2 1.25
4.2 1.15
4.2 1.05
4.2 0.95
4.2 0.85
4.2 0.75
4.2 0.65
4.2 0.55
4.2 0.45
4.2 0.35
4.2 0.25
4.2 0.15
4.1 1.35
4.1 1.25
4.1 1.15
4.1 1.05
4.1 0.95
4.1 0.85
4.1 0.75
4.1 0.65
4.1 0.55
4.1 0.45
4.1 0.35
4.1 0.25
4.1 0.15
4 1.35
4 1.25
4 1.15
4 1.05
4 0.95
4 0.85
4 0.75
4 0.65
4 0.55
4 0.45
4 0.35
4 0.25
4 0.15
3.9 1.35
3.9 1.25
3.9 1.15
3.9 1.05
3.9 0.95
3.9 0.85
3.9 0.75
3.9 0.65
3.9 0.55
3.9 0.45
3.9 0.35
3.9 0.25
3.9 0.15
3.8 1.35
3.8 1.25
3.8 1.15
3.8 1.05
3.8 0.95
3.8 0.85
3.8 0.75
3.8 0.65
3.8 0.55
3.8 0.45
3.8 0.35
3.8 0.25
3.8 0.15
3.7 1.35
3.7 1.25
3.7 1.15
3.7 1.05
3.7 0.95
3.7 0.85
3.7 0.75
3.7 0.65
3.7 0.55
3.7 0.45
3.7 0.35
3.7 0.25
3.7 0.15
3.6 1.35
3.6 1.25
3.6 1.15
3.6 1.05
3.6 0.95
3.6 0.85
3.6 0.75
3.6 0.65
3.6 0.55
3.6 0.45
3.6 0.35
3.6 0.25
3.6 0.15
3.5 1.35
3.5 1.25
3.5 1.15
3.5 1.05
3.5 0.95
3.5 0.85
3.5 0.75
3.5 0.65
3.5 0.55
3.5 0.45
3.5 0.35
3.5 0.25
3.5 0.15
3.4 1.35
3.4 1.25
3.4 1.15
3.4 1.05
3.4 0.95
3.4 0.85
3.4 0.75
3.4 0.65
3.4 0.55
3.4 0.45
3.4 0.35
3.4 0.25
3.4 0.15
3.3 1.35
3.3 1.25
3.3 1.15
3.3 1.05
3.3 0.95
3.3 0.85
3.3 0.75
3.3 0.65
3.3 0.55
3.3 0.45
3.3 0.35
3.3 0.25
3.3 0.15
3.2 1.35
3.2 1.25
3.2 1.15
3.2 1.05
3.2 0.95
3.2 0.85
3.2 0.75
3.2 0.65
3.2 0.55
3.2 0.45
3.2 0.35
3.2 0.25
3.2 0.15
3.1 1.35
3.1 1.25
3.1 1.15
3.1 1.05
3.1 0.95
3.1 0.85
3.1 0.75
3.1 0.65
3.1 0.55
3.1 0.45
3.1 0.35
3.1 0.25
3.1 0.15
3 1.35
3 1.25
3 1.15
3 1.05
3 0.95
3 0.85
3 0.75
3 0.65
3 0.55
3 0.45
3 0.35
3 0.25
3 0.15
2.9 1.35
2.9 1.25
2.9 1.15
2.9 1.05
2.9 0.95
2.9 0.85
2.9 0.75
2.9 0.65
2.9 0.55
2.9 0.45
2.9 0.35
2.9 0.25
2.9 0.15
2.8 1.35
2.8 1.25
2.8 1.15
2.8 1.05
2.8 0.95
2.8 0.85
2.8 0.75
2.8 0.65
2.8 0.55
2.8 0.45
2.8 0.35
2.8 0.25
2.8 0.15
2.7 1.35
2.7 1.25
2.7 1.15
2.7 1.05
2.7 0.95
2.7 0.85
2.7 0.75
2.7 0.65
2.7 0.55
2.7 0.45
2.7 0.35
2.7 0.25
2.7 0.15
2.6 1.35
2.6 1.25
2.6 1.15
2.6 1.05
2.6 0.95
2.6 0.85
2.6 0.75
2.6 0.65
2.6 0.55
2.6 0.45
2.6 0.35
2.6 0.25
2.6 0.15
2.5 1.35
2.5 1.25
2.5 1.15
2.5 1.05
2.5 0.95
2.5 0.85
2.5 0.75
2.5 0.65
2.5 0.55
2.5 0.45
2.5 0.35
2.5 0.25
2.5 0.15
room: -0.129687 0.907812 -1.5708 2 128
-1.8 0.1
-1.8 0.2
-1.8 0.3
-1.8 0.4
-1.8 0.5
-1.8 0.6
-1.8 0.7
-1.8 0.8
-1.8 0.9
-1.8 1
-1.8 1.1
-1.8 1.2
-1.8 1.3
-1.8 1.4
-1.8 1.5
-1.8 1.6
-1.8 1.7
-1.8 1.8
-1.8 1.9
-1.7 0.1
-1.7 0.2
-1.7 0.3
-1.7 0.4
-1.7 0.5
-1.7 0.6
-1.7 0.7
-1.7 0.8
-1.7 0.9
-1.7 1
-1.7 1.1
-1.7 1.2
-1.7 1.3
-1.7 1.4
-1.7 1.5
-1.7 1.6
-1.7 1.7
-1.7 1.8
-1.7 1.9
-1.7 2
-1.7 2.1
-1.7 2.2
-1.7 2.3
-1.7 2.4
-1.7 2.5
-1.7 2.6
-1.7 2.7
-1.7 2.8
-1.7 2.9
-1.7 3
-1.7 3.1
-1.6 0.1
-1.5 0.1
-1.4 0.1
-1.3 0.1
-1.2 0.1
-1.1 0.1
-1 0.1
-0.9 0.1
-0.8 0.1
-0.7 0.1
-0.6 0.1
-0.5 0.1
-0.4 0.1
-0.3 0.1
-0.2 0.1
-0.1 0.1
0 0.1
0.1 0.1
0.2 0.1
0.3 0.1
0.4 0.1
0.5 0.1
0.6 0.1
0.7 0.1
0.8 0.1
0.9 0
0.9 0.1
1 0
1 0.1
1.1 0
1.1 0.1
1.2 0
1.2 0.1
1.3 0
1.3 0.1
1.4 0
1.4 0.1
1.5 0
1.5 0.1
1.6 0
1.6 0.1
1.6 0.2
1.6 0.3
1.6 0.4
1.6 0.5
1.6 0.6
1.6 0.7
1.6 0.8
1.6 0.9
1.6 1
1.6 1.1
1.6 1.2
1.6 1.3
1.6 1.4
1.6 1.5
1.6 1.6
1.6 1.7
1.6 1.8
1.6 1.9
1.6 2
1.6 2.1
1.6 2.2
1.6 2.3
1.6 2.4
1.6 2.5
1.6 2.6
1.6 2.7
1.7 0.1
1.7 0.2
1.7 0.3
1.7 0.4
1.7 0.5
1.7 0.6
1.7 0.7
1.7 0.8
1.7 0.9
1.7 1
1.7 1.1
table: 0.44685 2.10276 -1 1 54
0.549857 2.00898
0.510108 1.97865
0.589606 2.03931
0.470359 1.94832
0.629354 2.06965
0.430611 1.91799
0.559274 2.07906
0.519525 2.04873
0.479776 2.0184
0.440027 1.98807
0.599022 2.1094
0.400279 1.95773
0.638771 2.13973
0.36053 1.9274
0.608439 2.17948
0.56869 2.14914
0.528941 2.11881
0.489193 2.08848
0.449444 2.05815
0.409695 2.02782
0.369946 1.99748
0.330198 1.96715
0.458861 2.12823
0.498609 2.15856
0.648188 2.20981
0.428528 2.16798
0.419112 2.0979
0.468277 2.19831
0.38878 2.13765
0.290449 1.93682
0.617856 2.24956
0.578107 2.21922
0.538358 2.18889
0.379363 2.06756
0.339614 2.03723
0.299866 2.0069
0.260117 1.97657
0.349031 2.10731
0.358448 2.17739
0.318699 2.14706
0.587524 2.28931
0.547775 2.25897
0.508026 2.22864
0.309282 2.07698
0.269533 2.04665
0.229785 2.01632
0.398196 2.20773
0.557191 2.32905
0.517443 2.29872
0.477694 2.26839
0.437945 2.23806
0.27895 2.11673
0.239201 2.0864
0.199453 2.05607
bed: 3.5 0.75 3.1416 2 273
4.5 1.35
4.5 1.25
4.5 1.15
4.5 1.05
4.5 0.95
4.5 0.85
4.5 0.75
4.5 0.65
4.5 0.55
4.5 0.45
4.5 0.35
4.5 0.25
4.5 0.15
4.4 1.35
4.4 1.25
4.4 1.15
4.4 1.05
4.4 0.95
4.4 0.85
4.4 0.75
4.4 0.65
4.4 0.55
4.4 0.45
4.4 0.35
4.4 0.25
4.4 0.15
4.3 1.35
4.3 1.25
4.3 1.15
4.3 1.05
4.3 0.95
4.3 0.85
4.3 0.75
4.3 0.65
4.3 0.55
4.3 0.45
4.3 0.35
4.3 0.25
4.3 0.15
4.2 1.35
4.2 1.25
4.2 1.15
4.2 1.05
4.2 0.95
4.2 0.85
4.2 0.75
4.2 0.65
4.2 0.55
4.2 0.45
4.2 0.35
4.2 0.25
4.2 0.15
4.1 1.35
4.1 1.25
4.1 1.15
4.1 1.05
4.1 0.95
4.1 0.85
4.1 0.75
4.1 0.65
4.1 0.55
4.1 0.45
4.1 0.35
4.1 0.25
4.1 0.15
4 1.35
4 1.25
4 1.15
4 1.05
4 0.95
4 0.85
4 0.75
4 0.65
4 0.55
4 0.45
4 0.35
4 0.25
4 0.15
3.9 1.35
3.9 1.25
3.9 1.15
3.9 1.05
3.9 0.95
3.9 0.85
3.9 0.75
3.9 0.65
3.9 0.55
3.9 0.45
3.9 0.35
3.9 0.25
3.9 0.15
3.8 1.35
3.8 1.25
3.8 1.15
3.8 1.05
3.8 0.95
3.8 0.85
3.8 0.75
3.8 0.65
3.8 0.55
3.8 0.45
3.8 0.35
3.8 0.25
3.8 0.15
3.7 1.35
3.7 1.25
3.7 1.15
3.7 1.05
3.7 0.95
3.7 0.85
3.7 0.75
3.7 0.65
3.7 0.55
3.7 0.45
3.7 0.35
3.7 0.25
3.7 0.15
3.6 1.35
3.6 1.25
3.6 1.15
3.6 1.05
3.6 0.95
3.6 0.85
3.6 0.75
3.6 0.65
3.6 0.55
3.6 0.45
3.6 0.35
3.6 0.25
3.6 0.15
3.5 1.35
3.5 1.25
3.5 1.15
3.5 1.05
3.5 0.95
3.5 0.85
3.5 0.75
3.5 0.65
3.5 0.55
3.5 0.45
3.5 0.35
3.5 0.25
3.5 0.15
3.4 1.35
3.4 1.25
3.4 1.15
3.4 1.05
3.4 0.95
3.4 0.85
3.4 0.75
3.4 0.65
3.4 0.55
3.4 0.45
3.4 0.35
3.4 0.25
3.4 0.15
3.3 1.35
3.3 1.25
3.3 1.15
3.3 1.05
3.3 0.95
3.3 0.85
3.3 0.75
3.3 0.65
3.3 0.55
3.3 0.45
3.3 0.35
3.3 0.25
3.3 0.15
3.2 1.35
3.2 1.25
3.2 1.15
3.2 1.05
3.2 0.95
3.2 0.85
3.2 0.75
3.2 0.65
3.2 0.55
3.2 0.45
3.2 0.35
3.2 0.25
3.2 0.15
3.1 1.35
3.1 1.25
3.1 1.15
3.1 1.05
3.1 0.95
3.1 0.85
3.1 0.75
3.1 0.65
3.1 0.55
3.1 0.45
3.1 0.35
3.1 0.25
3.1 0.15
3 1.35
3 1.25
3 1.15
3 1.05
3 0.95
3 0.85
3 0.75
3 0.65
3 0.55
3 0.45
3 0.35
3 0.25
3 0.15
2.9 1.35
2.9 1.25
2.9 1.15
2.9 1.05
2.9 0.95
2.9 0.85
2.9 0.75
2.9 0.65
2.9 0.55
2.9 0.45
2.9 0.35
2.9 0.25
2.9 0.15
2.8 1.35
2.8 1.25
2.8 1.15
2.8 1.05
2.8 0.95
2.8 0.85
2.8 0.75
2.8 0.65
2.8 0.55
2.8 0.45
2.8 0.35
2.8 0.25
2.8 0.15
2.7 1.35
2.7 1.25
2.7 1.15
2.7 1.05
2.7 0.95
2.7 0.85
2.7 0.75
2.7 0.65
2.7 0.55
2.7 0.45
2.7 0.35
2.7 0.25
2.7 0.15
2.6 1.35
2.6 1.25
2.6 1.15
2.6 1.05
2.6 0.95
2.6 0.85
2.6 0.75
2.6 0.65
2.6 0.55
2.6 0.45
2.6 0.35
2.6 0.25
2.6 0.15
2.5 1.35
2.5 1.25
2.5 1.15
2.5 1.05
2.5 0.95
2.5 0.85
2.5 0.75
2.5 0.65
2.5 0.55
2.5 0.45
2.5 0.35
2.5 0.25
2.5 0.15
table: -0.926841 2.15357 -1 0.682545 213
-1.18513 1.82986
-1.15173 1.79266
-1.21853 1.86707
-1.11452 1.82606
-1.14793 1.86327
-1.18133 1.90047
-1.21473 1.93767
-1.24814 1.97488
-1.28154 2.01208
-1.31494 2.04929
-1.08112 1.78886
-1.34835 2.08649
-1.07732 1.85946
-1.11072 1.89667
-1.14412 1.93387
-0.891294 2.02648
-0.924698 2.06369
-1.17753 1.97108
-1.21093 2.00828
-1.24434 2.04549
-1.27774 2.08269
-1.38175 2.1237
-1.04391 1.82226
-1.31114 2.1199
-1.34455 2.1571
-1.37795 2.19431
-1.41136 2.23151
-1.01051 1.78506
-1.00671 1.85566
-1.04011 1.89287
-1.07352 1.93007
-0.854089 2.05989
-1.14032 2.00448
-1.17373 2.04169
-1.20713 2.07889
-1.24054 2.1161
-1.27394 2.1533
-1.30734 2.19051
-1.34075 2.22771
-1.37415 2.26491
-0.973305 1.81846
-0.887493 2.09709
-0.958102 2.10089
-0.939901 1.78125
-0.902696 1.81466
-0.9361 1.85186
-0.969504 1.88907
-1.00291 1.92627
-1.03631 1.96348
-1.10312 2.03789
-1.13652 2.07509
-1.16993 2.1123
-1.20333 2.1495
-1.23673 2.1867
-1.27014 2.22391
-1.30354 2.26111
-1.33695 2.29832
-1.06972 2.00068
-0.865492 1.84806
-0.898895 1.88527
-0.932299 1.92247
-0.965703 1.95968
-1.03251 2.03409
-1.06591 2.07129
-1.09932 2.10849
-1.13272 2.1457
-1.16613 2.1829
-1.19953 2.22011
-1.23293 2.25731
-1.26634 2.29452
-1.29974 2.33172
-0.832088 1.81086
-1.33315 2.36893
-0.794883 1.84426
-0.828287 1.88147
-0.861691 1.91867
-0.895095 1.95588
-0.928498 1.99308
-0.995306 2.06749
-1.02871 2.10469
-1.06211 2.1419
-1.09552 2.1791
-1.12892 2.21631
-1.16233 2.25351
-1.19573 2.29072
-1.22913 2.32792
-1.26254 2.36513
-0.761479 1.80706
-0.724275 1.84046
-0.757679 1.87767
-0.791082 1.91487
-0.824486 1.95207
-0.85789 1.98928
-0.991505 2.1381
-1.02491 2.1753
-1.05831 2.21251
-1.09172 2.24971
-1.12512 2.28692
-1.15852 2.32412
-1.19193 2.36133
-1.22533 2.39853
-0.690871 1.80326
-0.68707 1.87386
-0.720474 1.91107
-0.753878 1.94827
-0.787282 1.98548
-0.820685 2.02268
-0.920897 2.1343
-0.954301 2.1715
-0.987705 2.20871
-1.02111 2.24591
-1.05451 2.28312
-1.08792 2.32032
-1.12132 2.35752
-1.15472 2.39473
-0.649865 1.90727
-0.683269 1.94447
-0.716673 1.98168
-0.750077 2.01888
-0.783481 2.05609
-0.816885 2.09329
-0.850288 2.1305
-0.883692 2.1677
-0.917096 2.20491
-0.9505 2.24211
-0.983904 2.27931
-1.01731 2.31652
-1.05071 2.35372
-1.08412 2.39093
-1.11752 2.42813
-0.646065 1.97788
-0.679469 2.01508
-0.712872 2.05229
-0.746276 2.08949
-0.77968 2.1267
-0.813084 2.1639
-0.846488 2.2011
-0.879892 2.23831
-0.913295 2.27551
-0.946699 2.31272
-0.980103 2.34992
-1.01351 2.38713
-1.04691 2.42433
-0.612661 1.94067
-0.60886 2.01128
-0.642264 2.04849
-0.675668 2.08569
-0.709072 2.12289
-0.742475 2.1601
-0.775879 2.1973
-0.809283 2.23451
-0.842687 2.27171
-0.876091 2.30892
-0.909495 2.34612
-0.942898 2.38333
-0.976302 2.42053
-1.00971 2.45774
-0.571655 2.04468
-0.605059 2.08189
-0.638463 2.11909
-0.671867 2.1563
-0.705271 2.1935
-0.738675 2.23071
-0.772078 2.26791
-0.805482 2.30512
-0.838886 2.34232
-0.87229 2.37953
-0.905694 2.41673
-0.939098 2.45394
-0.534451 2.07809
-0.567855 2.11529
-0.601259 2.1525
-0.634662 2.1897
-0.668066 2.22691
-0.70147 2.26411
-0.734874 2.30132
-0.768278 2.33852
-0.801682 2.37573
-0.835085 2.41293
-0.868489 2.45013
-0.901893 2.48734
-0.53065 2.1487
-0.564054 2.1859
-0.597458 2.22311
-0.630862 2.26031
-0.664265 2.29752
-0.697669 2.33472
-0.731073 2.37192
-0.764477 2.40913
-0.797881 2.44633
-0.831285 2.48354
-0.493445 2.1821
-0.526849 2.21931
-0.560253 2.25651
-0.593657 2.29371
-0.627061 2.33092
-0.660465 2.36812
-0.693869 2.40533
-0.727272 2.44253
-0.760676 2.47974
-0.489645 2.25271
-0.523049 2.28991
-0.556452 2.32712
-0.589856 2.36432
-0.62326 2.40153
-0.656664 2.43873
-0.690068 2.47594
-0.723472 2.51314
-0.456241 2.2155
-0.586055 2.43493
-0.619459 2.47214
-0.652863 2.50934
-0.686267 2.54655
table: -1.2437 0.605444 -1 0.640552 82
-1.40236 0.425294
-1.43577 0.462499
-1.46917 0.499703
-1.29835 0.384289
-1.33175 0.421493
-1.36516 0.458698
-1.39856 0.495902
-1.43197 0.533107
-1.46537 0.570312
-1.26115 0.417692
-1.29455 0.454897
-1.32795 0.492102
-1.36136 0.529306
-1.39476 0.566511
-1.42816 0.603716
-1.49877 0.607516
-1.22774 0.380488
-1.46157 0.64092
-1.19054 0.413892
-1.22394 0.451096
-1.25734 0.488301
-1.29075 0.525506
-1.32415 0.56271
-1.35756 0.599915
-1.39096 0.637119
-1.42436 0.674324
-1.45777 0.711529
-1.15713 0.376687
-1.11993 0.410091
-1.15333 0.447295
-1.18674 0.4845
-1.22014 0.521705
-1.25354 0.558909
-1.28695 0.596114
-1.32035 0.633319
-1.35376 0.670523
-1.38716 0.707728
-1.42056 0.744932
-1.08272 0.443495
-1.11613 0.480699
-1.14953 0.517904
-1.18294 0.555109
-1.21634 0.592313
-1.24974 0.629518
-1.28315 0.666722
-1.31655 0.703927
-1.34995 0.741132
-1.38336 0.778336
-1.04552 0.476898
-1.07892 0.514103
-1.11233 0.551308
-1.14573 0.588512
-1.17913 0.625717
-1.21254 0.662922
-1.24594 0.700126
-1.27935 0.737331
-1.31275 0.774535
-1.34615 0.81174
-1.04172 0.547507
-1.07512 0.584712
-1.10853 0.621916
-1.14193 0.659121
-1.17533 0.696326
-1.20874 0.73353
-1.24214 0.770735
-1.27555 0.807939
-1.30895 0.845144
-1.00451 0.580911
-1.03792 0.618116
-1.07132 0.65532
-1.10473 0.692525
-1.13813 0.729729
-1.17153 0.766934
-1.20494 0.804139
-1.23834 0.841343
-1.00071 0.651519
-1.03412 0.688724
-1.06752 0.725929
-1.10092 0.763133
-1.13433 0.800338
-1.16773 0.837542
-1.00831 0.510302
