OR: -0.119027 1.98738 0.667786 8.502e-38 16
-0.269027 1.83738
-0.269027 1.93738
-0.269027 2.03738
-0.269027 2.13738
-0.169027 1.83738
-0.169027 1.93738
-0.169027 2.03738
-0.169027 2.13738
-0.0690271 1.83738
-0.0690271 1.93738
-0.0690271 2.03738
-0.0690271 2.13738
0.0309729 1.83738
0.0309729 1.93738
0.0309729 2.03738
0.0309729 2.13738
CR: 3.41806 2.17338 5.76729 0.5 16
3.26806 2.02338
3.26806 2.12338
3.26806 2.22338
3.26806 2.32338
3.36806 2.02338
3.36806 2.12338
3.36806 2.22338
3.36806 2.32338
3.46806 2.02338
3.46806 2.12338
3.46806 2.22338
3.46806 2.32338
3.56806 2.02338
3.56806 2.12338
3.56806 2.22338
3.56806 2.32338
meetingroom: 0.566326 6.78776 1.5708 1 98
-1.7 4.4
-1.7 4.5
-1.7 4.6
-1.7 4.7
-1.7 4.8
-1.7 4.9
-1.7 5
-1.7 5.1
-1.7 5.2
-1.7 5.3
-1.7 5.4
-1.7 5.5
-1.7 5.6
-1.7 5.7
-1.7 5.8
-1.7 5.9
-1.7 6
-1.7 6.1
-1.7 6.2
-1.7 6.3
-1.7 6.4
-1.7 6.5
-1.7 6.6
-1.7 6.7
-1.7 6.8
-1.7 6.9
-1.7 7
-0.2 7.3
-0.2 7.4
-0.2 7.5
-0.2 7.6
-0.2 7.7
-0.1 7.3
1.1 9.9
1.2 9.9
1.3 9.9
1.4 9.9
1.5 9.9
1.6 4
1.6 4.1
1.6 4.2
1.6 4.3
1.6 4.4
1.6 4.5
1.6 4.6
1.6 4.7
1.6 4.8
1.6 4.9
1.6 5
1.6 5.1
1.6 5.2
1.6 5.3
1.6 5.4
1.6 5.5
1.6 5.6
1.6 5.7
1.6 5.8
1.6 5.9
1.6 6
1.6 6.1
1.6 6.2
1.6 6.3
1.6 6.4
1.6 6.5
1.6 6.6
1.6 6.7
1.6 6.8
1.6 6.9
1.6 7
1.6 7.1
1.6 7.2
1.6 7.3
1.6 7.4
1.6 7.5
1.6 7.6
1.6 7.7
1.6 7.8
1.6 7.9
1.6 8
1.6 8.1
1.6 8.2
1.6 8.3
1.6 8.4
1.6 8.5
1.6 8.6
1.6 8.7
1.6 8.8
1.6 8.9
1.6 9
1.6 9.1
1.6 9.2
1.6 9.3
1.6 9.4
1.6 9.5
1.6 9.6
1.6 9.7
1.6 9.8
1.6 9.9
officeroom: 3.35496 7.01298 1.5708 1 131
1.9 5.1
1.9 5.2
1.9 5.3
1.9 5.5
1.9 5.6
1.9 5.7
1.9 5.8
1.9 5.9
1.9 6
1.9 6.1
1.9 6.2
1.9 6.3
1.9 6.4
1.9 6.5
1.9 6.6
1.9 6.7
1.9 6.8
1.9 6.9
1.9 7
1.9 7.1
1.9 7.2
1.9 7.3
1.9 7.4
1.9 7.5
1.9 7.6
1.9 7.7
1.9 7.8
1.9 7.9
1.9 8
1.9 8.1
1.9 8.2
2 5.5
2 7.4
2 7.5
2 7.6
2 7.7
2 7.8
2 7.9
2 8
2 8.1
2 8.2
2 8.3
2.1 5.5
2.1 8.2
2.2 8.2
2.3 8.2
2.4 8.2
2.5 8.2
2.6 8.2
2.7 8.2
2.8 8.2
2.9 8.2
3 8.2
3.1 5.6
3.1 8.2
3.2 5.6
3.2 8.2
3.3 5.6
3.3 8.2
3.4 5.6
3.4 8.2
3.5 5.6
3.5 8.2
3.6 5.6
3.6 8.2
3.7 5.6
3.7 8.2
3.8 5.6
3.8 8.2
3.9 5.5
3.9 5.6
3.9 8.2
4 5.5
4 5.6
4 8.1
4 8.2
4.1 5.5
4.1 5.6
4.1 8.1
4.1 8.2
4.2 5.5
4.2 5.6
4.2 8.1
4.2 8.2
4.3 5.5
4.3 5.6
4.3 8.2
4.4 5.5
4.4 5.6
4.4 8.1
4.4 8.2
4.5 5.5
4.5 5.6
4.5 8.1
4.5 8.2
4.6 5.5
4.6 5.6
4.6 5.7
4.6 5.8
4.6 5.9
4.6 6
4.6 6.1
4.6 6.2
4.6 6.3
4.6 6.4
4.6 6.5
4.6 6.6
4.6 6.7
4.6 6.8
4.6 6.9
4.6 7
4.6 7.1
4.6 7.2
4.6 7.3
4.6 7.4
4.6 7.5
4.6 7.6
4.6 7.7
4.6 7.8
4.6 7.9
4.6 8
4.6 8.1
4.6 8.2
4.7 7.4
4.7 7.5
4.7 7.6
4.7 7.7
4.7 7.8
4.7 7.9
4.7 8
4.7 8.1
livingroom: -0.129687 0.907812 -1.5708 1 128
-1.8 0.1
-1.8 0.2
-1.8 0.3
-1.8 0.4
-1.8 0.5
-1.8 0.6
-1.8 0.7
-1.8 0.8
-1.8 0.9
-1.8 1
-1.8 1.1
-1.8 1.2
-1.8 1.3
-1.8 1.4
-1.8 1.5
-1.8 1.6
-1.8 1.7
-1.8 1.8
-1.8 1.9
-1.7 0.1
-1.7 0.2
-1.7 0.3
-1.7 0.4
-1.7 0.5
-1.7 0.6
-1.7 0.7
-1.7 0.8
-1.7 0.9
-1.7 1
-1.7 1.1
-1.7 1.2
-1.7 1.3
-1.7 1.4
-1.7 1.5
-1.7 1.6
-1.7 1.7
-1.7 1.8
-1.7 1.9
-1.7 2
-1.7 2.1
-1.7 2.2
-1.7 2.3
-1.7 2.4
-1.7 2.5
-1.7 2.6
-1.7 2.7
-1.7 2.8
-1.7 2.9
-1.7 3
-1.7 3.1
-1.6 0.1
-1.5 0.1
-1.4 0.1
-1.3 0.1
-1.2 0.1
-1.1 0.1
-1 0.1
-0.9 0.1
-0.8 0.1
-0.7 0.1
-0.6 0.1
-0.5 0.1
-0.4 0.1
-0.3 0.1
-0.2 0.1
-0.1 0.1
0 0.1
0.1 0.1
0.2 0.1
0.3 0.1
0.4 0.1
0.5 0.1
0.6 0.1
0.7 0.1
0.8 0.1
0.9 0
0.9 0.1
1 0
1 0.1
1.1 0
1.1 0.1
1.2 0
1.2 0.1
1.3 0
1.3 0.1
1.4 0
1.4 0.1
1.5 0
1.5 0.1
1.6 0
1.6 0.1
1.6 0.2
1.6 0.3
1.6 0.4
1.6 0.5
1.6 0.6
1.6 0.7
1.6 0.8
1.6 0.9
1.6 1
1.6 1.1
1.6 1.2
1.6 1.3
1.6 1.4
1.6 1.5
1.6 1.6
1.6 1.7
1.6 1.8
1.6 1.9
1.6 2
1.6 2.1
1.6 2.2
1.6 2.3
1.6 2.4
1.6 2.5
1.6 2.6
1.6 2.7
1.7 0.1
1.7 0.2
1.7 0.3
1.7 0.4
1.7 0.5
1.7 0.6
1.7 0.7
1.7 0.8
1.7 0.9
1.7 1
1.7 1.1
bedroom: 3.25427 1.36899 -1.5708 1 129
1.8 0.2
1.8 0.3
1.8 0.4
1.8 0.5
1.8 0.6
1.8 0.7
1.8 0.8
1.8 0.9
1.8 1
1.9 0
1.9 0.1
1.9 0.2
1.9 0.3
1.9 0.4
1.9 0.5
1.9 0.6
1.9 0.7
1.9 0.8
1.9 0.9
1.9 1
1.9 1.1
1.9 1.2
1.9 1.3
1.9 1.4
1.9 1.5
1.9 1.6
1.9 1.7
1.9 1.8
1.9 1.9
1.9 2
1.9 2.1
1.9 2.2
1.9 2.3
1.9 2.4
1.9 2.5
1.9 2.6
1.9 2.7
1.9 2.8
1.9 2.9
2 0
2 0.1
2 0.2
2 2.9
2.1 0
2.1 0.1
2.1 2.9
2.2 0
2.2 0.1
2.3 0
2.3 0.1
2.4 0.1
2.5 0.1
2.6 0.1
2.7 0.1
2.8 0.1
2.9 0.1
3 0.1
3 2.8
3.1 0.1
3.1 2.8
3.2 0.1
3.2 2.8
3.3 0.1
3.3 2.8
3.4 0.1
3.4 2.8
3.5 0.1
3.5 2.8
3.6 0.1
3.6 2.8
3.7 0.1
3.7 2.8
3.8 0.1
3.8 2.8
3.9 0.1
3.9 2.8
4 0.1
4 2.8
4.1 0.1
4.1 2.8
4.1 2.9
4.2 0.1
4.2 2.8
4.2 2.9
4.3 0.1
4.3 2.8
4.3 2.9
4.4 0.1
4.4 2.8
4.4 2.9
4.5 0.1
4.5 2.6
4.5 2.7
4.5 2.8
4.5 2.9
4.6 0.1
4.6 0.2
4.6 0.3
4.6 0.4
4.6 0.5
4.6 0.6
4.6 0.7
4.6 0.8
4.6 0.9
4.6 1
4.6 1.1
4.6 1.2
4.6 1.3
4.6 1.4
4.6 1.5
4.6 1.6
4.6 1.7
4.6 1.8
4.6 1.9
4.6 2
4.6 2.1
4.6 2.2
4.6 2.3
4.6 2.4
4.6 2.5
4.6 2.6
4.6 2.7
4.6 2.8
4.6 2.9
4.7 0.4
4.7 2.5
4.7 2.6
4.7 2.7
4.7 2.8
bed: 3.5 0.75 3.1416 1 273
4.5 1.35
4.5 1.25
4.5 1.15
4.5 1.05
4.5 0.95
4.5 0.85
4.5 0.75
4.5 0.65
4.5 0.55
4.5 0.45
4.5 0.35
4.5 0.25
4.5 0.15
4.4 1.35
4.4 1.25
4.4 1.15
4.4 1.05
4.4 0.95
4.4 0.85
4.4 0.75
4.4 0.65
4.4 0.55
4.4 0.45
4.4 0.35
4.4 0.25
4.4 0.15
4.3 1.35
4.3 1.25
4.3 1.15
4.3 1.05
4.3 0.95
4.3 0.85
4.3 0.75
4.3 0.65
4.3 0.55
4.3 0.45
4.3 0.35
4.3 0.25
4.3 0.15
4.2 1.35
4.2 1.25
4.2 1.15
4.2 1.05
4.2 0.95
4.2 0.85
4.2 0.75
4.2 0.65
4.2 0.55
4.2 0.45
4.2 0.35
4.2 0.25
4.2 0.15
4.1 1.35
4.1 1.25
4.1 1.15
4.1 1.05
4.1 0.95
4.1 0.85
4.1 0.75
4.1 0.65
4.1 0.55
4.1 0.45
4.1 0.35
4.1 0.25
4.1 0.15
4 1.35
4 1.25
4 1.15
4 1.05
4 0.95
4 0.85
4 0.75
4 0.65
4 0.55
4 0.45
4 0.35
4 0.25
4 0.15
3.9 1.35
3.9 1.25
3.9 1.15
3.9 1.05
3.9 0.95
3.9 0.85
3.9 0.75
3.9 0.65
3.9 0.55
3.9 0.45
3.9 0.35
3.9 0.25
3.9 0.15
3.8 1.35
3.8 1.25
3.8 1.15
3.8 1.05
3.8 0.95
3.8 0.85
3.8 0.75
3.8 0.65
3.8 0.55
3.8 0.45
3.8 0.35
3.8 0.25
3.8 0.15
3.7 1.35
3.7 1.25
3.7 1.15
3.7 1.05
3.7 0.95
3.7 0.85
3.7 0.75
3.7 0.65
3.7 0.55
3.7 0.45
3.7 0.35
3.7 0.25
3.7 0.15
3.6 1.35
3.6 1.25
3.6 1.15
3.6 1.05
3.6 0.95
3.6 0.85
3.6 0.75
3.6 0.65
3.6 0.55
3.6 0.45
3.6 0.35
3.6 0.25
3.6 0.15
3.5 1.35
3.5 1.25
3.5 1.15
3.5 1.05
3.5 0.95
3.5 0.85
3.5 0.75
3.5 0.65
3.5 0.55
3.5 0.45
3.5 0.35
3.5 0.25
3.5 0.15
3.4 1.35
3.4 1.25
3.4 1.15
3.4 1.05
3.4 0.95
3.4 0.85
3.4 0.75
3.4 0.65
3.4 0.55
3.4 0.45
3.4 0.35
3.4 0.25
3.4 0.15
3.3 1.35
3.3 1.25
3.3 1.15
3.3 1.05
3.3 0.95
3.3 0.85
3.3 0.75
3.3 0.65
3.3 0.55
3.3 0.45
3.3 0.35
3.3 0.25
3.3 0.15
3.2 1.35
3.2 1.25
3.2 1.15
3.2 1.05
3.2 0.95
3.2 0.85
3.2 0.75
3.2 0.65
3.2 0.55
3.2 0.45
3.2 0.35
3.2 0.25
3.2 0.15
3.1 1.35
3.1 1.25
3.1 1.15
3.1 1.05
3.1 0.95
3.1 0.85
3.1 0.75
3.1 0.65
3.1 0.55
3.1 0.45
3.1 0.35
3.1 0.25
3.1 0.15
3 1.35
3 1.25
3 1.15
3 1.05
3 0.95
3 0.85
3 0.75
3 0.65
3 0.55
3 0.45
3 0.35
3 0.25
3 0.15
2.9 1.35
2.9 1.25
2.9 1.15
2.9 1.05
2.9 0.95
2.9 0.85
2.9 0.75
2.9 0.65
2.9 0.55
2.9 0.45
2.9 0.35
2.9 0.25
2.9 0.15
2.8 1.35
2.8 1.25
2.8 1.15
2.8 1.05
2.8 0.95
2.8 0.85
2.8 0.75
2.8 0.65
2.8 0.55
2.8 0.45
2.8 0.35
2.8 0.25
2.8 0.15
2.7 1.35
2.7 1.25
2.7 1.15
2.7 1.05
2.7 0.95
2.7 0.85
2.7 0.75
2.7 0.65
2.7 0.55
2.7 0.45
2.7 0.35
2.7 0.25
2.7 0.15
2.6 1.35
2.6 1.25
2.6 1.15
2.6 1.05
2.6 0.95
2.6 0.85
2.6 0.75
2.6 0.65
2.6 0.55
2.6 0.45
2.6 0.35
2.6 0.25
2.6 0.15
2.5 1.35
2.5 1.25
2.5 1.15
2.5 1.05
2.5 0.95
2.5 0.85
2.5 0.75
2.5 0.65
2.5 0.55
2.5 0.45
2.5 0.35
2.5 0.25
2.5 0.15
room: 3.25427 1.36899 -1.5708 1 129
1.8 0.2
1.8 0.3
1.8 0.4
1.8 0.5
1.8 0.6
1.8 0.7
1.8 0.8
1.8 0.9
1.8 1
1.9 0
1.9 0.1
1.9 0.2
1.9 0.3
1.9 0.4
1.9 0.5
1.9 0.6
1.9 0.7
1.9 0.8
1.9 0.9
1.9 1
1.9 1.1
1.9 1.2
1.9 1.3
1.9 1.4
1.9 1.5
1.9 1.6
1.9 1.7
1.9 1.8
1.9 1.9
1.9 2
1.9 2.1
1.9 2.2
1.9 2.3
1.9 2.4
1.9 2.5
1.9 2.6
1.9 2.7
1.9 2.8
1.9 2.9
2 0
2 0.1
2 0.2
2 2.9
2.1 0
2.1 0.1
2.1 2.9
2.2 0
2.2 0.1
2.3 0
2.3 0.1
2.4 0.1
2.5 0.1
2.6 0.1
2.7 0.1
2.8 0.1
2.9 0.1
3 0.1
3 2.8
3.1 0.1
3.1 2.8
3.2 0.1
3.2 2.8
3.3 0.1
3.3 2.8
3.4 0.1
3.4 2.8
3.5 0.1
3.5 2.8
3.6 0.1
3.6 2.8
3.7 0.1
3.7 2.8
3.8 0.1
3.8 2.8
3.9 0.1
3.9 2.8
4 0.1
4 2.8
4.1 0.1
4.1 2.8
4.1 2.9
4.2 0.1
4.2 2.8
4.2 2.9
4.3 0.1
4.3 2.8
4.3 2.9
4.4 0.1
4.4 2.8
4.4 2.9
4.5 0.1
4.5 2.6
4.5 2.7
4.5 2.8
4.5 2.9
4.6 0.1
4.6 0.2
4.6 0.3
4.6 0.4
4.6 0.5
4.6 0.6
4.6 0.7
4.6 0.8
4.6 0.9
4.6 1
4.6 1.1
4.6 1.2
4.6 1.3
4.6 1.4
4.6 1.5
4.6 1.6
4.6 1.7
4.6 1.8
4.6 1.9
4.6 2
4.6 2.1
4.6 2.2
4.6 2.3
4.6 2.4
4.6 2.5
4.6 2.6
4.6 2.7
4.6 2.8
4.6 2.9
4.7 0.4
4.7 2.5
4.7 2.6
4.7 2.7
4.7 2.8
chair: 1.08549 2.48331 4.09322 0.785498 253
1.47557 2.22616
1.44461 2.26542
1.40535 2.23446
1.36609 2.20349
1.37439 2.27372
1.41365 2.30468
1.45291 2.33564
1.47171 2.79624
1.43245 2.76527
1.40149 2.80453
1.38268 2.34394
1.36223 2.77357
1.39319 2.73431
1.46341 2.72602
1.42194 2.3749
1.37052 2.84379
1.4612 2.40587
1.42416 2.69505
1.40978 2.87475
1.39098 2.41416
1.35172 2.3832
1.43024 2.44513
1.35393 2.70335
1.45512 2.65579
1.33956 2.88305
1.3849 2.66409
1.33126 2.81283
1.46949 2.47609
1.3003 2.85209
1.36001 2.45342
1.41586 2.62483
1.43853 2.51535
1.39927 2.48438
1.44682 2.58557
1.40757 2.55461
1.26104 2.82112
1.3766 2.59386
1.36831 2.52364
1.29201 2.78186
1.26934 2.89134
1.23008 2.86038
1.32297 2.7426
1.19082 2.82942
1.34564 2.63312
1.22178 2.79016
1.25275 2.7509
1.15985 2.86867
1.19911 2.89964
1.1206 2.83771
1.15156 2.79845
1.18252 2.75919
1.28371 2.71164
1.08963 2.87697
1.21349 2.71993
1.05037 2.846
1.08134 2.80675
1.1123 2.76749
1.14327 2.72823
1.01941 2.88526
1.01112 2.81504
1.04208 2.77578
0.980151 2.8543
1.07304 2.73652
0.971857 2.78408
1.00282 2.74482
0.988446 2.92452
1.39706 2.16423
1.03378 2.70556
0.949187 2.89356
0.940893 2.82334
0.909929 2.86259
0.918223 2.93282
0.878965 2.90185
0.87067 2.83163
0.901634 2.79237
0.839706 2.87089
0.808742 2.91015
1.31467 2.67238
0.769483 2.87918
0.800447 2.83992
0.831411 2.80067
1.24445 2.68068
1.27542 2.64142
1.30638 2.60216
1.33734 2.5629
0.738519 2.91844
1.17423 2.68897
1.20519 2.64971
1.23616 2.61045
1.26712 2.5712
1.29809 2.53194
1.32905 2.49268
0.699261 2.88748
0.730225 2.84822
0.761189 2.80896
1.3578 2.13327
1.10401 2.69727
1.13497 2.65801
1.16593 2.61875
1.1969 2.57949
1.22786 2.54023
1.25883 2.50097
1.28979 2.46171
1.32075 2.42246
1.06475 2.6663
1.09571 2.62704
1.12668 2.58778
1.15764 2.54853
1.1886 2.50927
1.21957 2.47001
1.25053 2.43075
1.2815 2.39149
1.31246 2.35223
1.34342 2.31297
0.932598 2.75311
0.963562 2.71385
0.994526 2.6746
1.02549 2.63534
1.05645 2.59608
1.08742 2.55682
1.11838 2.51756
1.14935 2.4783
1.18031 2.43904
1.21127 2.39979
1.24224 2.36053
1.2732 2.32127
1.30417 2.28201
1.33513 2.24275
0.862375 2.76141
0.893339 2.72215
0.924303 2.68289
0.955267 2.64363
0.986231 2.60437
1.0172 2.56511
1.04816 2.52586
1.07912 2.4866
1.11009 2.44734
1.14105 2.40808
1.17202 2.36882
1.20298 2.32956
1.23394 2.29031
1.26491 2.25105
1.29587 2.21179
1.32684 2.17253
0.792153 2.7697
0.823117 2.73044
0.854081 2.69118
0.885045 2.65193
0.916009 2.61267
0.946973 2.57341
0.977937 2.53415
1.0089 2.49489
1.03986 2.45563
1.07083 2.41638
1.10179 2.37712
1.13276 2.33786
1.16372 2.2986
1.19468 2.25934
1.22565 2.22008
1.25661 2.18082
1.28758 2.14157
1.31854 2.10231
0.72193 2.778
0.752894 2.73874
0.783858 2.69948
0.814822 2.66022
0.845786 2.62096
0.87675 2.5817
0.907714 2.54245
0.938678 2.50319
0.969642 2.46393
1.00061 2.42467
1.03157 2.38541
1.06253 2.34615
1.0935 2.30689
1.12446 2.26764
1.15543 2.22838
1.18639 2.18912
1.21735 2.14986
1.24832 2.1106
0.806528 2.59
0.837492 2.55074
0.868456 2.51148
0.89942 2.47222
0.930384 2.43296
0.961348 2.39371
0.992312 2.35445
1.02328 2.31519
1.05424 2.27593
1.0852 2.23667
1.11617 2.19741
1.14713 2.15815
1.1781 2.1189
1.20906 2.07964
0.798233 2.51978
0.829197 2.48052
0.860161 2.44126
0.891125 2.402
0.922089 2.36274
0.953053 2.32348
0.984017 2.28422
1.01498 2.24497
1.04595 2.20571
1.07691 2.16645
1.10787 2.12719
1.13884 2.08793
0.789939 2.44955
0.820903 2.4103
0.851867 2.37104
0.882831 2.33178
0.913795 2.29252
0.944758 2.25326
0.975722 2.214
1.00669 2.17474
1.03765 2.13549
1.06861 2.09623
1.09958 2.05697
0.781644 2.37933
0.812608 2.34007
0.843572 2.30081
0.874536 2.26156
0.9055 2.2223
0.936464 2.18304
0.967428 2.14378
0.998392 2.10452
1.02936 2.06526
0.742386 2.34837
0.77335 2.30911
0.804313 2.26985
0.835277 2.23059
0.866241 2.19133
0.897205 2.15207
0.928169 2.11282
0.959133 2.07356
0.990097 2.0343
0.703127 2.3174
0.734091 2.27814
0.765055 2.23889
0.796019 2.19963
0.826983 2.16037
0.857947 2.12111
0.888911 2.08185
0.919875 2.04259
0.725796 2.20792
0.75676 2.16866
0.787724 2.12941
0.818688 2.09015
0.849652 2.05089
0.880616 2.01163
0.717502 2.1377
0.748466 2.09844
0.77943 2.05918
0.810394 2.01992
table: 0.388481 2.43044 -1 1 61
0.517343 2.55295
0.486379 2.59221
0.548307 2.5137
0.579271 2.47444
0.447121 2.56125
0.478085 2.52199
0.509049 2.48273
0.540013 2.44347
0.416157 2.60051
0.570977 2.40421
0.385193 2.63977
0.376898 2.56954
0.407862 2.53028
0.438826 2.49103
0.46979 2.45177
0.500754 2.41251
0.531718 2.37325
0.345934 2.6088
0.562682 2.33399
0.31497 2.64806
0.275712 2.6171
0.306676 2.57784
0.33764 2.53858
0.368604 2.49932
0.399568 2.46006
0.430532 2.4208
0.461496 2.38155
0.49246 2.34229
0.523423 2.30303
0.236453 2.58613
0.267417 2.54687
0.298381 2.50762
0.329345 2.46836
0.360309 2.4291
0.391273 2.38984
0.422237 2.35058
0.453201 2.31132
0.484165 2.27206
0.515129 2.23281
0.413942 2.28036
0.382978 2.31962
0.34372 2.28865
0.374684 2.24939
0.197195 2.55517
0.228159 2.51591
0.259123 2.47665
0.290087 2.43739
0.321051 2.39813
0.352015 2.35888
0.444906 2.2411
0.47587 2.20184
0.312756 2.32791
0.273497 2.29695
0.304461 2.25769
0.157936 2.5242
0.1889 2.48495
0.219864 2.44569
0.250828 2.40643
0.281792 2.36717
0.405648 2.21014
0.436612 2.17088
table: 3.83737 1.8616 -1 1 83
3.79423 1.73028
3.75071 1.7549
3.81885 1.7738
3.76961 1.68676
3.72609 1.71138
4.06678 1.80589
4.04216 1.76237
4.01754 1.71885
3.99293 1.67533
4.09139 1.84941
4.04787 1.87403
4.02326 1.83051
3.99864 1.78699
3.97402 1.74347
3.94941 1.69995
3.92479 1.65643
4.07249 1.91755
3.77533 1.79842
4.02897 1.94217
4.00435 1.89865
3.97974 1.85513
3.95512 1.81161
3.9305 1.76809
3.90589 1.72457
3.88127 1.68105
4.05359 1.98569
3.85665 1.63753
3.98545 1.96679
3.96083 1.92326
3.93622 1.87974
3.9116 1.83622
3.88698 1.7927
3.86237 1.74918
3.83775 1.70566
4.01007 2.01031
3.81313 1.66214
3.78852 1.61862
3.96655 2.03492
3.94193 1.9914
3.91731 1.94788
3.8927 1.90436
3.86808 1.86084
3.84346 1.81732
3.745 1.64324
3.92303 2.05954
3.89841 2.01602
3.87379 1.9725
3.84918 1.92898
3.82456 1.88546
3.79994 1.84194
3.70148 1.66786
3.87951 2.08416
3.85489 2.04064
3.83027 1.99711
3.80566 1.95359
3.78104 1.91007
3.75642 1.86655
3.73181 1.82303
3.70719 1.77951
3.68257 1.73599
3.65796 1.69247
3.81137 2.06525
3.78675 2.02173
3.76214 1.97821
3.73752 1.93469
3.7129 1.89117
3.68829 1.84765
3.66367 1.80413
3.63905 1.76061
3.83599 2.10877
3.76785 2.08987
3.74323 2.04635
3.71862 2.00283
3.694 1.95931
3.66938 1.91579
3.64477 1.87227
3.62015 1.82875
3.59553 1.78523
3.69971 2.07096
3.6751 2.02744
3.65048 1.98392
3.62586 1.9404
3.60125 1.89688
