0.034662
0.034665
0.051138
0.10576
0.11043
0.052987
0.12102
0.061008
0.1425
0.030452
0.10322
0.027528
0.012759
0.081588
0.014486
0.13598
0.026951
0.013871
0.10593
0.010488
0.020368
0.03466
0.034657
0
0
0
0
0
0
0
0
0
0
0
0
0
0
0
0
0
0
0
0
0
0
0.061499
0.026992
0.20831
0.089793
0.015219
0.068067
0.063621
0.11061
0.038618
0.29611
0.056588
0.068903
0.10554
0.012005
0.04217
0.011944
0.047909
0.011827
0.048025
0.011811
0.055004
0.05545
0.14091
0.019158
0.08349
0.032603
0.047988
0.085362
0.031392
0.023655
0.039815
0.0090252
0.10445
0.007528
0.20621
0.22232
0
0
0
0
0
0
0
0
0
0
0
0
0
0
0
0
0
0
0
0
0
0
0
0
0.02717
0.019554
0.060114
0.17716
0.041011
0.15624
0.17198
0.19611
0.10029
0.14714
0.073038
0.039949
0.027227
0.034453
0.016864
0.0022356
0.0016544
0.0019599
0.002136
0.075143
0.11686
0.055733
0.034811
0.12886
0.13753
0.14248
0.14915
0.0081456
0.054569
0.034875
0.16647
0.0058662
0.089361
0.18737
0.14005
0.18568
0.090744
0.18653
0.014299
0.072523
0.023986
0.072671
0.046264
0.082764
0.050844
0.10986
0.062828
0.13111
0.10216
0.12012
0.12144
0.17436
0.015252
0.0053236
0.085568
0.08529
0.042167
0.06185
0.056019
0.14267
0.18602
0.1363
0.13489
0.20039
0.19611
0.19611
0.19073
0.19599
0.16896
0.19643
0.19592
0.1955
0.19547
0.1939
0.19546
0.13381
0.19595
0.19603
0.19598
0.19636
0.19605
0.19331
0.19561
0.14836
0.14325
0.17818
0.15796
0.21793
0.30623
0.10748
0.10709
0.13358
0.13847
0.13575
0.13509
0.15956
0.16334
0.15117
0.17466
0.17648
0.18967
0.15745
0.14399
0.17451
0.17585
0.16809
0.14187
0.15669
0.16254
